"title","author","journal","year","vol","page","place"
"如何走上民主建設之路","莊智煥 芝","观察","1946","第1卷 第6期","2-5","上海"
"尾頁：負生偶記（三）","观察","1946","第1卷 第6期","22",NA,"上海"
"尾頁：復旦的秋天","多魯","观察","1946","第1卷 第6期","22","上海"
"尾頁：洋顧問","一行","观察","1946","第1卷 第6期","22","上海"
"我從泰興來","朱東潤","观察","1946","第1卷 第6期","6-8","上海"
"文學·藝術·戯劇·音樂：戲劇與觀衆","陳瘦竹","观察","1946","第1卷 第10期","20-21","上海"
"尾頁：憤世之作","靑雲","观察","1946","第1卷 第10期","22","上海"
"尾頁：黷武的心理","旁聽","观察","1946","第1卷 第10期","22","上海"
"尾頁：負生偶記（七）","观察","1946","第1卷 第10期","22",NA,"上海"
"尾頁：南京：南京在世界上是一個特殊的城市……","观察","1946","第1卷 第10期","22",NA,"上海"
"尾頁：胡馬談片（南京通信）","观察","1946","第1卷 第10期","22",NA,"上海"
"書評出版：英國司法制度（英國賈克遜(Jackson)著）","李浩培","观察","1946","第1卷 第5期","21","上海"
"尾頁：青城遊","炎","观察","1946","第1卷 第5期","22","上海"
"給英國老約翰","蕭乾","观察","1946","第1卷 第9期","11-12","上海"
"觀察通信版：一篇真實的災區報告：穀倉邊緣的饑饉：湘江河畔，垃圾堆裏雜陳餓俘屍骸……","观察","1946","第1卷 第9期","13-15",NA,"上海"
"浙江政情：（本刊特約杭州通信）去年九月初自日軍在富陽的宋殿簽字受降……","观察","1946","第1卷 第9期","16-17",NA,"上海"
"台灣鱗爪：（本刊台灣通信）雙十節前夕……","章英","观察","1946","第1卷 第9期","17-18","上海"
"文學·藝術·戲劇·音樂：孟德遜：最幸運的作曲家（附歌譜）","戴文賽","观察","1946","第1卷 第9期","19-21","上海"
"中國經濟往何處去？","戴世光 芝","观察","1946","第1卷 第10期","2-3","上海"
"觀察通信版：張垣之戦：歷史·理想·教訓：這是一次社會的思想的歷史的戰爭，在塞外高原南望中原烽火感慨萬端","观察","1946","第1卷 第10期","17",NA,"上海"
"觀察通信版：從朱紹良到谷正倫：朱氏主張：在安定中求進步，谷氏主張：從進步中求安定（附圖、照片）","观察","1946","第1卷 第10期","17-19",NA,"上海"
"再論知行","馮友蘭","观察","1946","第1卷 第6期","9","上海"
"中國之過去與將來（續完）：五、中國之將來","張東蓀","观察","1946","第1卷 第6期","10-13","上海"
"牛郎織女","戴文賽","观察","1946","第1卷 第6期","14-15","上海"
"觀察通信版：抗戰業已結束·時代轉入新頁，西南聯大·任務完成·化整爲零：民主傳統·宽容精神·北大清華南開合作九年……","观察","1946","第1卷 第6期","16-17",NA,"上海"
"尾頁：負生偶記（二）：二十五年居平購“熙朝雅頌集”……","观察","1946","第1卷 第5期","22",NA,"上海"
"尾頁：漫畫與標題","光","观察","1946","第1卷 第5期","22","上海"
"尾頁：作者·讀者·編者：茲有數事說明如左……","观察","1946","第1卷 第5期","22",NA,"上海"
"政治民主與經濟民主","吳世昌","观察","1946","第1卷 第5期","4-6","上海"
"中美英蘇之關係與世界和平","胡先驌","观察","1946","第1卷 第5期","6-8","上海"
"中國之過去與將來：四、衝突中的消長（下）","張東蓀","观察","1946","第1卷 第5期","8-11","上海"
"觀察通信版：從朱紹良到谷正倫：谷正倫素描：[畫圖]","观察","1946","第1卷 第10期","17",NA,"上海"
"觀察通信版：張治中獨鎮西陲：新疆在新生躍進之中：在鐵道未舖設到新疆之前，汽車的運輸能力仍嫌薄弱，今日之甘新公路上，拉拉車是這動脈中最活躍的血球，是過渡期間軍民運輸的主力：[照片二幅]","观察","1946","第1卷 第5期","17",NA,"上海"
"家庭關係·政治關係·民主政治","吳恩裕","观察","1946","第1卷 第4期","7-9","上海"
"中國之過去與將來（本節未完）","張東蓀","观察","1946","第1卷 第4期","9-11","上海"
"原子能研究的發展經過","戴文賽","观察","1946","第1卷 第4期","11-15","上海"
"煩惱的美國人的煩惱（紐約通信）","楊剛","观察","1946","第1卷 第4期","16-17","上海"
"觀察通信版：從個人到世界：矛盾引導着前進：中國是一匹倔強的騾子，且看誰拉得住這條繮繩","观察","1946","第1卷 第4期","18-19",NA,"上海"
"觀察通信版：重歸英國懷抱後的香港：僅僅一年，居民卽已回復到了戰前的數目……","观察","1946","第1卷 第4期","19-20",NA,"上海"
"文學·藝術·戲劇·音樂：“静的戲劇與動的戲劇”","陳瘦竹","观察","1946","第1卷 第4期","21-23","上海"
"動盪中的世界政治潮流","李俠文 芝","观察","1946","第1卷 第5期","2-4","上海"
"文學·藝術·戲劇·音樂：莎士比亞十四行：第十八首：我怎麽能把你比做夏天？……：[詩歌多首]","戴鎦齡","观察","1946","第1卷 第5期","20","上海"
"尾頁：負生偶記（十）","观察","1946","第1卷 第15期","22",NA,"上海"
"尾頁：北行記","谷遺","观察","1946","第1卷 第15期","22","上海"
"尾頁：本刋在蘭州","观察","1946","第1卷 第15期","22",NA,"上海"
"論省自治","陳柏心","观察","1946","第1卷 第15期","4-7","上海"
"性格及職業興趣的遺傳問題","錢蘋","观察","1946","第1卷 第15期","7-8","上海"
"派與匯（一）：作爲費孝通：“生育制度”一書的序","潘光旦","观察","1946","第1卷 第15期","8-10","上海"
"“黃埔主席”第一人梁華盛在吉林的作風：假如中國還不能進步到實行民選省主席，至少希望中央勿再任命軍人担任行政官","观察","1946","第1卷 第15期","15-16",NA,"上海"
"青海青·黃河黃，左公柳·馬公楊：青海之戀：（附圖、照片）","朱俊岐","观察","1946","第1卷 第15期","17-19，16","上海"
"中國的政局","儲安平","观察","1947","第2卷 第2期","2-7","上海"
"觀察漫畫：空中（轉載）(DETRPOT FREE PRESS)：[漫畫]","观察","1947","第3卷 第1期","14",NA,"上海"
"對于錢端升先生所擬“聯立之路”的意見","观察","1947","第2卷 第8期","13-14，21",NA,"上海"
"讀者投書：聯合政府","張世祿 芝","观察","1947","第2卷 第9期","1","上海"
"英國工黨政府對於民營事業的管理辦法","奇英","观察","1947","第2卷 第9期","12","上海"
"觀察漫畫：內戰……：[漫畫三幅]","观察","1947","第2卷 第9期","13，0",NA,"上海"
"觀察文摘：這個樣子的宋子文非走開不可（原作者：傅孟眞）","观察","1947","第2卷 第1期","24-25",NA,"上海"
"觀察文摘：宋子文的失敗（原作者：傅孟眞）","观察","1947","第2卷 第1期","25",NA,"上海"
"編輯後記：從這一卷起，假如每期有多餘的空白地位……","安平","观察","1947","第2卷 第1期","26","上海"
"讀者投書：新疆綏遠的省名","王執中","观察","1947","第2卷 第1期","1","上海"
"讀者投書：新疆譯名正誤","周東郊","观察","1947","第2卷 第1期","1","上海"
"讀者投書：互助會","观察","1947","第2卷 第1期","1",NA,"上海"
"讀者投書：抗幣與法幣的匯率","雋生","观察","1947","第2卷 第1期","1","上海"
"法蘭西第四共和國（巴黎通信）","观察","1947","第1卷 第23期","10-15",NA,"上海"
"經濟之改造（完）","胡先驌","观察","1947","第1卷 第23期","15-16","上海"
"視種煙爲利藪：劉支輝與西康煙匪之亂：宣傳剷煙、實在種煙、散發煙籽、徵收公煙。以槍換煙、煙民造亂、此人不去、何能剷煙","观察","1947","第1卷 第23期","17",NA,"上海"
"海南島的風·匪·人","观察","1947","第1卷 第23期","18-19",NA,"上海"
"南疆紀行","陳力","观察","1947","第1卷 第23期","19","上海"
"文學·藝術·戯劇·音樂：談玄詩","張道真","观察","1947","第1卷 第23期","20-21","上海"
"辛勤·忍耐·向前：本刊的誕生·半年來的本刊（附圖表）","儲安平 芝","观察","1947","第1卷 第24期","3-9","上海"
"文學·藝術·戯劇·音樂：人和文","(美)賽珍珠","观察","1947","第1卷 第24期","30-31","上海"
"和談一年","吳世昌","观察","1947","第1卷 第24期","10-12","上海"
"觀察漫畫：贊成的舉手：[漫畫]","方成","观察","1947","第3卷 第1期","14","上海"
"觀察漫畫：不要緊，牠現在很馴良、抗議！！！：[漫畫二幅]","方成","观察","1947","第3卷 第1期","14","上海"
"觀察漫畫：被釋以後：[漫畫]","李樺","观察","1947","第3卷 第1期","14","上海"
"觀察通信版：魏德邁在中國所瞭解的·所煩惱的·和可能建議的","观察","1947","第3卷 第1期","15-16",NA,"上海"
"觀察通信版：魏德邁在平津的一段","观察","1947","第3卷 第1期","16-17",NA,"上海"
"觀察通信版：記四大學北平區聯考漏題案","張漢清","观察","1947","第3卷 第1期","17-18","上海"
"論朗誦詩","朱自清","观察","1947","第3卷 第1期","19-20","上海"
"讀者投書：技術人員與內戰","彭克昔","观察","1947","第3卷 第1期","1","上海"
"書評：法國革命史（Albert Mathiez原著，楊人楩譯註）","王繩祖","观察","1947","第3卷 第1期","21-22","上海"
"讀者投書：政府限制大學生就業又一例","沈茂坊","观察","1947","第3卷 第1期","1","上海"
"讀者投書：反對恢復自費留學考試","李巖","观察","1947","第3卷 第1期","1","上海"
"讀者投書：以國家財富變爲一黨私產","章幸之","观察","1947","第3卷 第1期","1","上海"
"讀者投書：禁舞問題","嚴若傑","观察","1947","第3卷 第1期","1","上海"
"週末闢欄：論風度","張嘯虎","观察","1947","第2卷 第20期","18-19","上海"
"敎育莫忘羣育！讀書莫忘救國！","樊弘","观察","1947","第2卷 第20期","4-6","上海"
"我們向那條路走？","陳旭麓","观察","1947","第2卷 第21期","3-5","上海"
"論中國土地改革","施若霖","观察","1947","第2卷 第21期","6-9","上海"
"中國文化特徵之研究（上）","梁漱溟","观察","1947","第2卷 第5期","6-8","上海"
"觀察文摘：美國對華與中國自處（原作者：張東蓀）","观察","1947","第2卷 第6期","25-26",NA,"上海"
"讀者投書：外交部長的繼任人選","張大倫","观察","1947","第2卷 第6期","1","上海"
"“期待東方的文藝復興”：與陳衡哲先生論“需要重來一個‘人的發見’”","馮大麟","观察","1947","第2卷 第21期","9-12","上海"
"讀者投書：餞别戰犯","孫永澂 芝","观察","1947","第2卷 第22期","1","上海"
"好漢不吃眼前虧的捷克","何永佶","观察","1947","第2卷 第22期","5-6","上海"
"美國與德國（紐約通信）","楊剛","观察","1947","第3卷 第1期","8-12","上海"
"讀者投書：持論務須矜愼","观察","1947","第2卷 第16期","22",NA,"上海"
"讀者投書：朝陽學生的哭訴","观察","1947","第2卷 第16期","22-23",NA,"上海"
"讀者投書：預伏一着","孟紫明","观察","1947","第2卷 第16期","23","上海"
"讀者投書：所謂“責任內閣”","梁子奇 芝","观察","1947","第2卷 第17期","1","上海"
"觀察通信版：國民黨三中全會記","浦熙修","观察","1947","第2卷 第6期","15-16","上海"
"讀者投書：補充與更正","許君遠","观察","1947","第2卷 第9期","1","上海"
"讀者投書：關于“互助會”和“聯誼會”","观察","1947","第2卷 第9期","1",NA,"上海"
"論政府的改組","吳世昌","观察","1947","第2卷 第9期","2-5","上海"
"現代經濟思潮的趨勢","吳元黎","观察","1947","第2卷 第9期","5-7","上海"
"人文學科必須東山再起（下）","潘光旦","观察","1947","第2卷 第9期","8-10","上海"
"美國外交政策的鉅變（華盛頓通信）","观察","1947","第2卷 第9期","10-11",NA,"上海"
"一個歷史的敎訓","吳恩裕","观察","1947","第3卷 第17期","2-3","上海"
"論這次的大選","樓邦彥","观察","1947","第3卷 第17期","3-5","上海"
"論發展學術的計畫","陳序經","观察","1947","第3卷 第17期","5-7","上海"
"國共問題何以不能和平解决的追索","陳彥","观察","1947","第2卷 第24期","14-16","上海"
"觀察漫畫：共產黨！共產黨！（轉載NEW REPUBLIC）：[漫畫]","观察","1947","第3卷 第3期","18",NA,"上海"
"觀察漫畫：驛運：[木刻]","刃鋒","观察","1947","第3卷 第3期","18","上海"
"二二八事件後的台灣","观察","1947","第2卷 第6期","16-18",NA,"上海"
"新疆歸客談新疆：記廸化的“二·二五”事件","观察","1947","第2卷 第6期","18-19",NA,"上海"
"週末闢欄：人類的世界觀念","史立常","观察","1947","第2卷 第6期","20-21","上海"
"讀者投書：李璜是否官僚·且看此事下文","徐敬 芝","观察","1947","第2卷 第10期","1","上海"
"談“孔家店”：紀念五四運動二十八週年：“謝朝華於已披·啓夕秀於未振，”（陸機文賦）","周綬章","观察","1947","第2卷 第10期","6-9","上海"
"關于法蘭西第四共和國的新憲典","魏登臨","观察","1947","第2卷 第10期","9-11","上海"
"客座記言：五、平衡生活的一個方案：文化價值的評判","陳衡哲","观察","1947","第2卷 第10期","12-14","上海"
"觀察漫畫：又是需要我們的時候了：[漫畫二幅]","观察","1947","第2卷 第10期","15，0",NA,"上海"
"觀察漫畫：亞洲的暗影：[漫畫]","观察","1947","第2卷 第10期","15",NA,"上海"
"觀察通信版：五四前夕胡適專訪記：黑暗與光明的消長","观察","1947","第2卷 第10期","16-18",NA,"上海"
"“良心”問題","邢植華","观察","1947","第2卷 第11期","1","上海"
"讀者投書：四人語錄","萬守義","观察","1947","第2卷 第11期","1","上海"
"論官吏的民權","樓邦彦 芝","观察","1947","第1卷 第23期","2-4","上海"
"尾頁：哈密的瓜","陳啓泰","观察","1947","第1卷 第23期","22","上海"
"尾頁：關于校對","观察","1947","第1卷 第23期","22",NA,"上海"
"尾頁：告有志赴新疆者","陶天白","观察","1947","第1卷 第23期","22","上海"
"從國際法立場論美軍暴行之性質及外國軍隊之刑事管轄問題","周子亞","观察","1947","第1卷 第23期","4-7","上海"
"戰爭與和平","王慶源","观察","1947","第1卷 第23期","7-10","上海"
"讀者投書：中國非無“華萊士”","朱福建","观察","1947","第2卷 第12期","1","上海"
"讀者投書：請外交部解釋","朱詠沂","观察","1947","第2卷 第12期","1","上海"
"讀者投書：“邵元冲國葬”","莊茹斯","观察","1947","第2卷 第12期","1","上海"
"觀察漫畫：一批老班底：[漫畫]","观察","1947","第2卷 第11期","14，0",NA,"上海"
"觀察漫畫：慘酷的敎練：[漫畫]","观察","1947","第2卷 第11期","14",NA,"上海"
"觀察漫畫：治人者：[漫畫]","观察","1947","第2卷 第11期","14",NA,"上海"
"工作與娛樂","戴文賽","观察","1947","第1卷 第19期","14-16","上海"
"讀者投書：宋子文的好作風","張寗遠","观察","1947","第2卷 第2期","1","上海"
"論敎育政策","蕭公權","观察","1947","第2卷 第2期","11-13","上海"
"論台灣的動亂","吳世昌","观察","1947","第2卷 第4期","7-8","上海"
"西安的麵荒：鐵路不運煤、煤麵一齊漲，政府要管制、管制還是漲，征糧火急催、麵價格外漲，花樣雖然多、民食永遠漲","熙","观察","1947","第1卷 第24期","29，31","上海"
"讀者投書：致讀者：從第二卷一期起，我們騰出這一頁來刊載讀者投書……","芝","观察","1947","第2卷 第1期","1","上海"
"從政治·經濟·法理分析金潮之因果與處理","簡貫三","观察","1947","第2卷 第1期","9-12","上海"
"從黃金風潮論經濟對策","莊智煥","观察","1947","第2卷 第1期","12-15","上海"
"三百二十三位讀者意見的分析與解釋","安平","观察","1947","第2卷 第12期","20-22","上海"
"關于自由思想份子（通信）","陳衡哲","观察","1947","第2卷 第12期","22","上海"
"論黨的職業化","吳世昌","观察","1947","第2卷 第2期","8-10","上海"
"民族受辱案：紙包包不住火花全國一致怒吼，中央對示威遊行採不干涉政策，此案的前途結果大家不應放鬆","观察","1947","第1卷 第21期","14-15",NA,"上海"
"讀者投書：又愛又怕","鐘石磊","观察","1947","第2卷 第12期","1","上海"
"讀者投書：李璜問題","林之英","观察","1947","第2卷 第12期","1","上海"
"讀者投書：“北方的觀察”","曾乾","观察","1947","第2卷 第12期","1","上海"
"讀者投書：五四來信一：編者先生：今天五四運動二十八週年紀念……","于鶴年","观察","1947","第2卷 第12期","1，19","上海"
"讀者投書：請參政員領導全國和平運動","洪潮","观察","1947","第2卷 第13期","1","上海"
"論公務員的罷工問題：法律與政治的界限","樓邦彥","观察","1947","第2卷 第13期","4-5","上海"
"德國問題與歐洲和平（巴黎通信）","錢能欣","观察","1947","第2卷 第13期","5-8","上海"
"與梁潄溟先生論“國土太大”及其利弊","沙學浚","观察","1947","第2卷 第13期","9-10","上海"
"在記錄與起碼之間流動着：美國人性格之二","費孝通","观察","1947","第2卷 第13期","11-12","上海"
"黎明的先聲：[漫畫多幅]","方__","观察","1947","第2卷 第13期","13","上海"
"抗議美軍暴行：北平學生示威記：北大首先怒吼，清華燕京加入；全國學生響應，振奮已死人心","观察","1947","第1卷 第21期","15-16",NA,"上海"
"國防前線之阿拉善旗","观察","1947","第1卷 第21期","17-18",NA,"上海"
"文學·藝術·戯劇·音樂：談譒譯","季羡林","观察","1947","第1卷 第21期","19-20","上海"
"內蒙自治問題：駁盟等於省旗等於縣說","傅斯年 芝","观察","1947","第1卷 第22期","2-4","上海"
"讀者投書：投書簡約：一、讀者投書務請附註眞實姓名及地址……","芝","观察","1947","第3卷 第2期","1","上海"
"從美國看中國（太平洋通信）","張義昌","观察","1947","第1卷 第22期","13-16","上海"
"拱衞甘寧新的馬鬃山：曾經是新綏交通的要站，蒙民的流亡所，哈薩克在這裏搶掠過，現在却成了拱衛甘、寗、新的重要據點","观察","1947","第1卷 第22期","19",NA,"上海"
"文學·藝術·戯劇·音樂：莎翁戲劇的歷史背景","李慕白","观察","1947","第1卷 第22期","20-21","上海"
"觀察通信版：麥斯武德長新後的新疆局面","观察","1947","第2卷 第17期","17-18",NA,"上海"
"觀察通信版：北方學運的源源本本","王水","观察","1947","第2卷 第17期","18-19，23","上海"
"週末闢欄：獄中生活簡記（五·完）","張東蓀","观察","1947","第2卷 第17期","20-21","上海"
"觀察通信版：零下三十度的人心","观察","1947","第2卷 第1期","16-18",NA,"上海"
"讀者投書：扭扭揑揑","劉聖培 芝","观察","1947","第2卷 第3期","1","上海"
"客座記言：三、“主敬”是迂拙嗎？","陳衡哲","观察","1947","第2卷 第3期","12-13","上海"
"觀察漫畫（續）：[漫畫多幅]","观察","1947","第2卷 第3期","14",NA,"上海"
"觀察通信版：記羅隆基招待會","辛耶","观察","1947","第3卷 第8期","19-18","上海"
"論經濟與政治：對於目前幾種經濟急救方案的一點批評之一","陳振漢","观察","1947","第3卷 第2期","2-3","上海"
"讀者投書：本刊暫時不收讀者捐欵","芝","观察","1947","第3卷 第11期","1","上海"
"觀察文摘：論存儲反應（原作者：吳世昌）","观察","1947","第3卷 第11期","18-19",NA,"上海"
"讀者投書：如此今朝","張葉","观察","1947","第3卷 第12期","1","上海"
"讀者投書：支持","鍾誠","观察","1947","第3卷 第12期","13","上海"
"當前幾種經濟急救方案效的估計：對於目前幾種經濟急救方案的一點批評之二","陳振漢","观察","1947","第3卷 第2期","3-5","上海"
"論立法院與條約權","王鐵崖","观察","1947","第3卷 第2期","5-7","上海"
"我對大學一年級國文的意見","徐述綸","观察","1947","第3卷 第2期","7-8","上海"
"論紳士：“從社會結構看中國”之一","費孝通","观察","1947","第3卷 第2期","8-11","上海"
"觀察漫畫：再生：[漫畫]","方成","观察","1947","第3卷 第2期","12","上海"
"觀察漫畫：又一張！：[漫畫]","方成","观察","1947","第3卷 第2期","12","上海"
"觀察通信版：“在陰謀與魔術導演下看新疆的前途”","观察","1947","第2卷 第17期","14-16",NA,"上海"
"尾頁：回鄉","吳顯齊","观察","1947","第1卷 第22期","22","上海"
"南京的新歲：政治氛圍雨雪霏霏：學生遊行未出亂子，慶憲提燈憲警衝突。黨費停支團費照付，募捐養黨游刃有餘。馬帥歇爾乘風歸去，京滬道上風塵僕僕。軍人調動傳說紛紛，對共態度漸趨容忍","观察","1947","第1卷 第22期","17-18",NA,"上海"
"觀察漫畫：賣不賣？……：[漫畫二幅]","观察","1947","第3卷 第6期","15",NA,"上海"
"觀察通信版：八方風雨會中州","观察","1947","第3卷 第12期","14-15",NA,"上海"
"觀察通信版：揭開豫西的內幕","野軍","观察","1947","第3卷 第12期","16-15","上海"
"觀察通信版：千迴萬轉中“新政府”揭幕前後的透視","浦熙修","观察","1947","第2卷 第9期","14-15","上海"
"讀者投書：去蔽","蔡澤安","观察","1947","第2卷 第13期","1","上海"
"張羣院長的曲解","樓邦彥","观察","1947","第2卷 第15期","3-5","上海"
"讀者投書：誰在擴大學潮？","呂辰輝","观察","1947","第2卷 第15期","1","上海"
"觀察通信版：春風中的風波","观察","1947","第2卷 第15期","17-19",NA,"上海"
"觀察通信版：從廸化暴動看新疆前途：三二五又告表示中央治新的决心與方向，治新的成敗關鍵仍在人選·技術·作風","观察","1947","第2卷 第9期","15-16，22",NA,"上海"
"週末闢欄：施用悶藥前後的心理與感覺","儲安平","观察","1947","第2卷 第9期","17-19","上海"
"滇謠小記","李廣田","观察","1947","第2卷 第9期","20-19","上海"
"觀察文摘：中間派在政治上的地位和作用","施復亮","观察","1947","第2卷 第9期","21-22","上海"
"讀者投書：“中國政局論戰”","胡鳳九","观察","1947","第2卷 第9期","1","上海"
"讀者投書：民社黨内爭中之“馬歇爾”","劉任民","观察","1947","第2卷 第9期","1","上海"
"讀者投書：左鞭右打","梁子奇 王愼甫 芝","观察","1947","第3卷 第18期","1","上海"
"魏德邁回國後，美國將如何的對中國？","許德珩","观察","1947","第3卷 第1期","2-4","上海"
"動員·戡亂·行憲","樓邦彥","观察","1947","第3卷 第1期","5-6","上海"
"論中紡讓給民營的方法","李燭塵","观察","1947","第3卷 第1期","6-8","上海"
"尾頁：負生偶記（十五）","观察","1947","第1卷 第22期","22",NA,"上海"
"尾頁：送窮","吳缶","观察","1947","第1卷 第22期","22","上海"
"論革命","周鍾岐","观察","1947","第1卷 第22期","5-9","上海"
"資本主義經濟與社會主義經濟","陳志讓","观察","1947","第1卷 第22期","9-10","上海"
"經濟之改造（三）","胡先驌","观察","1947","第1卷 第22期","11-12","上海"
"讀者投書：因地制宜稅","徐行","观察","1947","第2卷 第21期","1","上海"
"評出版法修正草案（二）","儲安平","观察","1947","第3卷 第15期","7-9","上海"
"做“要人”得像“要人”的樣子（倫敦通信）","田汝康","观察","1947","第3卷 第15期","10-11，19","上海"
"觀察通信版：陝北榆林之戰","观察","1947","第3卷 第15期","12-13",NA,"上海"
"讀者投書：被殺與被辱","李文平","观察","1947","第2卷 第21期","1","上海"
"讀者投書：陳明仁的鬍子","余紀澤","观察","1947","第2卷 第21期","1","上海"
"週末闢欄：獄中生活簡記（一）","張東蓀","观察","1947","第2卷 第13期","18-19","上海"
"談謠言","袁昌英","观察","1947","第2卷 第13期","20-22","上海"
"論悲劇人生觀","陳瘦竹","观察","1947","第2卷 第20期","20","上海"
"讀者投書：紐約來鴻","田心源","观察","1947","第2卷 第20期","17","上海"
"爲本屆大學畢業生進一言","任鴻雋","观察","1947","第2卷 第20期","7-8","上海"
"觀察通信版：北塔山事件發生後的迪化政情","观察","1947","第2卷 第21期","17-18",NA,"上海"
"道德上有個毒刺：美國人性格之七","費孝通","观察","1947","第2卷 第21期","13-15","上海"
"觀察通信版：四平解圍之日專機視察報告","观察","1947","第2卷 第21期","18-19",NA,"上海"
"編輯後記：一、我們特別向讀者推荐本期所刊楊光時等……","观察","1947","第2卷 第21期","19",NA,"上海"
"觀察通信版：湖南省參議會旁聽記","观察","1947","第2卷 第21期","20",NA,"上海"
"讀者投書：關於靑年軍保送升學","陳榮緯","观察","1947","第3卷 第13期","1，12","上海"
"讀者投書：在美國的煩惱","温典光","观察","1947","第3卷 第13期","12","上海"
"讀者投書：關于“火車要人推”","王多幹","观察","1947","第3卷 第13期","12-13","上海"
"中國行政改革的新方向","陳之邁","观察","1947","第3卷 第13期","2-6","上海"
"讀者投書：“學運指導委員會”！","任俶儻","观察","1947","第3卷 第5期","1","上海"
"讀者投書：齊魯企業公司接收青島籌僞產業內幕又一告報","許敬昌","观察","1947","第3卷 第5期","1，23","上海"
"讀者投書：牛·牛販·人牛公司","伍眞","观察","1947","第3卷 第5期","23","上海"
"讀者投書：華僑·僑瞧·僑眷","潘家濂","观察","1947","第3卷 第5期","23","上海"
"論當前的政局和美國對華政策","吳世昌","观察","1947","第3卷 第5期","2-4","上海"
"讀者投書：“國際干涉”","周鴻道","观察","1947","第2卷 第4期","1","上海"
"觀察通信版：北大自治會競選記","观察","1947","第3卷 第16期","16",NA,"上海"
"讀者投書：前賬末清免開尊口","周叔謙","观察","1947","第2卷 第13期","1","上海"
"讀者投書：擬“頑固派”出洋考察路線","夏文炳","观察","1947","第2卷 第13期","1，14","上海"
"大局浮動·學潮如火","儲安平","观察","1947","第2卷 第13期","2-4","上海"
"“柴那門的機會”：美國人眼中的華僑","史超禮","观察","1947","第3卷 第18期","7-9","上海"
"台灣民變眞象鈎沉","純青","观察","1947","第2卷 第4期","9-10","上海"
"讀者投書：此中消息","王潛庵","观察","1947","第2卷 第5期","19","上海"
"讀者投書：“胡海門”","傅省三 芝","观察","1947","第2卷 第6期","1","上海"
"週末闢欄：哲學精神的價值","虞愚","观察","1947","第2卷 第7期","20，22","上海"
"讀者投書：一個“聯誼會”的建議","任九皋","观察","1947","第2卷 第7期","1","上海"
"論中國“官僚制度”","張銳","观察","1947","第2卷 第7期","6-7","上海"
"尾頁：房屋·麥粉·報館","保生","观察","1947","第1卷 第19期","23","上海"
"近十年來在新疆各黨派活動祕錄","观察","1947","第1卷 第19期","17-19",NA,"上海"
"讀者投書：傅孟眞的文章","許金鏗","观察","1947","第2卷 第2期","1","上海"
"雞蛋直立的故事","戴文賽","观察","1947","第2卷 第2期","14，21","上海"
"觀察通信版：淮上血淚（附圖）","梁馬","观察","1947","第3卷 第11期","14-15","上海"
"我們對于政府壓迫民盟的看法","周炳琳 金岳霖 趙紫宸","观察","1947","第3卷 第11期","2","上海"
"歐洲完了麽？","(英)拉斯基","观察","1947","第3卷 第17期","8-10","上海"
"論保長：“從社會結構看中國”之三","胡慶鈞","观察","1947","第3卷 第17期","10-12","上海"
"讀者投書：關于新聞紙雜誌用紙節約辦法","趙崇仁","观察","1947","第3卷 第5期","1","上海"
"觀察通信版：蘇僑北撤記","观察","1947","第3卷 第5期","19，13",NA,"上海"
"書評：補評英文新字辭典","錢鍾書","观察","1947","第3卷 第5期","20","上海"
"“爲中國的農業試探一條出路”刊出後的響應","安平","观察","1947","第3卷 第5期","21-22","上海"
"談詩歌的晦澀","戴鎦齡","观察","1947","第3卷 第17期","19-18","上海"
"編者報告：投書惠函務請註明眞實姓名","观察","1947","第3卷 第17期","1",NA,"上海"
"觀察通信版：戰火西延·全川設防","观察","1947","第3卷 第18期","13-14",NA,"上海"
"讀者投書：我在犯法中求生","伯識","观察","1947","第3卷 第18期","1","上海"
"讀者投書：中國軍人在前進中","任可忠","观察","1947","第2卷 第18期","1，23","上海"
"讀者投書：二五減租","秦軍","观察","1947","第2卷 第18期","23","上海"
"讀者投書：武嶺興學公然攤派","張明琴","观察","1947","第2卷 第18期","23","上海"
"讀者投書：“命”的等級","孫進明","观察","1947","第2卷 第7期","1","上海"
"讀者投書：極爲欣賞","史明哲","观察","1947","第3卷 第4期","1","上海"
"追念顧臨先生","任鴻雋","观察","1947","第2卷 第14期","11","上海"
"觀察通信版：北平學生反饑餓反內戰","观察","1947","第2卷 第14期","16-18",NA,"上海"
"觀察文摘：我看學潮（原作者：王芸生）","观察","1947","第2卷 第14期","23",NA,"上海"
"觀察文摘：和平何以會死了（原作者：張東蓀）","观察","1947","第2卷 第6期","24-25",NA,"上海"
"讀者投書：組織·生活·信仰","田菊安","观察","1947","第2卷 第6期","1","上海"
"讀者投書：張東蓀談話補遺","王正禮 芝","观察","1947","第2卷 第7期","1","上海"
"讀者投書：上海雜誌界聯合宣言","观察","1947","第3卷 第16期","1，19",NA,"上海"
"編者報告：廣告：我們本來每期出版時……","芝","观察","1947","第3卷 第17期","1","上海"
"讀者投書：給全國各專科以上同學的一封信","張雪非 芝","观察","1947","第2卷 第14期","1","上海"
"觀察通信版：僞長沙市長唐令歐脱逃記","观察","1947","第2卷 第7期","18-19",NA,"上海"
"蠻一點·孩子！：美國人性格之六","費孝通","观察","1947","第2卷 第20期","11-13","上海"
"論師儒：“從社會結構看中國”之四","費孝通","观察","1947","第3卷 第18期","9-11，6","上海"
"觀察通信版：乾坤一擲","观察","1947","第3卷 第18期","12",NA,"上海"
"論現行的留學政策","季羡林","观察","1947","第3卷 第7期","8-10","上海"
"中國的對美政策","文覺","观察","1947","第3卷 第7期","10-11","上海"
"觀察漫畫：志願從軍……：[漫畫二幅]","观察","1947","第3卷 第7期","0，12",NA,"上海"
"法國走上重建的路（巴黎通信）","观察","1947","第2卷 第7期","11-13",NA,"上海"
"樊籠","李慕白","观察","1947","第2卷 第11期","21-22","上海"
"生鐵焦煤·不可運日","黃遵明","观察","1947","第2卷 第15期","6-8","上海"
"物價往那裏去？","笪移今","观察","1947","第2卷 第5期","9-11","上海"
"客座記言：四、民主園中的嘉木與惡草","陳衡哲","观察","1947","第2卷 第5期","12-13","上海"
"中國歷史的悲劇（下）","賀昌羣","观察","1947","第2卷 第24期","11-14","上海"
"觀察漫畫（續）：[畫圖多幅]","观察","1947","第2卷 第5期","14，0",NA,"上海"
"觀察通信版：台灣事件的分析","观察","1947","第2卷 第5期","15-16",NA,"上海"
"觀察通信版：台灣暴動紀實","君君","观察","1947","第2卷 第5期","16-17","上海"
"北平護權遊行的側面觀","观察","1947","第2卷 第5期","18-19",NA,"上海"
"週末闢欄：我對大公報的看法","張嘯虎","观察","1947","第2卷 第5期","20-21","上海"
"隣人","季羡林","观察","1947","第2卷 第5期","22","上海"
"讀者投書：不要再玩老把戲","陳榮緯","观察","1947","第2卷 第18期","1","上海"
"論亞洲與遠東的經濟重建","夏炎德","观察","1947","第2卷 第18期","4-6","上海"
"隕星與流星","戴文賽","观察","1947","第2卷 第19期","14-16","上海"
"讀者投書：四平街之戰","潘亢三","观察","1947","第2卷 第19期","1","上海"
"讀者投書：令人費解","吉紹三","观察","1947","第2卷 第19期","23","上海"
"評方顯廷先生的經濟觀點：論當前經濟危機的根源","笪移今","观察","1947","第2卷 第20期","8-11","上海"
"觀察漫畫：不，抛過來吧！：[漫畫]","观察","1947","第2卷 第20期","14",NA,"上海"
"尾頁：負生偶記（十三）","观察","1947","第1卷 第19期","23",NA,"上海"
"海濱","李慕白","观察","1947","第2卷 第6期","22-23","上海"
"編輯後記：第二卷第一期實印八千份……","观察","1947","第2卷 第2期","21",NA,"上海"
"聖誕夜","李慕曰","观察","1947","第2卷 第2期","22","上海"
"讀者投書：居正·司法的尊嚴","許宏宇","观察","1947","第2卷 第2期","1","上海"
"觀察通信版：新五四運動之前夕：“長江後浪掀前浪·世上新人攢舊人”：棄劍英離平吟","观察","1947","第2卷 第3期","15-16",NA,"上海"
"觀察通信版：鍾山秋色","观察","1947","第3卷 第4期","17",NA,"上海"
"關於“美國人的性格”（通信）","孝通","观察","1947","第3卷 第4期","22","上海"
"觀察通信版：記劉伯承南下中的安徽黨政軍","曼容","观察","1947","第3卷 第10期","16","上海"
"觀察通信版：湘糧開禁重禁前後詳記","胡人章","观察","1947","第3卷 第10期","17-18，16","上海"
"新近在巴黎發現的莫泊桑寫給一位美女的三封信","凌卓","观察","1947","第3卷 第10期","19，15","上海"
"讀者投書：三題徵答","馬__科","观察","1947","第3卷 第10期","1","上海"
"讀者投書：國民黨在康定","鄒山齊","观察","1947","第3卷 第10期","1","上海"
"讀者投書：當局與六二","林國健","观察","1947","第2卷 第14期","1","上海"
"讀者投書：本刊自本期起每册售三千元","芝","观察","1947","第2卷 第19期","1","上海"
"迫不及待(轉載WASHINGTON POST）：[漫畫四幅]","方成","观察","1947","第3卷 第9期","11","上海"
"觀察通信版：東北共軍六次攻勢","观察","1947","第3卷 第9期","12-13",NA,"上海"
"讀者投書：人民開始需要合理的生活","譚徽崗","观察","1947","第3卷 第10期","1，4","上海"
"讀者投書：留美攻農同學覆函","观察","1947","第3卷 第10期","4",NA,"上海"
"從民主到帝國","谷春帆","观察","1947","第3卷 第10期","2-4","上海"
"幣制非改不可","朱偰","观察","1947","第3卷 第10期","5-7","上海"
"論尊孔與民主的矛盾","朱本源","观察","1947","第3卷 第10期","7-9","上海"
"關於“中共往何處去？”","楊人楩","观察","1947","第3卷 第10期","10-11","上海"
"爲自由而歌：斐多菲詩選譯：（一）這在我是可怕的思想：[詩歌]","斐多菲","观察","1947","第3卷 第14期","16","上海"
"爲自由而歌：斐多菲詩選譯：（二）流血的日子：[詩歌]","斐多菲","观察","1947","第3卷 第14期","16","上海"
"爲自由而歌：斐多菲詩選譯：（三）作戰：[詩歌]","斐多菲","观察","1947","第3卷 第14期","16-17","上海"
"爲自由而歌：斐多菲詩選譯：（四）犯人：[詩歌]","斐多菲","观察","1947","第3卷 第14期","17","上海"
"讀者投書：中國人的命運","文秀村","观察","1947","第2卷 第1期","1","上海"
"觀察文摘：對於北大孟憲功等是否犯罪及假定其已犯罪究審判權屬於何種機關之意見","蔡樞衡","观察","1947","第3卷 第9期","19","上海"
"讀者投書：北平風雨中","观察","1947","第3卷 第9期","1",NA,"上海"
"讀者投書：阜陽被炸","馬文生","观察","1947","第3卷 第9期","1","上海"
"讀者投書：懷憤激以切痛","徐源浩","观察","1947","第3卷 第9期","1","上海"
"讀者投書：廣州近情","楊明潔","观察","1947","第3卷 第9期","1","上海"
"讀者投書：免於恐懼之自由","李殷民","观察","1947","第3卷 第9期","1，19","上海"
"讀者投書：關于在華德僑","陳善基","观察","1947","第3卷 第9期","19","上海"
"評蒲立特的偏私的不健康的訪華報告","儲安平","观察","1947","第3卷 第9期","2-4","上海"
"白報紙！","儲安平","观察","1947","第3卷 第9期","5-6","上海"
"讀者投書：本刊自本期起每期改出二十頁","芝","观察","1947","第3卷 第10期","1","上海"
"美國的機器（美國通信）：記美國機械工具展覽會","史超禮","观察","1947","第3卷 第10期","11-13","上海"
"觀察通信版：重陽風雨人","观察","1947","第3卷 第10期","14",NA,"上海"
"觀察通信版：陳賡南渡與陝豫局勢","鄧一成","观察","1947","第3卷 第10期","14-15","上海"
"我們的太陽","戴文賽","观察","1947","第2卷 第4期","11-12，18","上海"
"觀察漫畫：保障人權：[漫畫二幅]","观察","1947","第2卷 第4期","13",NA,"上海"
"讀者投書：改革台灣建議七點","王楚生 芝","观察","1947","第2卷 第5期","1","上海"
"樹立信用·力求合作","梁漱溟","观察","1947","第2卷 第1期","2-4","上海"
"論豪門資本之必須剷除","傅孟真","观察","1947","第2卷 第1期","5-7","上海"
"敎師與進步","錢端升","观察","1947","第2卷 第1期","7-9","上海"
"讀者投書：讀報的困難","楊六章 芝","观察","1947","第2卷 第2期","1","上海"
"讀者投書：從無罪到死刑","羅味莘","观察","1947","第2卷 第3期","1","上海"
"讀者投書：言論自由的勝利","陳仲明","观察","1947","第2卷 第3期","1","上海"
"讀者投書：不應一走了事","姜爲致","观察","1947","第2卷 第3期","1","上海"
"讀者投書：互助會的辦法","蔣錫昌","观察","1947","第2卷 第3期","1","上海"
"世界大勢與中國地位","錢端升","观察","1947","第2卷 第3期","2-5","上海"
"國民黨往何處去？","楊人楩","观察","1947","第2卷 第3期","5-7","上海"
"經濟正義現社會安全","鄭林莊","观察","1947","第2卷 第3期","8-9","上海"
"聯合國經濟社會理事會","吳元黎","观察","1947","第2卷 第3期","9-11，18","上海"
"觀察通信版：塘沽新港中國記者受辱詳記：我們爲什麽要在自己的國土上受人侮辱，是可忍孰不可忍·有脊骨者當同聲一哭","观察","1947","第2卷 第11期","17-18",NA,"上海"
"週末闢欄：灰塵吸入症","蔡壬侯","观察","1947","第2卷 第11期","19-20","上海"
"補白：飛渡太平洋宿中途島：四言一首：[詩詞]","任叔永(鴻雋)","观察","1947","第2卷 第11期","20","上海"
"補白：乘風好：[詩歌]","陳衡哲","观察","1947","第2卷 第11期","20","上海"
"四月天·沉醉的大地（一）：[詩歌]","伊布拉因·阿爾敏沙林","观察","1947","第2卷 第11期","21","上海"
"讀者投書：脆弱的局面","胡毅生","观察","1947","第2卷 第11期","1","上海"
"觀察通信版：“五四”紀念在北大：那時追求的在什麽地方？：馮至：“那時”","观察","1947","第2卷 第12期","14-16",NA,"上海"
"觀察通信版：首都各大學紀念“五四”記","观察","1947","第2卷 第12期","16-17",NA,"上海"
"墓（海外憶之九）","李慕白","观察","1947","第2卷 第12期","18-19","上海"
"觀察通信版：記天津車站丢盡國家體面的一幕：美憲兵强横無禮，目中無人·把中國看成什麽，杜市長親歷其境·體味其情·低頭合淚長嘆息，千怪萬怪·祇怪自己打仗·乞助他人·不争氣","观察","1947","第2卷 第8期","17",NA,"上海"
"記陳達教授：沙城打獵：陳先生與施嘉煬教授：[照片]","观察","1947","第2卷 第8期","18",NA,"上海"
"記陳達教授：陳先生及其研究人員，在呈貢清華國情普查所：[照片]","观察","1947","第2卷 第8期","19",NA,"上海"
"記陳達教授：戰前清華園附近","观察","1947","第2卷 第8期","19",NA,"上海"
"一曲難忘：海外憶之七","李慕白","观察","1947","第2卷 第8期","20-21","上海"
"讀者投書：私人感情與國家利害","馬文昌","观察","1947","第2卷 第8期","1","上海"
"觀察文摘：我們對於當前時局之建議","王絜非 毛一心 吳傖","观察","1947","第2卷 第8期","22","上海"
"讀者投書：急官兒","吳傳道","观察","1947","第2卷 第8期","1","上海"
"讀者投書：關于胡海門","黄楚清","观察","1947","第2卷 第8期","1","上海"
"讀者投書：天下第一無腦筋事","王春芳","观察","1947","第2卷 第8期","1","上海"
"美蘇間的恐懼","蔡維藩","观察","1947","第2卷 第8期","2-5","上海"
"讀者投書：休矣！","梅友仁","观察","1947","第2卷 第12期","1","上海"
"敬告社會賢達","謝扶雅","观察","1947","第1卷 第24期","13-14","上海"
"評中美商約中的移民規定","韓德培","观察","1947","第1卷 第24期","15-17","上海"
"現代財政動向與中國財政政策","伍啓元","观察","1947","第1卷 第24期","18-20","上海"
"物理戰爭","劉朝陽","观察","1947","第1卷 第24期","20-25","上海"
"政恊一年·紀念檢討中大“一二五”紀念會的論戰：政府政協代表未出席·共黨王炳南書面致辭，青年黨陳啓天發揮憲法成就論·高論一小時，民盟李相符演說·大鼓掌·陳啓天中途告退，中大敎授賀昌群吳世昌演說·匆匆未盡其辭","观察","1947","第1卷 第24期","26-27",NA,"上海"
"成都新中國日報被搗詳記","观察","1947","第1卷 第24期","27-29",NA,"上海"
"觀察通信版：選打吃：張羣內閣登台後的三件事","观察","1947","第2卷 第13期","14",NA,"上海"
"觀察通信版：中大競選旁觀記","劉禹軒","观察","1947","第2卷 第13期","15-16","上海"
"觀察通信版：從美軍下旗到張今吾被釋","观察","1947","第2卷 第13期","16-17",NA,"上海"
"讀者投書：外交部情報司來函：觀__週刊主編先生轉貴刊迪化特約記者先生惠鑒……","張沅長","观察","1947","第2卷 第16期","23","上海"
"讀者投書：新疆警備總司令部來函：觀__週刊主編先生轉貴刊迪化特約記者先生惠鑒……","观察","1947","第2卷 第16期","23",NA,"上海"
"論和平問題","吳世昌","观察","1947","第2卷 第16期","2-6","上海"
"瘋狂了的中國：一個盲動的，悲劇的大時代","周綬章","观察","1947","第2卷 第16期","6-7","上海"
"新聞自由的低潮","葛思恩","观察","1947","第2卷 第16期","7-9","上海"
"與潘光旦先生論文化書","倪正和","观察","1947","第2卷 第16期","10-12","上海"
"讀者投書：天昏地黑：編者先生：讀“觀察”第十四期先生專論二篇……","观察","1947","第2卷 第16期","1",NA,"上海"
"不令人服輸的成功：美國人性格之四","費孝通","观察","1947","第2卷 第16期","12-13","上海"
"觀察漫畫：春暖花開：[漫畫]","观察","1947","第2卷 第16期","14，0",NA,"上海"
"觀察漫畫：主張戡亂：[漫畫多幅]","观察","1947","第2卷 第16期","14",NA,"上海"
"觀察漫畫：麥帥眼中的日本（載轉CHICAGO DAILY NEWS）：[漫畫]","观察","1947","第3卷 第2期","12",NA,"上海"
"讀者投書：撤去貪官·提升污吏","黃建華 鄭國壐 李曉嵐","观察","1947","第2卷 第24期","31，34","上海"
"讀者投書：七點希望","吳中平 芝","观察","1947","第3卷 第1期","1","上海"
"觀察漫畫：去了！都去了！：[漫畫]","方成","观察","1947","第3卷 第2期","12","上海"
"觀察漫畫：失業後：[木刻]","李樺","观察","1947","第3卷 第2期","12","上海"
"讀者投書：大選的費用","自在","观察","1947","第3卷 第2期","1","上海"
"觀察通信版：戰局鳥瞰","观察","1947","第3卷 第2期","13-14",NA,"上海"
"觀察通信版：新疆的危機在那裏？","观察","1947","第3卷 第2期","14-15",NA,"上海"
"觀察通信版：中長路一月見聞（附圖）","廬芷","观察","1947","第3卷 第2期","15-17","上海"
"略論文藝與象徵","宗白華","观察","1947","第3卷 第2期","18","上海"
"書評：“工業文明的政治問題”","潘光旦","观察","1947","第3卷 第2期","19-20","上海"
"觀察文摘：對日貿易開放與損害賠償問題（原作者：馬寅初）","观察","1947","第3卷 第2期","21-22，17",NA,"上海"
"讀者投書：貴陽的食鹽","孟東鄰","观察","1947","第3卷 第2期","1","上海"
"讀者投書：壯丁的市價","李振周","观察","1947","第3卷 第2期","1","上海"
"讀者投書：考生與公費","蕭柯則","观察","1947","第3卷 第2期","1","上海"
"讀者投書：華北學聯合對于沈崇案的表示","沈衡若","观察","1947","第3卷 第2期","1","上海"
"讀者投書：希望擇肥而噬","俞大棟","观察","1947","第3卷 第2期","1","上海"
"讀者投書：寫生被捕","林冬","观察","1947","第2卷 第17期","1","上海"
"讀者投書：黔西情形","观察","1947","第2卷 第17期","1",NA,"上海"
"讀者投書：學潮中的西安","陳元坤","观察","1947","第2卷 第17期","1","上海"
"從杜魯門主義到馬歇爾方案（紐約通信）","楊剛","观察","1947","第2卷 第22期","7-11","上海"
"負了氣出的門：美國人性格之八","費孝通","观察","1947","第2卷 第22期","11-13","上海"
"自由的心理","張述祖","观察","1947","第2卷 第22期","13-14","上海"
"觀察漫畫：戰爭神聖：（一）防禦工事：[漫畫]","观察","1947","第2卷 第22期","15，0",NA,"上海"
"觀察漫畫：戰爭神聖：（二）軍糧：[漫畫]","观察","1947","第2卷 第22期","15",NA,"上海"
"觀察漫畫：戰爭神聖：（三）戰利品：[漫畫]","观察","1947","第2卷 第22期","15",NA,"上海"
"觀察漫畫：戰爭神聖：（四）最後一面牆：[漫畫]","观察","1947","第2卷 第22期","15",NA,"上海"
"觀察漫畫：戰爭神聖：（五）戰士：[漫畫]","观察","1947","第2卷 第22期","15",NA,"上海"
"觀察通信版：新疆危機的明朗化","观察","1947","第2卷 第22期","16-18",NA,"上海"
"讀者投書：魏德邁與斯考比","白銀根","观察","1947","第2卷 第22期","1","上海"
"觀察通信版：松花江畔的陰陽界","潘子明","观察","1947","第2卷 第22期","18-19","上海"
"觀察通信版：天災人禍錦城刼：百千萬人的財物被洪水蕩散，百千萬人的生命爲惡人把持","观察","1947","第2卷 第22期","19-20",NA,"上海"
"讀者投書：延安攻佔後的南京","程紫明","观察","1947","第2卷 第5期","19","上海"
"現代中國政治改革的幾種原則","劉迺誠","观察","1947","第2卷 第5期","2-6","上海"
"觀察通信版：黄泛區的災情和新生（附圖）","史鏡涵","观察","1947","第3卷 第3期","21-22","上海"
"讀者投書：爲什麽政府一定要開放對日貿易？","陳郁文","观察","1947","第3卷 第3期","1","上海"
"書評：“聞一多的道路”（吳（目含）序，史靖著）","徐述綸","观察","1947","第3卷 第3期","23","上海"
"中共臨末爲何拒絕和談","梁漱溟","观察","1947","第2卷 第15期","2-3","上海"
"讀者投書：低氣壓中的巨雷","韓笙","观察","1947","第2卷 第16期","23","上海"
"讀者投書：誰下令逮捕學生的","观察","1947","第2卷 第16期","23",NA,"上海"
"觀察通信版：參政會和平運動的三個階段","浦熙修","观察","1947","第2卷 第16期","15-16","上海"
"寶天鐵路與天蘭鐵路：旅客嫌沉悶：下車可散步；鄉人苦負重：上車開洋葷；歷史大笑話：火車人可推；中國眞偉大：洋人逢其盛","观察","1947","第1卷 第19期","19-20",NA,"上海"
"文學·藝術·戯劇·音樂：鬥爭中的莎士比亞（五·完）","Donald Morrow","观察","1947","第1卷 第19期","21-22","上海"
"尾頁：我看臺灣","思藍","观察","1947","第1卷 第19期","23","上海"
"人心·國是·現狀","孫克寬 芝","观察","1947","第1卷 第20期","2-5","上海"
"“自由·平等·博愛”的再生：論法蘭西第四共和國的新憲典","樓邦彥","观察","1947","第1卷 第20期","6-11","上海"
"論商業銀行的前途","笪移今","观察","1947","第1卷 第20期","11-14","上海"
"經濟之改造（一）","胡先驌","观察","1947","第1卷 第20期","14-16","上海"
"讀者投書：浙大情形","观察","1947","第3卷 第13期","1",NA,"上海"
"敎育的矛盾與救急的治標","蕭公權","观察","1947","第3卷 第13期","9-11","上海"
"法律、道德，與大衆利益","吳恩裕","观察","1947","第3卷 第15期","2-4","上海"
"讀者投書：惜一人命而寒萬人心","涑之","观察","1947","第2卷 第16期","23","上海"
"猜不透上帝的意志：美國人性格之五","費孝通","观察","1947","第2卷 第17期","9-11","上海"
"觀察通信版：北疆戰局的背景及展望","观察","1947","第2卷 第17期","13-14",NA,"上海"
"復活：海外憶之十","李慕白","观察","1947","第2卷 第17期","22-21","上海"
"觀察漫畫：[畫圖多幅]","方成","观察","1947","第2卷 第2期","15","上海"
"觀察通信版：宋子文下台前夕的南京","观察","1947","第2卷 第2期","16-17",NA,"上海"
"觀察通信版：隨時可以發生暴動的台灣局面：台胞恢復中國國籍，美國尙未完全同意……","观察","1947","第2卷 第2期","17-18",NA,"上海"
"週末闢欄：婦女·女權","雷海宗","观察","1947","第2卷 第2期","19","上海"
"觀察文摘：保障人權（宣言者：朱自清、向達、吳之椿等）","观察","1947","第2卷 第2期","20",NA,"上海"
"觀察文摘：有黃金美鈔的不要賣出來（原講者：馬寅初）","观察","1947","第2卷 第2期","20-21",NA,"上海"
"觀察通信版：惡化中的新疆局勢","观察","1947","第2卷 第3期","16-17",NA,"上海"
"觀察通信版：符定一致何思源書","观察","1947","第2卷 第3期","17-18",NA,"上海"
"約會","李慕白","观察","1947","第2卷 第3期","19-20","上海"
"觀察文摘：時局答客問：問：美方的撤退軍調部工作人員，先生對此事如何看法？……（答問者：張奚若）","观察","1947","第2卷 第3期","21",NA,"上海"
"觀察文摘：記清華一個集會（原記者：霸）","观察","1947","第2卷 第3期","21-22",NA,"上海"
"讀者投書：廣告而已","黃修敬","观察","1947","第2卷 第24期","1","上海"
"讀者投書：軍隊國家化·政治民主化","鄕麐詩","观察","1947","第2卷 第24期","1，23","上海"
"讀者投書：前後兩種談話","任俶儻","观察","1947","第3卷 第3期","1","上海"
"讀者投書：晉南共黨的殘暴","張强立","观察","1947","第3卷 第11期","1，17","上海"
"讀者投書：鄕間苦","胡櫓","观察","1947","第3卷 第11期","17","上海"
"讀者投書：白報紙的浪費","李瑜","观察","1947","第3卷 第11期","17","上海"
"週末闢欄：我們爲什麽像人","蔡壬侯","观察","1947","第2卷 第18期","19-20","上海"
"觀察文摘：敬答適夷兄：讀過適夷兄的文字……","李健吾","观察","1947","第2卷 第4期","22","上海"
"觀察文摘：贅言：健吾兄的“從批評聽聲音”……","观察","1947","第2卷 第4期","22",NA,"上海"
"記陳達教授（附照片）","全慰天","观察","1947","第2卷 第8期","18-19","上海"
"觀察漫畫：效用的考慮：[漫畫]","观察","1947","第2卷 第18期","13",NA,"上海"
"讀者投書：共區大學","劉書春","观察","1947","第2卷 第22期","1，22","上海"
"讀者投書：如斯政黨","林菁","观察","1947","第2卷 第22期","22","上海"
"政府應對紐約下午報的攻擊採取步驟表明態度","儲安平","观察","1947","第2卷 第22期","2-3","上海"
"論“民主國際”","吳世昌","观察","1947","第2卷 第22期","4","上海"
"讀者投書：延安歸客談","孫文晉 芝","观察","1947","第2卷 第8期","1","上海"
"讀者投書：浙江的蠶災","許壽昌","观察","1947","第2卷 第11期","1","上海"
"從中國人的家說起（上）","梁漱溟","观察","1947","第2卷 第11期","7-11","上海"
"以敎育救中國","傅統先","观察","1947","第2卷 第12期","5-8","上海"
"讀者投書：鹽稅","陸海藩","观察","1947","第3卷 第4期","1","上海"
"讀者投書：本刊自本期起每册售四千元：改訂訂閲辦法","芝","观察","1947","第3卷 第5期","1","上海"
"觀察漫畫：敎授（木刻）：[木刻]","楊可揚","观察","1947","第3卷 第5期","14","上海"
"讀者投書：民盟來函更正","芝","观察","1947","第2卷 第23期","1","上海"
"觀察通信版：在聞一多的衣冠塚前：人民英烈李聞二先生死難週年祭在昆明","何華","观察","1947","第2卷 第23期","17-18","上海"
"觀察通信版：東北到處有啼痕","黃炎裔","观察","1947","第2卷 第23期","19-20","上海"
"週末闢欄：新疆觀感錄（下）","丁芸","观察","1947","第2卷 第23期","21","上海"
"譯詩五首：“都尼”的提琴手：[詩歌]","W. B. Yeats","观察","1947","第2卷 第23期","22","上海"
"譯詩五首：老母之歌：[詩歌]","W. B. Yeats","观察","1947","第2卷 第23期","22","上海"
"譯詩五首：無題：[詩歌]","W. B. Yeats","观察","1947","第2卷 第23期","22","上海"
"論中美經濟關係之前途","夏炎德","观察","1947","第1卷 第19期","3-5","上海"
"服從社會與意志社會","李澈廬","观察","1947","第1卷 第19期","6-8","上海"
"派與匯（五·完）（附圖）","潘光旦","观察","1947","第1卷 第19期","8-13","上海"
"談伍光建先生的翻譯","戴鎦齡","观察","1947","第2卷 第21期","22","上海"
"我們對于大局的看法與對策：正告美國","楊光時 葉毅 孟慶淵","观察","1947","第2卷 第21期","2-3","上海"
"觀察通信版：紀念聞一多在清華園","观察","1947","第2卷 第23期","16",NA,"上海"
"觀察漫畫：交易：[漫畫]","观察","1947","第2卷 第18期","13",NA,"上海"
"觀察通信版：在北塔山的高峰上","观察","1947","第2卷 第18期","14-15",NA,"上海"
"觀察通信版：記天津前後九天的新聞檢查","观察","1947","第2卷 第18期","16",NA,"上海"
"觀察通信版：東北教育的潰爛症","張高峰","观察","1947","第2卷 第18期","17-18","上海"
"讀者投書：人權與國權","高懷遠 芝","观察","1947","第2卷 第4期","1","上海"
"改進中國政治的幾個問題","孫克寬","观察","1947","第3卷 第13期","7-9","上海"
"觀察通信版：政治年度總結賬","观察","1947","第3卷 第16期","13",NA,"上海"
"觀察通信版：請看今日之河北","观察","1947","第3卷 第16期","14-16，13",NA,"上海"
"爲自由而歌：斐多菲詩選譯：（五）檻獅：[詩歌]","斐多菲","观察","1947","第3卷 第14期","17","上海"
"書評：美國政制的改造（Thomas K. Finletter著）","樓邦彥","观察","1947","第3卷 第14期","18","上海"
"讀者投書：如此行憲，與訓政有何異乎？","观察","1947","第3卷 第14期","1",NA,"上海"
"觀察文摘：斥一種謬論（上海益世報十月廿七日社論）","观察","1947","第3卷 第14期","19",NA,"上海"
"觀察通信版：國民黨三中全會烏瞰","浦熙修","观察","1947","第2卷 第4期","14-15","上海"
"觀察通信版：到處是明礁的新疆","观察","1947","第2卷 第4期","15-16",NA,"上海"
"週末闢欄：英文的中國化","蔡壬侯","观察","1947","第2卷 第4期","17-18","上海"
"冬天裏的夏天","李慕白","观察","1947","第2卷 第4期","19-20","上海"
"關于“中國的政局”（通信）","梁漱溟","观察","1947","第2卷 第4期","20","上海"
"觀察文摘：從劇評聽聲音","李健吾","观察","1947","第2卷 第4期","21","上海"
"觀察文摘：從答辯聽聲音","適夷","观察","1947","第2卷 第4期","21-22","上海"
"譯詩五首：今天：[詩歌]","Thomas Carlyle","观察","1947","第2卷 第23期","22","上海"
"譯詩五首：愛情的秘密：[詩歌]","William Blake","观察","1947","第2卷 第23期","22","上海"
"讀者投書：大學生的風度","仇肇曾","观察","1947","第2卷 第23期","1","上海"
"讀者投書：海外黨報抨擊豪門","梁子奇","观察","1947","第2卷 第23期","16，18","上海"
"觀察通信版：大鈔的波浪在北平","米蘭民","观察","1947","第3卷 第18期","14-15","上海"
"福建農業建設的輪廓（通信）","劉建緒","观察","1947","第3卷 第18期","16","上海"
"週末闢欄：新疆觀感錄（上）","丁芸","观察","1947","第2卷 第22期","21-22","上海"
"讀者投書：關於取消學生公費","夏楚","观察","1947","第2卷 第22期","1","上海"
"讀者投書：愛惜學生時光","張義","观察","1947","第2卷 第22期","1","上海"
"讀者投書：林語堂不能到台講學","白銀根","观察","1947","第2卷 第22期","1","上海"
"觀察漫畫：[漫畫三幅]","方成","观察","1947","第2卷 第23期","15，0","上海"
"觀察通信版：一樣爭民主·多樣的方式","观察","1947","第2卷 第24期","25-26",NA,"上海"
"書評：美國之內（John Gunther著）","費孝通","观察","1947","第3卷 第12期","19","上海"
"讀者投書：今日蘭州","王庚","观察","1947","第3卷 第12期","1","上海"
"論雅俗共償","朱自清","观察","1947","第3卷 第11期","16-17","上海"
"觀察通信版：新官上任第一週","浦熙修","观察","1947","第2卷 第11期","15-16","上海"
"讀者投書：戡亂遊行","許誠彥","观察","1947","第2卷 第23期","18","上海"
"我們對於時局的幾點認識","嚴仁賡","观察","1947","第2卷 第23期","2-5","上海"
"中國歷史的悲劇（上）","賀昌羣","观察","1947","第2卷 第23期","5-8","上海"
"鋼鐵在蘇聯","王遵明","观察","1947","第2卷 第23期","8-10","上海"
"魏德邁來華使命","Leo Rissin","观察","1947","第2卷 第23期","11-12","上海"
"讀者投書：徐州瑣聞：一、老百姓是孬種，二、廁所倒閉了……","陶王","观察","1947","第2卷 第24期","23，31","上海"
"試論“猜不透上帝的意志”就敎於費孝通先生","劉英臣","观察","1947","第2卷 第23期","13-14","上海"
"讀者投書：弔俞再麟之死","曹燮明 芝","观察","1947","第2卷 第24期","1","上海"
"讀者投書：污玷“七七”","观察","1947","第2卷 第24期","34",NA,"上海"
"讀者投書：關于“民主國際”","萬家保","观察","1947","第2卷 第24期","34","上海"
"艱難·風險·沉着：本刊第二卷報告書(附圖表)","儲安平","观察","1947","第2卷 第24期","3-8","上海"
"試論美國的“中韓調查”團及我國的反應","吳世昌","观察","1947","第2卷 第24期","9-11","上海"
"錢端升先生來函：編者先生：本刊二卷五期北平通訊有關我的記載……","錢端升","观察","1947","第2卷 第7期","13","上海"
"青海青·黃河黃，左公柳·馬公楊：青海之戀：馳騁在草原上之藏人馬隊：[照片]","观察","1946","第1卷 第15期","17",NA,"上海"
"我們的志趣和態度","芝","观察","1946","第1卷 第1期","3-4","上海"
"觀察通信版：沉默中的潘光旦·費孝通：政府已替他們辦理赴美護照，潘光旦辭去清華教務長之職","观察","1946","第1卷 第1期","24",NA,"上海"
"文學·藝術·戲劇·音樂：山水·人物·藝術（一章小說的三個斷片，時間：一九三八年春）","卞之琳","观察","1946","第1卷 第1期","25-27","上海"
"中國時局前途的三個去向","王芸生","观察","1946","第1卷 第1期","5-6","上海"
"論當前中國經濟情勢","伍啓元","观察","1946","第1卷 第1期","6-8","上海"
"青海青·黃河黃，左公柳·馬公楊：青海之戀：青海塔爾寺全景：[照片]","观察","1946","第1卷 第15期","17",NA,"上海"
"論上海民亂","儲安平 芝","观察","1946","第1卷 第16期","2-4","上海"
"讀者投書：以科學服務人類","左塏","观察","1946","第1卷 第16期","21","上海"
"讀者投書：科學·和平","王次通","观察","1946","第1卷 第16期","21-22","上海"
"讀者投書：關于新疆","效先","观察","1946","第1卷 第16期","22","上海"
"語言的宗敎","高名凱","观察","1946","第1卷 第16期","4-6","上海"
"願南京當局一讀此文！：海南島的台灣人","观察","1946","第1卷 第16期","14-15",NA,"上海"
"青海的馬步芳（附照片）","观察","1946","第1卷 第16期","15-16",NA,"上海"
"青海的馬步芳：西寗最新式之建築：湟中大厦：[照片]","观察","1946","第1卷 第16期","16",NA,"上海"
"文學·藝術·戱劇·音樂：鬥爭中的莎士比亞（二）","Donald Morrow","观察","1946","第1卷 第16期","17-20","上海"
"論行政的無能","張銳 芝","观察","1946","第1卷 第17期","2-4","上海"
"重慶政聞：市長修隧道，省主席反對","观察","1946","第1卷 第17期","16",NA,"上海"
"重慶政聞：搶案連着出，人心感不安","观察","1946","第1卷 第17期","16",NA,"上海"
"重慶政聞：軍官多失業，有吃且白吃","观察","1946","第1卷 第17期","16",NA,"上海"
"瀋陽晚寒","观察","1946","第1卷 第17期","16-17",NA,"上海"
"新時代的敎育宗旨","陳友松","观察","1946","第1卷 第10期","4-7","上海"
"尾頁：西江月：太平洋舟中賀莎菲生日（有序）（重刊）：[詩詞]","任鴻雋","观察","1946","第1卷 第10期","22","上海"
"觀察通信版：張垣之戦：陳誠總長表示：如用軍事·三五月內可以告一段落，任何一條鐵路，兩星期內可以打通","观察","1946","第1卷 第10期","15",NA,"上海"
"觀察通信版：張垣之戦：傅作義論共軍：張垣之失爲共黨軍事政治雙重失敗，人心厭亂望治·翻身政策不受歡迎","观察","1946","第1卷 第10期","15-16",NA,"上海"
"觀察通信版：張垣之戦：戰後之張家口：老百姓持旗歡迎勝利軍·表情漠然，地雷不敵飛機·優武器戰勝劣武器","观察","1946","第1卷 第10期","16",NA,"上海"
"觀察通信版：張垣之戦：戰爭·破壞·修復：搶修工程浩繁·修舊路比造新路難，工程師的命運一如無定河邊的枯骨","观察","1946","第1卷 第10期","16",NA,"上海"
"社會性的統一","高覺敷","观察","1946","第1卷 第5期","11-13","上海"
"觀察通信版：張治中獨鎮西陲：新疆在新生躍進之中：張氏治新四原則：自由·民主·平等·合作……（附圖、照片）","观察","1946","第1卷 第5期","16-18",NA,"上海"
"清查團在天津：貪污太多·團員太少：大海撈針·無從捉摸：傅斯年說讓做官的人頭痛一點最好，胡適領銜主張延長清查團工作期限","观察","1946","第1卷 第5期","19",NA,"上海"
"尾頁：作者·讀者·編者：一、安平先生：奉讀“觀察”創刊號……","任鴻雋","观察","1946","第1卷 第9期","22","上海"
"軍與民的社會地位","潘光旦","观察","1946","第1卷 第9期","3-6","上海"
"中國經濟危機的出路","笪移今","观察","1946","第1卷 第9期","6-9","上海"
"思想之改造（下）","胡先驌","观察","1946","第1卷 第9期","9-11","上海"
"和平談判及其後（新疆變亂記略之五）：綏來西大橋（政府軍與暴民隊伍曾在此相持，該橋已燒。現橋西仍屬事變區）：[照片]","观察","1946","第1卷 第14期","21",NA,"上海"
"新疆問題（新疆變亂記略引言）（附圖）","观察","1946","第1卷 第14期","4-5，3",NA,"上海"
"阿爾泰山的烽火（新疆變亂記略之一）（附圖）","观察","1946","第1卷 第14期","6-9",NA,"上海"
"伊甯事變（新疆變亂記略之二）（附圖、照片）","观察","1946","第1卷 第14期","9-13",NA,"上海"
"伊甯事變（新疆變亂記略之二）：伊寧温泉之哈族毡房：[照片]","观察","1946","第1卷 第14期","11",NA,"上海"
"伊甯事變（新疆變亂記略之二）：伊甯大禮拜堂（維族的）事變後暴民會在此處集會：[照片]","观察","1946","第1卷 第14期","12",NA,"上海"
"塔城的淪失（新疆變亂記略之三）（附圖、照片）","观察","1946","第1卷 第14期","13-16",NA,"上海"
"塔城的淪失（新疆變亂記略之三）：礮火下之烏蘇：[照片]","观察","1946","第1卷 第14期","14",NA,"上海"
"南疆的動盪（新疆變亂記略之四）（附圖、照片）","观察","1946","第1卷 第14期","16-20",NA,"上海"
"時代的分析","陳友松","观察","1946","第1卷 第3期","4-5","上海"
"定都問題","張印堂","观察","1946","第1卷 第17期","7-8","上海"
"派與匯（三）（附表）","潘光旦","观察","1946","第1卷 第17期","8-11","上海"
"進展中的聯合國敎育科學文化組織（巴黎通信）","郭有守","观察","1946","第1卷 第17期","11-12","上海"
"憂患重重的西北角","观察","1946","第1卷 第17期","13-15",NA,"上海"
"重慶政聞：（本刊特約重慶通信）住在重慶的人……","观察","1946","第1卷 第17期","15",NA,"上海"
"重慶政聞：黨團鬧摩擦，民間報遭殃","观察","1946","第1卷 第17期","15",NA,"上海"
"觀察漫畫：美金債券……：[漫畫多幅]","观察","1947","第2卷 第7期","14，0",NA,"上海"
"觀察通信版：熱河東北與西北之間的走廊","观察","1947","第2卷 第7期","15-16",NA,"上海"
"觀察通信版：乍暖還寒時候","观察","1947","第2卷 第7期","16-17",NA,"上海"
"觀察通信版：鄧錫侯真除後四川省政的新局面","观察","1947","第2卷 第15期","15-16",NA,"上海"
"週末闢欄：獄中生活簡記（三）","張東蓀","观察","1947","第2卷 第15期","20-21","上海"
"讀者投書：“熟性”與“關人”","李盛","观察","1947","第2卷 第15期","23","上海"
"讀者投書：關于投書：一、日來投書奇擁……","芝","观察","1947","第2卷 第16期","1","上海"
"我對於政府取締民盟的感想","董時進","观察","1947","第3卷 第11期","3-4","上海"
"西歐紀行：（二）法國","观察","1947","第3卷 第12期","11-13",NA,"上海"
"跋一多遺集","吳晗","观察","1947","第3卷 第12期","18","上海"
"烽火四起的“法蘭西聯合”","观察","1947","第2卷 第24期","19-21",NA,"上海"
"論全國專科以上學校開除學生全國專科以上學校不得准其入學之不妥","儲安平","观察","1947","第3卷 第16期","2-3","上海"
"敬答樊弘先生","張東蓀","观察","1947","第3卷 第16期","4-5","上海"
"中國能永久中立化麽？：附带討論朝鮮永久中立問題","端木正","观察","1947","第3卷 第16期","5-8","上海"
"讀者投書：憲警私鬥","李俊謨","观察","1947","第2卷 第24期","1","上海"
"工業化過程中的資本與人口","吳景超","观察","1947","第3卷 第3期","9-11","上海"
"讀者投書：美國人在青島的行爲","王樹堯 芝","观察","1947","第3卷 第4期","1","上海"
"觀察漫畫：晨耕（木刻）：[木刻]","刃锋","观察","1947","第3卷 第4期","14","上海"
"西歐紀行：（一）英國","錢能欣","观察","1947","第3卷 第11期","12，19","上海"
"書評：游歷者的眼青（作者：DorothyCarrington）","錢鍾書","观察","1947","第3卷 第16期","19","上海"
"讀者投書：合訂本加價在卽","观察","1947","第3卷 第16期","1",NA,"上海"
"讀者投書：答樊弘先生","梁潄溟","观察","1947","第3卷 第16期","1","上海"
"觀察漫畫：中國的春天：[漫畫]","方__","观察","1947","第2卷 第14期","12","上海"
"觀察通信版：盪漾中的和平運動","浦熙修","观察","1947","第2卷 第14期","13-14","上海"
"觀察通信版：在內戰最前線","何彭","观察","1947","第3卷 第5期","17-18","上海"
"讀者投書：讀者對于讀者投書的意見","劉澄 芝","观察","1947","第3卷 第7期","1","上海"
"觀察漫畫：攔路告狀（木刻）：[木刻]","楊可揚","观察","1947","第3卷 第7期","12","上海"
"觀察通信版：北平教員學生被捕案續誌（觀察北平通信）","观察","1947","第3卷 第9期","16-15",NA,"上海"
"寫在“爲中國的農業試探一條出路”的前面","陳衡哲","观察","1947","第3卷 第3期","12-13","上海"
"觀察漫畫：巧婦難爲：[漫畫]","方成","观察","1947","第3卷 第3期","18","上海"
"觀察通信版：哈爾濱歸來","观察","1947","第3卷 第3期","20-21",NA,"上海"
"讀者投書：“中韓調查團”！","許杰","观察","1947","第3卷 第3期","1","上海"
"我們訪問了斯太林","(英)K. Zilliacus","观察","1947","第3卷 第16期","12，18","上海"
"爐邊天下：從冷仗說起","費孝通","观察","1947","第3卷 第16期","17-18","上海"
"讀者投書：中國非無化工人才","許志敭","观察","1947","第2卷 第14期","1","上海"
"社會運動的口號問題","黃炳坤","观察","1947","第2卷 第15期","5-6","上海"
"觀察漫畫：更殘蠟盡：[漫畫]","观察","1947","第3卷 第7期","12",NA,"上海"
"共和黨援華運動（紐約通信）","楊剛","观察","1947","第3卷 第16期","8-11","上海"
"讀者投書：有良心的，有正義感的人，就不應當活着？","羅特","观察","1947","第3卷 第18期","15","上海"
"從中國的歷史看民主政治","吳世昌","观察","1947","第3卷 第18期","2-4","上海"
"我對於中國政治問題的根本看法：最後答覆梁漱溟先生和張東蓀先生的指敎","樊弘","观察","1947","第3卷 第18期","4-5","上海"
"論琉球歸屬問題及可能糾紛的日本領土","李純青","观察","1947","第3卷 第12期","2-4","上海"
"觀察通信版：吳有訓出國記","观察","1947","第3卷 第13期","14",NA,"上海"
"觀察通信版：清華園：讓血化爲更堅強的力量：清華園反內戰運動序幕","观察","1947","第2卷 第14期","19-20",NA,"上海"
"北京大學敎授宣言（來件）","观察","1947","第2卷 第14期","20",NA,"上海"
"週末闢欄：獄中生活簡記（二）","張東蓀","观察","1947","第2卷 第14期","21-22","上海"
"光度常常變化的星","戴文賽","观察","1947","第2卷 第15期","10-11，19","上海"
"論徵用豪門富室在外國的資產及徵用的技術問題","韓德培","观察","1947","第3卷 第3期","7-9","上海"
"觀察漫畫：政治面孔、豪門企業：[漫畫二幅]","观察","1947","第3卷 第4期","14",NA,"上海"
"讀者投書：呼籲優待俘虜","何奇","观察","1947","第2卷 第19期","16，23","上海"
"觀察通信版：浙大學生被捕慘死案","蕭揚","观察","1947","第3卷 第11期","15","上海"
"讀者投書：一封信：編者先生：恕我寫信不署名……","观察","1947","第3卷 第11期","1",NA,"上海"
"人身自由的保障問題","韓德培","观察","1947","第3卷 第11期","4-6","上海"
"小康經濟：敬答吳景超先生對“人性和機器”的批評","費孝通","观察","1947","第3卷 第11期","7-11","上海"
"讀者投書：朱偰先生與本刊編者來往函件","朱偰","观察","1947","第3卷 第12期","1","上海"
"爐邊天下：蘭茵河底的魏瑪陰影","費孝通","观察","1947","第3卷 第18期","17-18","上海"
"觀察漫畫：留待史學家塡畫的面孔：[漫畫]","方__","观察","1947","第2卷 第14期","12","上海"
"讀者投書：廣州記者和香港記者","譚剛之","观察","1947","第2卷 第17期","1","上海"
"學潮平息以後的認識","鍾伯平","观察","1947","第2卷 第17期","2-4","上海"
"讀者投書：白崇禧之言","吳求是","观察","1947","第2卷 第13期","1","上海"
"讀者投書：對民青兩黨的最低希望","錢熙光","观察","1947","第2卷 第13期","1","上海"
"世界各國敎育普及之比較觀","陳友松","观察","1947","第2卷 第17期","8-9","上海"
"觀察通信版：國共雙方軍事實力的分析","观察","1947","第3卷 第4期","15-16",NA,"上海"
"讀者投書：北方哀情","尹放","观察","1947","第3卷 第16期","1","上海"
"觀察通信版：武漢大學自治會普選記","观察","1947","第3卷 第17期","15-16",NA,"上海"
"觀察通信版：秀才遇見兵","石熙文","观察","1947","第3卷 第17期","16","上海"
"從心理學觀點解釋中國悲惨的現狀：中華民族心理的五種缺陷","高覺敷","观察","1947","第2卷 第18期","7-9","上海"
"細看中國","Nathaniel Peffer","观察","1947","第2卷 第18期","9-12","上海"
"觀察漫畫：法律問題：[漫畫]","观察","1947","第2卷 第18期","13，0",NA,"上海"
"讀者投書：變：編輯先生：有人常常拿“窮則變，變則通”……","謝斐然","观察","1947","第2卷 第21期","1","上海"
"觀察漫畫：强權戰略下的犧牲者（轉載）：[漫畫]","观察","1947","第3卷 第4期","14",NA,"上海"
"觀察漫畫：圈套：[漫畫]","观察","1947","第3卷 第4期","14",NA,"上海"
"讀者投書：爲何要維持原價？","余長甲","观察","1947","第2卷 第17期","23","上海"
"讀者投書：政府德化，已及鳥類","卿麐詩 芝","观察","1947","第2卷 第18期","1","上海"
"觀察通信版：從粵漢路慘案看中國的公共事業","鄧嗣禹","观察","1947","第2卷 第24期","26-27","上海"
"讀者投書：我們要的是和平","陳衡哲","观察","1947","第2卷 第24期","1","上海"
"讀者投書：花瓶詎可充立委洋婆豈能登議壇","嚴興之","观察","1947","第3卷 第12期","13","上海"
"編者報告：退稿請附信封及郵票","观察","1947","第3卷 第17期","1",NA,"上海"
"編者報告：希望定戶寄選信袋、停止贈閱（自三卷十九期起）","观察","1947","第3卷 第17期","1",NA,"上海"
"編者報告：稿費“文到卽奉”的辦法·暫停兩個月","观察","1947","第3卷 第17期","1",NA,"上海"
"觀察通信版：今日的開灤煤礦","观察","1947","第2卷 第24期","27-28，40",NA,"上海"
"週末闢欄：養士教育的窮途","陳孝禪","观察","1947","第2卷 第24期","29-31","上海"
"一個冬天的黄昏","金隄","观察","1947","第2卷 第24期","32-34","上海"
"讀者投書：論壇两事","一農","观察","1947","第2卷 第4期","1","上海"
"論政府改組","劉迺誠","观察","1947","第2卷 第8期","6-9","上海"
"人文學科必須東山再起：荀子與斯賓塞爾解蔽論的一個引伸與補充（下期續完）","潘光旦","观察","1947","第2卷 第8期","10-12","上海"
"學生扯起義旗·歷史正在創造","儲安平","观察","1947","第2卷 第14期","2-4","上海"
"論文匯·新民·聯合三報被封及大公報在這次學潮中所表示的態度","儲安平","观察","1947","第2卷 第14期","4-6","上海"
"從經濟立場看美蘇關係","鄭林莊","观察","1947","第2卷 第14期","6-9","上海"
"讀者投書：展開和平運動","芝","观察","1947","第2卷 第15期","1","上海"
"觀察文摘：政府的度量（天津益世報十一月十七日社評）","观察","1947","第3卷 第14期","19",NA,"上海"
"讀者投書：中國文字的改革","王士倬","观察","1947","第3卷 第14期","1","上海"
"讀者投書：關于湖南省政府的參事","劉恆勵","观察","1947","第3卷 第14期","1","上海"
"讀者投書：一衣七億五","趙質君","观察","1947","第3卷 第14期","1","上海"
"讀者投書：希望出“西南航空版”","古傳賢","观察","1947","第3卷 第14期","1，7，14","上海"
"論競選費用應有限制","周叔厚","观察","1947","第3卷 第14期","2-3","上海"
"與梁潄溟張東蓀兩先生論中國的文化與政治（附圖）","樊弘","观察","1947","第3卷 第14期","4-7","上海"
"略論中國政治問題：答張費二先生","粱漱溟","观察","1947","第3卷 第14期","8-10","上海"
"讀者投書：請政府一讀此信","張一文 芝","观察","1947","第3卷 第15期","1","上海"
"觀察通信版：鮑爾漢與麥斯武德","观察","1947","第3卷 第15期","13-14",NA,"上海"
"觀察通信版：中大競選武劇前後","郝稼","观察","1947","第3卷 第15期","15-17","上海"
"論勇敢的表現","徐中玉","观察","1947","第3卷 第15期","18-19","上海"
"讀者投書：大選史料","王兆和","观察","1947","第3卷 第15期","1","上海"
"讀者投書：中央大學競選規則","观察","1947","第3卷 第15期","17",NA,"上海"
"讀者投書：加强輿論力量的呼籲","範綺石","观察","1947","第3卷 第15期","17","上海"
"讀者投書：自由與發展","楊同芳","观察","1947","第2卷 第6期","1","上海"
"讀者投書：今日與年前","趙一夫","观察","1947","第2卷 第14期","1","上海"
"如何能粉飾得了太平？：由召集行憲國大想到種種","樓邦彥","观察","1948","第4卷 第5期","2-3","上海"
"內戰給予工鑛事業的摧殘","胡爲柏","观察","1948","第4卷 第5期","3-5","上海"
"美國的錢在中國用到什麼地方去的","Maxwell S. Stewart","观察","1948","第4卷 第5期","5-6","上海"
"狹路相逢","劉緒貽","观察","1948","第4卷 第5期","6-7","上海"
"現階段的戰局總檢討（觀察專稿）","观察","1948","第4卷 第5期","8-9",NA,"上海"
"國大、政局、戰局","褚光明","观察","1948","第4卷 第5期","10，9，11","上海"
"關於觀察叢書的報告：叢書預約截止，預約成績良好……","芝","观察","1948","第4卷 第6期","1","上海"
"論神祕思想：神祕的邏輯","張述祖","观察","1948","第4卷 第6期","10-12","上海"
"土地改革·地道戰（觀察專稿）","观察","1948","第4卷 第6期","13-14",NA,"上海"
"宜川之役的檢討（觀察西安通信）","观察","1948","第4卷 第6期","15-14",NA,"上海"
"法幣出關與流通券貶值所激起的波浪","高超","观察","1948","第4卷 第6期","16，12","上海"
"國代和立委的選舉糾紛","褚光明","观察","1948","第4卷 第6期","17，14","上海"
"讀“關於中共往何處去”兼論自由主義者的道路","李孝友","观察","1948","第3卷 第19期","6-8","上海"
"北平學生又被捕","观察","1948","第4卷 第1期","18-17",NA,"上海"
"大圈子裏小圈子的日本政局（東京通信）：片山內閣的土崩瓦解","劉子健","观察","1948","第4卷 第2期","8-10","上海"
"英國人看中國共產黨","观察","1948","第4卷 第2期","10-11",NA,"上海"
"在荷澤解放區所見（本文下期續完）","江沙","观察","1948","第4卷 第2期","12-14，17-18","上海"
"觀察文摘：東北嚴重性怎樣促成的？（原作者：錢邦楷）","观察","1948","第4卷 第5期","15，13",NA,"上海"
"讀者投書：中國教育一例","蕭文","观察","1948","第4卷 第5期","1","上海"
"讀者投書：青島軍火庫爆炸","孫甲","观察","1948","第4卷 第5期","1","上海"
"觀察通信版：在共軍“疲勞戰術”下的瀋陽：調兵遣將何時了，壯丁拉多少！","高超","观察","1948","第3卷 第20期","14","上海"
"觀察通信版：湖南監委選舉原原本本","黄潮如","观察","1948","第3卷 第20期","15","上海"
"觀察通信版：蛻變後的中大選潮","郝稼","观察","1948","第3卷 第20期","16","上海"
"爐邊天下：“祗要這不是個選舉年”","費孝通","观察","1948","第3卷 第20期","17-18","上海"
"觀察文摘：我們對於爭取學術獨立的意見","观察","1948","第3卷 第20期","19",NA,"上海"
"讀者投書：長春徵兵·有錢卽免","章英","观察","1948","第3卷 第20期","1","上海"
"讀者投書：廣東一角","黃玉發","观察","1948","第3卷 第20期","1","上海"
"讀者投書：關於留美攻農同學計劃的生產農場近况","观察","1948","第3卷 第20期","1",NA,"上海"
"讀者投書：何厚此而薄彼","韓超倫","观察","1948","第3卷 第20期","18","上海"
"讀者投書：寄還信袋·讀者響應","梁子奇","观察","1948","第3卷 第20期","18","上海"
"遠東經濟委員會與中國","方顯廷","观察","1948","第3卷 第20期","2-5","上海"
"團體改革的內在因素","劉迺誠","观察","1948","第3卷 第20期","6-8","上海"
"論反對政府","嚴仁賡","观察","1948","第3卷 第20期","9-10","上海"
"書評：希特勒之末日(H. R. Trover-Roper)","鄭愼山","观察","1948","第3卷 第21期","1，11","上海"
"觀察通信版：行憲與出殯","包安","观察","1948","第3卷 第21期","18，16","上海"
"讀者投書：廣州公務員的五點建議","顧軼人","观察","1948","第4卷 第11期","1，11","上海"
"聽話的藝術","楊絳","观察","1948","第4卷 第8期","18","上海"
"讀者投書：啓事：一、航空定戶注意：航空郵費最近一連漲了兩次……","芝","观察","1948","第4卷 第21期","1","上海"
"經濟學人與經濟方案","徐毓枬","观察","1948","第5卷 第13期","1-3","上海"
"從四種觀點論美蘇兩國的經濟平等","吳景超","观察","1948","第5卷 第13期","3-5","上海"
"孫內閣的五大徬徨","王渡之 芝","观察","1948","第5卷 第18期","0-1","上海"
"政治大學報告","观察","1948","第4卷 第11期","16",NA,"上海"
"中原烽火幾時休？","观察","1948","第4卷 第12期","11-12",NA,"上海"
"觀察文摘：告知識份子（原作者：張東蓀）","观察","1948","第4卷 第14期","18",NA,"上海"
"觀察通信版：關於四川最近混亂情形的詳細報告","观察","1948","第3卷 第22期","11-13",NA,"上海"
"書評：資本主義發展史的研究","嚴中平","观察","1948","第5卷 第7期","18-19","上海"
"美援究竟能幫多少忙？","程子汶","观察","1948","第5卷 第7期","2-4","上海"
"書評：讀胡適之先生校足本密爾自傳書後","吳恩裕","观察","1948","第4卷 第19期","15","上海"
"讀者投書：重慶搶米記","雷銳軍","观察","1948","第4卷 第19期","1","上海"
"讀者投書：關於安南地名","懷沙","观察","1948","第3卷 第22期","19","上海"
"論自由主義者的道路","施復亮","观察","1948","第3卷 第22期","2-4","上海"
"行憲前夕的一個違憲之法：論“戡亂時期危害國家緊急治罪條例”","芮沐","观察","1948","第3卷 第22期","5-6","上海"
"美蘇鬥爭的影響","蔡維藩","观察","1948","第3卷 第22期","6-8","上海"
"從濟南逃到浦口","王大衞","观察","1948","第5卷 第8期","15，17","上海"
"讀者投書：關於生產要素四分法","余鑫年","观察","1948","第5卷 第8期","1","上海"
"從婦女運動看婦女問題：論潘光旦先生的“婦女問題的一箇總答覆”","李超","观察","1948","第5卷 第8期","9-10","上海"
"讀者投書：中國社會經濟研究會工作綱領讀後感","周一志","观察","1948","第4卷 第4期","1，19","上海"
"聯合國大會怎樣工作","張振鵾","观察","1948","第5卷 第5期","6-9","上海"
"閻錫山的生死關頭（觀察西安通信）","观察","1948","第5卷 第6期","15-16",NA,"上海"
"論物價的局部管制","滌源","观察","1948","第5卷 第6期","3-6","上海"
"陸志章及其研究工作","余友才","观察","1948","第3卷 第19期","17-18","上海"
"再論自由主義的途徑","楊人楩","观察","1948","第5卷 第8期","2-4","上海"
"四川省委的分析","观察","1948","第4卷 第14期","16",NA,"上海"
"悼朱佩弦先生","吳晗","观察","1948","第5卷 第1期","11","上海"
"內戰全局的檢討與展望","观察","1948","第5卷 第1期","12-13",NA,"上海"
"晏陽初與中國農村建設運動","观察","1948","第5卷 第1期","14-15",NA,"上海"
"週末闢欄：生意經與外交（遊美雜記之三）","何永佶","观察","1948","第4卷 第16期","17","上海"
"看守所","魯靱","观察","1948","第5卷 第7期","17-18","上海"
"“民主主義與社會主義”補義（上）","張東蓀","观察","1948","第5卷 第1期","6-8","上海"
"讀者投書：警察與法律","丁芸 芝","观察","1948","第5卷 第2期","1","上海"
"讀者投書：爲陳誠叫屈","張靜野","观察","1948","第4卷 第11期","1","上海"
"經濟平等與廢除剝削","張東蓀","观察","1948","第4卷 第2期","2-4","上海"
"讀者投書：時代背景與學術環境","陳啓達","观察","1948","第4卷 第4期","1","上海"
"讀者投書：武大兩教授病逝","光·謨","观察","1948","第4卷 第4期","1","上海"
"讀者投書：“小總統”","观察","1948","第4卷 第4期","1",NA,"上海"
"週末闢欄：“馬克斯的私生子”(附照片）","何永佶","观察","1948","第4卷 第12期","15","上海"
"詩家妙處","徐中玉","观察","1948","第4卷 第14期","17-18","上海"
"饑餓的瀋陽","观察","1948","第4卷 第18期","13",NA,"上海"
"蕭伯納訪問記","珍·戴林波","观察","1948","第4卷 第18期","14-15","上海"
"舆愛因士坦先生的談話","羅忠恕","观察","1948","第3卷 第20期","13","上海"
"“中風”與芸香精","蔡壬侯","观察","1948","第3卷 第22期","9-10","上海"
"大韓民國李氏王朝（漢城通訊）","观察","1948","第5卷 第1期","8-9",NA,"上海"
"讀者投書：哥哥的不幸","蔣阿英","观察","1948","第5卷 第5期","1","上海"
"託治：聯合國的試金石","蕭乾","观察","1948","第5卷 第5期","3-4","上海"
"美蘇關係的在與將來","蔣學模","观察","1948","第5卷 第18期","3-5","上海"
"中國的危機及其將來","拉鐵摩爾","观察","1948","第5卷 第18期","5-6","上海"
"平津短兵相接·京滬山雨欲來","观察","1948","第5卷 第18期","7-8，6",NA,"上海"
"英國並未忘情遠東","費孝通","观察","1948","第5卷 第17期","5-6","上海"
"關於雲南最近治安情形的詳細分析","伯駱","观察","1948","第4卷 第19期","12-13","上海"
"波蘭之行（下）","葉君健","观察","1948","第5卷 第7期","9-11","上海"
"道德的眼鏡","劉緒貽","观察","1948","第5卷 第7期","11-12","上海"
"蘇北軍事的變化","常壽之","观察","1948","第5卷 第18期","9，6","上海"
"論反扶日","純青","观察","1948","第4卷 第16期","2-4","上海"
"再爲徵用國外資產呼籲","簡貫三","观察","1948","第4卷 第16期","4-6","上海"
"關於西北最近局勢的報告","观察","1948","第4卷 第20期","14-15",NA,"上海"
"開封浩刼九死一生記","黎先慧","观察","1948","第4卷 第21期","9-10","上海"
"退伍","沙平","观察","1948","第4卷 第21期","11-10","上海"
"書評：社會契約論(Sir Ernest Barker)","吳恩裕","观察","1948","第4卷 第12期","16","上海"
"讀者投書：寧波搶米記","鄭義","观察","1948","第4卷 第19期","1","上海"
"新中國的經濟和政治：答嚴仁賡先生","施復亮","观察","1948","第4卷 第21期","3-5","上海"
"英方在康藏邊區築路（附圖）","吳謐賡","观察","1948","第4卷 第21期","5-7","上海"
"鷄肋！鷄肋！：冷眼看東北的新趨勢","季明","观察","1948","第5卷 第10期","9-8","上海"
"宋子文治粤一年","木艮","观察","1948","第5卷 第10期","10-11","上海"
"清華園的制法與大選","观察","1948","第5卷 第10期","12-11",NA,"上海"
"爐邊天下：鐵幕安在","費孝通","观察","1948","第5卷 第10期","13-14","上海"
"週末闢欄：歷史囘憶片斷","張西曼","观察","1948","第4卷 第22期","14","上海"
"瀋陽春愁","高超","观察","1948","第4卷 第5期","11","上海"
"孩子、奶頭、工作：寫在兒童節後母親節前","全慰天","观察","1948","第4卷 第8期","10-11","上海"
"原子時代第三年","戴文賽","观察","1948","第4卷 第8期","11-13","上海"
"讀者投書：棲霞山的一幕","劉志鈞","观察","1948","第4卷 第9期","1","上海"
"又一篇關於共區生活的報導","观察","1948","第5卷 第7期","15",NA,"上海"
"讀者投書：政府·學生·百姓","張弢","观察","1948","第5卷 第11期","15","上海"
"讀者投書：法律！","观察","1948","第5卷 第11期","15",NA,"上海"
"讀者投書：台灣風聲","明光","观察","1948","第5卷 第11期","15","上海"
"讀者投書：一個爲“觀察”而犧牲的郵務員","李如凝","观察","1948","第5卷 第11期","15","上海"
"知識分子與文化的自由","張東蓀","观察","1948","第5卷 第11期","2-4","上海"
"悼貝納斯","朱若華","观察","1948","第5卷 第5期","2-3","上海"
"英國整軍及其影響（倫敦通信）","朱若華","观察","1948","第5卷 第13期","5-6","上海"
"瀋陽失守的尖銳報告","观察","1948","第5卷 第13期","10，6",NA,"上海"
"幣制改革有辦法嗎？","夏炎德","观察","1948","第4卷 第19期","3-5","上海"
"蘇聯即將東顧","丁驌","观察","1948","第4卷 第19期","6-7","上海"
"烽火邊沿的清華園","观察","1948","第5卷 第16期","11",NA,"上海"
"論政治變動","陳仁炳 芝","观察","1948","第5卷 第17期","0-1","上海"
"兩次幣制改革中之技術錯誤","徐毓枬","观察","1948","第5卷 第17期","1-2","上海"
"總統副總統之選","观察","1948","第4卷 第9期","13，15",NA,"上海"
"四月九日成都血案詳記","陳痛","观察","1948","第4卷 第9期","14-15","上海"
"讀者投書：呼籲國內大學增設成都考區","馬汀 劉徵麟 劉源","观察","1948","第4卷 第7期","18","上海"
"和平之助抑戰爭之路？","Michael Straight","观察","1948","第4卷 第8期","7-8","上海"
"週末闢欄：“馬克斯的私生子”：下圖：蕭伯納","观察","1948","第4卷 第12期","15",NA,"上海"
"只有兩條路！","樊弘","观察","1948","第4卷 第7期","2-3","上海"
"讀者投書：致“半價定戶”","芝","观察","1948","第4卷 第14期","1","上海"
"一場爛污","儲安平 芝","观察","1948","第5卷 第11期","0","上海"
"漫談方言文學","王了一","观察","1948","第5卷 第11期","13-14","上海"
"辯“日本復興問題”","劉子健","观察","1948","第4卷 第9期","9，12，17","上海"
"讀者投書：重慶扒手自請坐牢","馬克敦","观察","1948","第4卷 第15期","12","上海"
"讀者投書：二十世紀的“神聖同盟”","观察","1948","第4卷 第16期","1",NA,"上海"
"美國大選漫畫：共和黨與民主黨的減稅魔術：[漫畫]","观察","1948","第4卷 第10期","7",NA,"上海"
"美國大選漫畫：谷維退進：脫虎塔：[漫畫]","观察","1948","第4卷 第10期","7",NA,"上海"
"美國大選漫畫：司徒森：勇敢向前：[漫畫]","观察","1948","第4卷 第10期","7",NA,"上海"
"漢字的改革","劉學濬","观察","1948","第4卷 第16期","6-8","上海"
"讀者投書：劉不同","韋仲儒","观察","1948","第4卷 第21期","1","上海"
"北平探監記（觀察北平通信）","观察","1948","第5卷 第5期","15",NA,"上海"
"觀測日月食","戴文賽","观察","1948","第4卷 第11期","9-11","上海"
"空心戰與穿心戰","观察","1948","第4卷 第11期","12-13",NA,"上海"
"關于共軍圖川和政府部署的報告（附圖）","观察","1948","第4卷 第11期","14-15，13",NA,"上海"
"總統的災難（紐約通信）","楊剛","观察","1948","第4卷 第4期","8-10","上海"
"美國對華政策的冒險","Nathaniel Peffer","观察","1948","第4卷 第4期","10-12","上海"
"讀者投書：請注意外國流氓","張大庸 芝","观察","1948","第4卷 第5期","1","上海"
"書評：評李廣田創作“引力”","李長之","观察","1948","第5卷 第5期","18","上海"
"激速轉舵下的美國對日政策","Mark Gayn","观察","1948","第5卷 第6期","11-12","上海"
"經濟評論社徵約國内各地經濟通訊記者啓事","观察","1948","第5卷 第7期","16",NA,"上海"
"我主張中學不要敎文言文","季振平","观察","1948","第5卷 第7期","7-9","上海"
"編者報告：半價定戶：清寒讀者來函登記定閱半價本的……","观察","1948","第5卷 第1期","1",NA,"上海"
"評晏陽初“開發民力建設鄕村”","費孝通","观察","1948","第5卷 第1期","3-6","上海"
"談方言文學","郭紹虞","观察","1948","第5卷 第5期","16-17","上海"
"評最近官方挽救經濟危機的辦法","施復亮","观察","1948","第5卷 第12期","2-5","上海"
"關於雲南最近一連串的民變的詳細報告","苗伯駱","观察","1948","第4卷 第4期","18，15","上海"
"儼然第二個暴風雨的前夕（美國通訊）","楊慶堃","观察","1948","第4卷 第6期","8-9","上海"
"讀者投書：一年之間","黃文通 芝","观察","1948","第4卷 第7期","1","上海"
"讀者投書：末日","葉良文","观察","1948","第5卷 第8期","1","上海"
"讀者投書：進步黨大會旁聽記","陶維大 芝","观察","1948","第5卷 第6期","1","上海"
"波蘭之行（下期續完）","葉君健","观察","1948","第5卷 第6期","9-10","上海"
"狂瀾","劉緒貽","观察","1948","第5卷 第17期","3-4","上海"
"讀者投書：上海監獄","張明琴","观察","1948","第3卷 第19期","1","上海"
"論神境","曹覺民","观察","1948","第4卷 第3期","18","上海"
"敬悼甘地先生：[詩歌]","陳夢家","观察","1948","第4卷 第3期","18","上海"
"讀者投書：港幣統治華南","王兆和","观察","1948","第4卷 第20期","1","上海"
"讀者投書：廣州亂抓壯丁","王兆和","观察","1948","第4卷 第20期","1","上海"
"讀者投書：戡亂委員","胡家祜","观察","1948","第4卷 第20期","1","上海"
"讀者投書：一位國大代表的來信","趙瑞生 芝","观察","1948","第4卷 第11期","1","上海"
"讀者投書：請看西安","張一文","观察","1948","第4卷 第11期","11","上海"
"話說天下大勢","观察","1948","第4卷 第12期","13，18",NA,"上海"
"立法院首屆會議草草開幕","观察","1948","第4卷 第12期","14，16-17",NA,"上海"
"此中士之遠患，而非目前之近憂","王鐵崖","观察","1948","第4卷 第11期","3-4","上海"
"論中國式的代議制度","何永佶","观察","1948","第4卷 第11期","4-6","上海"
"原子能與世界大局（倫敦通信）","陳志讓","观察","1948","第5卷 第12期","5-7","上海"
"編者緊急報告：我們經鄭重考慮後……","观察","1948","第5卷 第12期","8",NA,"上海"
"物價·豪門·大局","观察","1948","第5卷 第12期","9-10",NA,"上海"
"讀者投書：讀史","劉潤田 芝","观察","1948","第4卷 第22期","1","上海"
"一丘之貉","(匈牙利)B·易澳士","观察","1948","第5卷 第1期","18-19","上海"
"南京重陽後","观察","1948","第5卷 第9期","12",NA,"上海"
"讀者投書：不要消極","張高志 胡文山","观察","1948","第4卷 第21期","1","上海"
"讀者投書：唐山學生的呼籲","如蕾","观察","1948","第4卷 第21期","1","上海"
"記湖南田糧大貪污案（觀察長沙通信）","观察","1948","第5卷 第8期","16-17",NA,"上海"
"書評：韋伯夫人“我倆的伴侶生活”（BeatriceWebb著）","呂玉文","观察","1948","第5卷 第8期","18","上海"
"編者報告：篇幅問題","观察","1948","第5卷 第1期","1",NA,"上海"
"編者報告：幣制改制以後","观察","1948","第5卷 第1期","1",NA,"上海"
"南京學生宣佈聯防","冰若","观察","1948","第4卷 第14期","14-16","上海"
"物價漲風的新階段","笪移今","观察","1948","第4卷 第20期","3-5","上海"
"蘇聯準備發動世界戰爭嗎？","Henry J. Taylor","观察","1948","第4卷 第20期","5-6","上海"
"論商賈：“從社會結構看中國”之五","袁方","观察","1948","第3卷 第19期","11-13","上海"
"觀察通信版：蘇北實地視察錄","鄉少","观察","1948","第3卷 第19期","14-15","上海"
"觀察通信版：台灣“總有一天”","鄭俠","观察","1948","第3卷 第19期","16","上海"
"觀察文摘：從政策上論中國政治（原作者浩然）","观察","1948","第4卷 第11期","19，13",NA,"上海"
"“法意”出版二百年（巴黎通信）","凌卓","观察","1948","第5卷 第11期","7","上海"
"聯合國的安全理事會與國際和平","李浩培","观察","1948","第4卷 第7期","5-6","上海"
"美援與英國外交（倫敦通訊）","田汝康","观察","1948","第4卷 第7期","7-8","上海"
"擬J·瑪薩里克遺書","蕭乾","观察","1948","第4卷 第7期","8，16","上海"
"讀者投書：居然有這等事","許文靜 芝","观察","1948","第4卷 第4期","1","上海"
"我逃出了長春","陶永芳","观察","1948","第5卷 第7期","13-14","上海"
"讀者投書：關於“戀愛、婚姻、家庭”","黃嘉音","观察","1948","第4卷 第20期","1","上海"
"中國留美學生政治意見測驗統計","莫如儉","观察","1948","第4卷 第20期","7-8","上海"
"悼柏蒂也夫(Nlcolai Berdyaev)敎授","潘光旦","观察","1948","第4卷 第20期","8-9","上海"
"何處是歸程？長亭更短亭！","观察","1948","第4卷 第20期","10-11",NA,"上海"
"局勢又臨緊張階段","观察","1948","第5卷 第17期","7-8，11",NA,"上海"
"華北大戰前夕鳥瞰","观察","1948","第5卷 第17期","9，11",NA,"上海"
"觀察叢書新書預告之六：英國采風錄（儲安平著）","观察","1948","第5卷 第11期","14",NA,"上海"
"國大召開前夕（觀察南京通信）","观察","1948","第4卷 第4期","14",NA,"上海"
"劉戡陣亡·西安震動（觀察西安通信）","观察","1948","第4卷 第4期","15",NA,"上海"
"縱談東北大局（觀察瀋陽通信）","观察","1948","第4卷 第4期","16-17",NA,"上海"
"海德拉巴：印度的“問題土邦”（德里通信）","嚴紹端","观察","1948","第5卷 第8期","7-9","上海"
"觀察叢書新書預告之五：優生原理（潘光旦編）","观察","1948","第5卷 第11期","14",NA,"上海"
"危世盛典","观察","1948","第5卷 第17期","10-11",NA,"上海"
"總統北廵與北方大局（觀察北平通信）","观察","1948","第5卷 第8期","13-14",NA,"上海"
"讀者投書：老百姓之訴","陳志清","观察","1948","第4卷 第11期","1","上海"
"讀者投書：一位老太太的血汗","林其仁","观察","1948","第4卷 第19期","10","上海"
"杜威入選與對華政策：三論美國大選","費孝通","观察","1948","第4卷 第19期","2-3","上海"
"北方政局觀測","观察","1948","第4卷 第20期","11-13",NA,"上海"
"廢除剝削與增加生產","施復亮","观察","1948","第4卷 第4期","6-8","上海"
"《中國在戥盤上》延至九月出版","观察","1948","第4卷 第22期","14",NA,"上海"
"讀者投書：大鈔出籠","王兆和","观察","1948","第4卷 第22期","1","上海"
"讀者投書：上海的小學教師","观察","1948","第4卷 第22期","1",NA,"上海"
"讀者投書：黨籍與出路","余思文","观察","1948","第4卷 第22期","1","上海"
"讀者投書：生產要素四分法合理乎","翁詠慶 芝","观察","1948","第5卷 第7期","1","上海"
"廣西在尋覓一條道路","懷藍","观察","1948","第5卷 第7期","16","上海"
"讀者投書：一個老百姓的控訴","丁溪陽 芝","观察","1948","第5卷 第8期","1","上海"
"讀者投書：巴黎來函：編者先生：勝利以來……（一九四八年八月廿日）","观察","1948","第5卷 第3期","1",NA,"上海"
"讀者投書：考生控訴","閔思彥 胡英民","观察","1948","第5卷 第3期","1","上海"
"國法與校章之間","樓邦彥","观察","1948","第5卷 第3期","2-3","上海"
"舉世瞩目的柏林問題（倫敦通信）","朱若華","观察","1948","第5卷 第9期","5-6","上海"
"觀察叢書新書預告三：龍蟲並雕齋瑣語（王了一著）","观察","1948","第5卷 第9期","6",NA,"上海"
"政局報告：忙小局與撑大局","观察","1948","第5卷 第9期","7-8",NA,"上海"
"政局報告：佈新局與看外局","观察","1948","第5卷 第9期","8",NA,"上海"
"政局報告：想以外戰救內戰","观察","1948","第5卷 第9期","8-9",NA,"上海"
"華鎣山之戰","观察","1948","第5卷 第9期","9-10",NA,"上海"
"讀者投書：今日之糧政！","蔚如 芝","观察","1948","第3卷 第22期","1","上海"
"讀者投書：南昌亂抓壯丁","凌之上","观察","1948","第4卷 第1期","1","上海"
"中國在聯合國（聯組（聯合國）通訊之一）","何永佶","观察","1948","第5卷 第10期","7-8","上海"
"讀者投書：痛斥編者：編輯先生：讀貴刊四卷廿四期“觀察第四卷報告書”後……","观察","1948","第5卷 第4期","1",NA,"上海"
"評全國學生被捕事","張志讓","观察","1948","第5卷 第4期","2-3","上海"
"張羣訪日之行","方秋葦","观察","1948","第5卷 第4期","3-5","上海"
"改革幣制已屆成敗關頭：政府應立下决心去“停放封存”並應立卽發行物價指數債券","劉大中","观察","1948","第5卷 第4期","5-7","上海"
"歐洲與美援：馬歇爾計劃的眞面目（附圖）","Victor Perlo David Ramsey","观察","1948","第4卷 第1期","6-9","上海"
"晉南解放區的鬥爭情形","李子靜","观察","1948","第4卷 第2期","14","上海"
"論當前的經管情形：保護消費者還是保護生產者？","施復亮 芝","观察","1948","第5卷 第10期","0-3","上海"
"讀者投書：恨：編者先生：我們鄉下人對政府已經完全失去信仰……","胡國安 樂知先 水嘉明","观察","1948","第5卷 第10期","15","上海"
"讀者投書：台灣與米","謝菁","观察","1948","第5卷 第10期","15","上海"
"讀者投書：一筆賬（附表）","雙玉","观察","1948","第5卷 第10期","15","上海"
"讀者投書：“閱讀觀察的自由”","观察","1948","第5卷 第10期","15",NA,"上海"
"讀者投書：兩難","羅茵","观察","1948","第5卷 第10期","15","上海"
"百孔千瘡的物價管制","劉滌源","观察","1948","第5卷 第10期","3-5","上海"
"論現行法律敎育制度","徐道鄰","观察","1948","第5卷 第3期","3-5","上海"
"婦女問題的一個總答覆","潘光旦","观察","1948","第5卷 第3期","5-7","上海"
"“民主主義與社會主義”補義（下）","張東蓀","观察","1948","第5卷 第3期","7-9","上海"
"印度獨立一年","观察","1948","第5卷 第3期","9-10",NA,"上海"
"知識·生活·宇宙","劉緒貽","观察","1948","第5卷 第3期","10-12","上海"
"讀者投書：七五事件的政治的·道德的·法律的責任","侯庭督 芝","观察","1948","第5卷 第4期","1","上海"
"記閻錫山治下的山西","葉平","观察","1948","第5卷 第4期","12-13","上海"
"透視川西的農地與農村","小莊","观察","1948","第5卷 第4期","14-15","上海"
"浙大學生被捕詳記","SY","观察","1948","第5卷 第4期","16-15","上海"
"週末闢欄：“老成重持”英國政治風度","Kingsley Martir","观察","1948","第5卷 第4期","17","上海"
"略談敦煌藝術的意義與價值","宗白華","观察","1948","第5卷 第4期","18","上海"
"工業化的利弊：讀了潘光旦先生“工業化與人格”一文以後","劉緒貽","观察","1948","第5卷 第10期","6-7","上海"
"讀者投書：大夏大學來函","观察","1948","第4卷 第15期","1",NA,"上海"
"讀者投書：中央電影公司來函","观察","1948","第4卷 第15期","1",NA,"上海"
"讀者投書：中國新社會革命黨來函","观察","1948","第4卷 第15期","1，12",NA,"上海"
"瀋陽冬令營的風波","高超","观察","1948","第4卷 第2期","15-14","上海"
"爐邊天下：巴力門·電影業·“中國出路”","費孝通","观察","1948","第4卷 第2期","16-17","上海"
"讀者投書：北大·清華·師院·燕京四大學教授九十人來函","方亮 王之軒 王金銘","观察","1948","第4卷 第10期","1，11","上海"
"美國大選漫畫：杜威：“走快些會顯得不莊重嗎？”：[漫畫]","观察","1948","第4卷 第10期","7",NA,"上海"
"美國大選漫畫：華萊士：愈敲愈響了：[漫畫]","观察","1948","第4卷 第10期","7",NA,"上海"
"美國大選漫畫：南方人的內政觀：[漫畫]","观察","1948","第4卷 第10期","7",NA,"上海"
"讀者投書：兩管區裏的百姓","观察","1948","第5卷 第9期","15",NA,"上海"
"讀者投書：在美國船上看美國","周良彥","观察","1948","第5卷 第9期","15","上海"
"讀者投書：又是一個不明白的數字","徐紉秋","观察","1948","第5卷 第9期","15","上海"
"讀者投書：研究生公費只有四角七分！","高鴻榮 白華生 方志祥","观察","1948","第5卷 第9期","15","上海"
"再論內戰","楊人楩","观察","1948","第5卷 第9期","1-3","上海"
"論遠東馬歇爾計劃","羅志如","观察","1948","第5卷 第9期","4-5","上海"
"記北平學生反扶日突擊大遊行","观察","1948","第4卷 第17期","13-14",NA,"上海"
"讀者投書：程孝剛","潘興達 芝","观察","1948","第4卷 第18期","1","上海"
"爛污東北（觀察瀋陽通訊）","观察","1948","第4卷 第7期","11-12",NA,"上海"
"北大“三·二九”前後（觀察北平通信）","观察","1948","第4卷 第7期","13",NA,"上海"
"大局外弛内張","观察","1948","第5卷 第16期","7-9",NA,"上海"
"雜言：關於著作的","錢鍾書","观察","1948","第4卷 第2期","17","上海"
"兗州易手詳記","倍原","观察","1948","第4卷 第22期","10-11","上海"
"人民對於內戰的負担","观察","1948","第4卷 第22期","12-13，11",NA,"上海"
"敎育與政治","劉大杰","观察","1948","第5卷 第8期","4-6","上海"
"從“戰前標準”看公敎人員待遇","王璧岑","观察","1948","第5卷 第8期","6-7","上海"
"來函照登：逕啓者：查貴社觀察第五卷第三期讀者投書欄……","观察","1948","第5卷 第8期","18",NA,"上海"
"編者報告：觀察叢書·觀察譯叢","观察","1948","第5卷 第1期","1",NA,"上海"
"編者報告：致謝：在這休刊的兩週中……","观察","1948","第5卷 第1期","1",NA,"上海"
"觀察文摘：今年的起碼希望（原作者；陸志韋）","观察","1948","第3卷 第22期","19",NA,"上海"
"讀者投書：龍套自述","黃龍生","观察","1948","第3卷 第22期","1","上海"
"讀者投書：學生之言","文杏","观察","1948","第3卷 第22期","1","上海"
"從立法院的派系說到國民黨的攺造","观察","1948","第4卷 第22期","9-10",NA,"上海"
"四年","黎寧","观察","1948","第4卷 第22期","15-14","上海"
"德國問題的癥結","观察","1948","第5卷 第1期","10",NA,"上海"
"讀者投書：沒有錢結婚","侯玉文","观察","1948","第3卷 第19期","18","上海"
"我們建議政府調查並公佈白報紙配給情形","儲安平","观察","1948","第3卷 第19期","2-4","上海"
"知識生活的偏向","劉緒貽","观察","1948","第3卷 第19期","5-6","上海"
"關於七五慘案最近的報導","观察","1948","第5卷 第1期","16-17",NA,"上海"
"讀者投書：直接定閱·優待十天：從本期起，我們仍須增售一千元……","观察","1948","第3卷 第19期","1",NA,"上海"
"讀者投書：政府改進爲一切之前題","周一志","观察","1948","第3卷 第19期","1","上海"
"讀者投書：又一個被鬥爭者的陳訴","郭少川","观察","1948","第3卷 第19期","1","上海"
"印度的道路（新德里通信）","嚴紹端","观察","1948","第3卷 第19期","8-10","上海"
"觀察文摘：自由份子與民主政治（原作者：朱光潛）","观察","1948","第3卷 第19期","19",NA,"上海"
"觀察通信版：新年新政","观察","1948","第3卷 第22期","14",NA,"上海"
"觀察通信版：西北局勢報告","观察","1948","第3卷 第23期","15-16",NA,"上海"
"關於“鄉土工業”和“紳權”","費孝通","观察","1948","第4卷 第4期","12-13，17","上海"
"故國風光","戴鎦齡","观察","1948","第4卷 第4期","19","上海"
"讀者投書：關於“美國的機器”","陳家澂","观察","1948","第3卷 第19期","1，18","上海"
"美國闊步世界","(英)拉斯基","观察","1948","第3卷 第20期","10-12","上海"
"日本政局（東京通信）","謝南陽","观察","1948","第3卷 第22期","8-9","上海"
"狂妄爲什麽會招致失敗","羅素","观察","1948","第5卷 第11期","8，14","上海"
"杜魯門勝利的分析","楊慶堃 芝","观察","1948","第5卷 第12期","0-2","上海"
"法國的磨難和危機","观察","1948","第5卷 第12期","7-8",NA,"上海"
"政治失常","儲安平 芝","观察","1948","第5卷 第13期","0-1","上海"
"大局的搶救","观察","1948","第5卷 第13期","8-9",NA,"上海"
"北方大局識小錄","观察","1948","第5卷 第16期","10-9",NA,"上海"
"一個面臨毀滅的世界","Aldous Huxley","观察","1948","第5卷 第17期","4-5","上海"
"一八四八·一九四八：歷史的兩個轉捩點","嚴仁賡","观察","1948","第5卷 第18期","1-3","上海"
"編後：紙還是買不到……","观察","1948","第5卷 第10期","8",NA,"上海"
"在冀東共區所見","观察","1948","第5卷 第11期","12-11",NA,"上海"
"一顆微妙的心","袁昌英","观察","1948","第4卷 第7期","16","上海"
"讀者投書：長春徵兵，惠及獄囚","賈子心","观察","1948","第4卷 第7期","1","上海"
"讀者投書：台灣人民看憲法","林建勳","观察","1948","第4卷 第7期","1","上海"
"在歐洲看大局（巴黎通信）","观察","1948","第4卷 第11期","6-7",NA,"上海"
"讀者投書：政府和人民愈站愈遠了","葉翰蜚 芝","观察","1948","第4卷 第12期","1","上海"
"讀者投書：小學生與國代","方鈞","观察","1948","第4卷 第7期","1","上海"
"鄭兆夏和積鐵","費孝通","观察","1948","第4卷 第7期","14-15","上海"
"讀者投書：咄咄逼人","張雲平","观察","1948","第4卷 第7期","1","上海"
"讀潘光旦先生婦女問題的論文後","黃碧遙","观察","1948","第5卷 第8期","10-12","上海"
"呼籲和平","張申府 芝","观察","1948","第5卷 第9期","0-1","上海"
"記最近陝西省東戰役","观察","1948","第5卷 第9期","11",NA,"上海"
"觀察叢書新書預告一：兩條路（樊弘著）","观察","1948","第5卷 第9期","11",NA,"上海"
"觀察叢書新書預告之四：新疆十年（周東郊著）","观察","1948","第5卷 第11期","14",NA,"上海"
"釋Liberal·Liberhsm","鄭愼山","观察","1948","第4卷 第6期","4-5","上海"
"讀者投書：總統問題","陸文興","观察","1948","第4卷 第7期","18","上海"
"讀者投書：重要啟事：本社業務日繁……","芝","观察","1948","第3卷 第19期","1","上海"
"讀者投書：美國學生與政治","田心源","观察","1948","第4卷 第8期","1","上海"
"讀者投書：川東不靖","張源","观察","1948","第4卷 第8期","1","上海"
"讀者投書：主張中間路線的也算犯法了","程清英","观察","1948","第4卷 第8期","1","上海"
"重演歷史？創造歷史？","孫克寬","观察","1948","第4卷 第8期","2-6","上海"
"書評：馬開維里代表思想選集(Count Carlo Sforza)","吳恩裕","观察","1948","第3卷 第22期","18","上海"
"讀者投書：關於“立法顧問委員會”","龍子","观察","1948","第3卷 第22期","19","上海"
"撲朔迷離的太原戰局","季明","观察","1948","第5卷 第18期","10","上海"
"蔣總統二次北廵","观察","1948","第5卷 第11期","9-10",NA,"上海"
"饑餓的野火","观察","1948","第5卷 第11期","10-11",NA,"上海"
"五十天軍事局勢的總檢討","季明","观察","1948","第5卷 第12期","11","上海"
"編者報告：關於定閱的兩點報告","观察","1948","第4卷 第3期","19",NA,"上海"
"“雙活”和聯着的兩張“弓”","观察","1948","第4卷 第8期","14-13",NA,"上海"
"國大·總統·憲法","观察","1948","第4卷 第8期","15，18",NA,"上海"
"北平四“罷”合流","观察","1948","第4卷 第8期","16-17",NA,"上海"
"人像","范泉","观察","1948","第5卷 第18期","11","上海"
"讀者投書：新文字","仲魯","观察","1948","第4卷 第19期","1，10","上海"
"讀者投書：啓事：一、上海雜誌界爲此次航空郵資加價……","芝","观察","1948","第4卷 第20期","1","上海"
"辯論","齊星","观察","1948","第4卷 第20期","15","上海"
"東北·山西、北平·天津讀者注意：上列四區的觀察叢書暫時寄不出去……","观察","1948","第4卷 第18期","12",NA,"上海"
"殤：端午節的第二天，上午十點鐘……","汪銘","观察","1948","第4卷 第19期","14-15","上海"
"週末闢欄：談今天的學生","余才友","观察","1948","第4卷 第9期","16-17","上海"
"許勇三的音樂作品","戴文賽","观察","1948","第4卷 第9期","18","上海"
"限價解除·危機依舊","笪移今","观察","1948","第5卷 第11期","1-2","上海"
"以“積點制”及“服務紀錄”解决用人問題","李翰如","观察","1948","第5卷 第11期","5-7","上海"
"讀者投書：天津郵檢（天津讀者注意）","由元","观察","1948","第4卷 第20期","1","上海"
"讀者投書：中國留美學生政治意見測驗統計的來源","观察","1948","第4卷 第21期","1",NA,"上海"
"金圓券能够穩定物價嗎？","樊弘","观察","1948","第5卷 第1期","2-3","上海"
"讀者投書：中國科學工作者協會的抗議","观察","1948","第4卷 第14期","1",NA,"上海"
"評翁文灝內閣","儲安平","观察","1948","第4卷 第15期","2-3","上海"
"觀察文摘：論作官與用人（原作者：浩然）","观察","1948","第4卷 第16期","18",NA,"上海"
"從幾個世運選手拒絕返國說起","潘光旦","观察","1948","第5卷 第2期","3-6","上海"
"“民主主義與社會主義”補義（下）","張東蓀","观察","1948","第5卷 第2期","6-7","上海"
"“紅帽子”在美國：記“非美行動調查委員會”（美國通訊）","段連城","观察","1948","第5卷 第2期","7-9","上海"
"讀者投書：關於“轉載”","陳遲","观察","1948","第4卷 第18期","15","上海"
"物價狂漲！物價狂漲！","劉滌源","观察","1948","第4卷 第18期","2-4","上海"
"馬約翰底體育","余才友","观察","1948","第4卷 第15期","15-16","上海"
"瑪瑙戒指","藍蒲珍","观察","1948","第4卷 第15期","17","上海"
"書評：從“新經濟學”談到凱因斯和馬克思","張培剛","观察","1948","第4卷 第15期","18，16","上海"
"箭在弦上的幣制改革","笪移今","观察","1948","第4卷 第18期","4-6","上海"
"讀者投書：TV宋的平行公路","王兆和 芝","观察","1948","第4卷 第19期","1","上海"
"退無以守，進必以戰","劉緒貽","观察","1948","第4卷 第19期","8-10","上海"
"開封失陷·在京豫人請願詳記","李錚","观察","1948","第4卷 第19期","11，13","上海"
"讀者投書：來函照登：敬啓者：閱讀貴刊第四卷十九期關於雲南的一篇通信中……","申慶璧","观察","1948","第4卷 第22期","1","上海"
"讀者投書：不公平中的不公平","唐行南","观察","1948","第4卷 第15期","1","上海"
"讀者投書：四川的團防","古宋申肅","观察","1948","第4卷 第15期","1","上海"
"讀者投書：南昌中國新報第二次","崔毅然","观察","1948","第4卷 第15期","1","上海"
"兩種克服自然的知識活動及其衝突","劉緒貽","观察","1948","第4卷 第10期","9-11","上海"
"副總統選舉的曲折","观察","1948","第4卷 第10期","12-13",NA,"上海"
"陝北戰局","观察","1948","第4卷 第10期","14",NA,"上海"
"中大學生自治運動的新階段","郝稼","观察","1948","第4卷 第10期","15-16","上海"
"罷課期間的清華園","健民","观察","1948","第4卷 第10期","16，14","上海"
"週末闢欄：錢面前的平等（遊美雜記之二）","何永佶","观察","1948","第4卷 第10期","17","上海"
"甘地·羅曼羅蘭會談詳記（下期續完）","凌卓","观察","1948","第4卷 第10期","18-19","上海"
"讀者投書：一個出席國大採訪的新聞記者的來信","观察","1948","第4卷 第10期","11，13-14",NA,"上海"
"重慶政聞：政治重鬥争，表演盡微妙","观察","1946","第1卷 第17期","15",NA,"上海"
"論國體問題","吳世昌 芝","观察","1946","第1卷 第18期","2-4","上海"
"尾頁：疏廣答勸買田宅書","孟暉","观察","1946","第1卷 第18期","21","上海"
"尾頁：豐湖之春","梁國冠","观察","1946","第1卷 第18期","22","上海"
"尾頁：負生偶記（十二）","观察","1946","第1卷 第18期","22",NA,"上海"
"尾頁：爲嬰兒立志","蔡兆雪","观察","1946","第1卷 第17期","22","上海"
"美國敎師的貧困","梁甌第","观察","1946","第1卷 第13期","14-15","上海"
"戰敗後的日本（東京通信）","味橄","观察","1946","第1卷 第3期","11-12","上海"
"尾頁：“成見”的故事：本期所刊“成見的根源”一文……","观察","1946","第1卷 第18期","22",NA,"上海"
"土地稅（附圖）","馬寅初","观察","1946","第1卷 第18期","4-8","上海"
"求生與求勝","全慰天","观察","1946","第1卷 第18期","9-10","上海"
"派與匯（四）","潘光旦","观察","1946","第1卷 第18期","10-12","上海"
"成見的根源","阮春芳","观察","1946","第1卷 第18期","12-13，16","上海"
"江南情：若問江南情，鷄犬亦不寗","观察","1946","第1卷 第18期","14-15",NA,"上海"
"盧漢張邦翰之間","牛","观察","1946","第1卷 第18期","15-16","上海"
"文學·藝術·戯劇·音樂：鬥爭中的莎士比亞（四）","Donald Morrow","观察","1946","第1卷 第18期","17-20","上海"
"中國之過去與將來：二、中國歷史上的十個時期（附圖）（未完）","張東蓀","观察","1946","第1卷 第2期","10-12","上海"
"紐約來鴻：編者先生：在國外得讀“觀察”數期……","田莊","观察","1946","第1卷 第13期","20","上海"
"文學·藝術·戯劇·音樂：鬥爭中的莎士比亞（三）","Donald Morrow","观察","1946","第1卷 第17期","18-21","上海"
"尾頁：台灣的傳奇人物沈顧問","萬力","观察","1946","第1卷 第17期","22","上海"
"尾頁：塔塔木林","青","观察","1946","第1卷 第17期","22","上海"
"尾頁：三峽行","炎","观察","1946","第1卷 第8期","24","上海"
"和平與太平","雷海宗 芝","观察","1946","第1卷 第9期","2-3","上海"
"尾頁：越北見聞囘憶錄","雲野","观察","1946","第1卷 第9期","22","上海"
"尾頁：負生偶記（六）：世傳張猛龍碑……","观察","1946","第1卷 第9期","22",NA,"上海"
"尾頁：西江月：太平洋舟中賀莎菲生日：有序：[詩詞]","任鴻雋","观察","1946","第1卷 第9期","22","上海"
"公敎人員的待遇怎樣才能得到眞正的改善？","伍啓元","观察","1946","第1卷 第8期","7-8","上海"
"戰從義·政從仁：哀中國的兵學","純青","观察","1946","第1卷 第8期","8-10","上海"
"思想之改造（中）","胡先驌","观察","1946","第1卷 第8期","11-13","上海"
"個己的產生","廖世承","观察","1946","第1卷 第8期","14-15","上海"
"觀察通信版：一個政府簡任官吏的囘鄕見聞：從中國鄕村看中國政治：豐收醫治不了農村的殘破和創傷……","观察","1946","第1卷 第8期","16-19",NA,"上海"
"觀察通信版：蘭州秋色","观察","1946","第1卷 第8期","19-20",NA,"上海"
"文學·藝術·戯劇·音樂：悲劇世界之變遷","(德)馬爾苦賽","观察","1946","第1卷 第8期","21-23","上海"
"尾頁：湖上秋遊","蔡壬侯","观察","1946","第1卷 第15期","22","上海"
"關於“軍與民的社會地位”","吳世昌","观察","1946","第1卷 第16期","6-8","上海"
"派與匯（二）","潘光旦","观察","1946","第1卷 第16期","8-11","上海"
"美國人和癌症的抗爭","蔡壬侯","观察","1946","第1卷 第16期","11-13","上海"
"尾頁：負生偶記（四）","观察","1946","第1卷 第7期","22",NA,"上海"
"觀察通信版：痛定思痛·爲誰而戰，殺了又殺·此結怎解：燕樹棠敎授主張作一次千人訪問，戰争打開了許多亮眼瞎子的眼睛：一齣時代煎烤的大悲劇","观察","1946","第1卷 第7期","15-16",NA,"上海"
"觀察通信版：動盪中的四川政局：張岳軍去美就醫容有其他原因，歸國後返任與否仍爲未知因素","观察","1946","第1卷 第7期","16-18",NA,"上海"
"觀察通信版：南京的外交圈：英大使施諦文：型典的英國紳士，美大使司徒雷登：忠實的傳敎士……","观察","1946","第1卷 第7期","18-19",NA,"上海"
"文學·藝術·戯劇·音樂：山野行記","卞之琳","观察","1946","第1卷 第7期","20-21","上海"
"中國需要重建權威","吳世昌 芝","观察","1946","第1卷 第8期","2-6","上海"
"尾頁：負生偶記（五）","观察","1946","第1卷 第8期","24",NA,"上海"
"尾頁：引退的風度","靜","观察","1946","第1卷 第8期","24","上海"
"尾頁：關於新疆","景伊","观察","1946","第1卷 第8期","24","上海"
"觀察通信版：學府權勢·炙手可熱，中大“解聘”教授别記：楊晦·盧峻·林本等五十餘人未被續聘……","观察","1946","第1卷 第6期","18-19",NA,"上海"
"文學·藝術·戯劇·音樂：論文藝底空靈與充實（附圖）","宗白華","观察","1946","第1卷 第6期","20-21","上海"
"尾頁：古城夕照","蔡壬侯","观察","1946","第1卷 第6期","22","上海"
"說民主","蕭公權 芝","观察","1946","第1卷 第7期","2-6","上海"
"第二個聞一多事件萬萬製造不得","儲安平","观察","1948","第4卷 第10期","2-3","上海"
"忠告民社黨和青年黨","季羡林","观察","1948","第4卷 第13期","2-3","上海"
"論“以平等待我的民族”兼論我們的道路","周東郊","观察","1948","第4卷 第13期","3-5","上海"
"科舉選舉與中國式的民主：與何永佶先生論“中國式的代議制度”","林志純","观察","1948","第4卷 第13期","5-7","上海"
"讀者投書：讀“向全國的父母們哭訴”（一）：編者先生：讀了觀察四卷十二期中學生吳國鈞……","蔡侯","观察","1948","第4卷 第14期","1","上海"
"讀者投書：讀“向全國的父母們哭訴”（二）：編者先生：讀到貴刊四卷十二期“向全國的父母們哭訴”一文……","陳思卓","观察","1948","第4卷 第14期","1，13","上海"
"“和平之謎”","費孝通","观察","1948","第4卷 第14期","2-4","上海"
"論所謂“中國式的代議制度”","吳晗","观察","1948","第4卷 第14期","4-7","上海"
"文字改革的實驗","金輪海","观察","1948","第4卷 第14期","7-9","上海"
"東歐、西歐及新的戰爭：一個旅行家的觀感","葉君健","观察","1948","第4卷 第14期","9-12","上海"
"陝晉戰局與胡宗南部","观察","1948","第4卷 第1期","15-16",NA,"上海"
"世界之兩極化（遊美雜記之一）","何永佶","观察","1948","第4卷 第1期","19-20","上海"
"內戰論","楊人楩","观察","1948","第4卷 第4期","2-5","上海"
"爐邊天下：拆爐話北美","費孝通","观察","1948","第4卷 第5期","12-13","上海"
"論皇權","吳晗","观察","1948","第4卷 第6期","5-7","上海"
"論“動員戡亂時期臨時條欵”","樓邦彦","观察","1948","第4卷 第10期","4-5","上海"
"美國大選點將錄（美國通訊）","段連城","观察","1948","第4卷 第10期","5-6，8-9","上海"
"觀察文摘：我們對於設立特種刑事法庭的抗議","观察","1948","第4卷 第12期","17",NA,"上海"
"讀者投書：南京中華門外一事","观察","1948","第4卷 第12期","1",NA,"上海"
"讀者投書：湖北師範學院學生的申訴","观察","1948","第4卷 第12期","1",NA,"上海"
"讀者投書：山西省政府來函：逕啓者，頃准太原綏靖公署通知……","观察","1948","第4卷 第12期","1",NA,"上海"
"三十年來中國科學工作的檢討","袁翰青","观察","1948","第4卷 第12期","2-3","上海"
"在我們的“大海船”上","何孝達","观察","1948","第4卷 第14期","12-13","上海"
"讀者投書：一筆賬：請看老百姓的負担","朱樹錦 芝","观察","1948","第4卷 第15期","1","上海"
"讀敎育部兩個代電後","樓邦彦","观察","1948","第4卷 第15期","4-5","上海"
"原子能與世界和平","袁翰青","观察","1948","第4卷 第15期","5-7","上海"
"一個英國鄉村時事討論會旁聽記（倫敦通信）","田汝康","观察","1948","第4卷 第15期","7-8","上海"
"我們眼中的工友變了","何孝達","观察","1948","第4卷 第15期","8-10","上海"
"朝氣勃勃的華萊士進步黨","Howard K. Smith","观察","1948","第5卷 第5期","9-10","上海"
"金圓券與政治的延續","观察","1948","第5卷 第5期","11-12",NA,"上海"
"游剿制面與冀東戰事（觀察北平通信）","观察","1948","第5卷 第5期","13，1",NA,"上海"
"科學精神與民主態度","楊人楩","观察","1948","第5卷 第6期","6-8","上海"
"觀察通信版：廣東不靖·交通癱痪","陳微子","观察","1948","第3卷 第23期","16，18","上海"
"週末闢欄：“幹部”之累","田汝康","观察","1948","第3卷 第23期","17-18","上海"
"精工與草率","徐中玉","观察","1948","第3卷 第23期","19","上海"
"淚眼看東北","高超","观察","1948","第4卷 第1期","16-17","上海"
"關於傳統經濟學的總答辯","樊弘","观察","1948","第5卷 第15期","5-6","上海"
"應變與求援","观察","1948","第5卷 第15期","7-8",NA,"上海"
"華北山雨欲來","季明","观察","1948","第5卷 第15期","9-10","上海"
"冀東風雲","观察","1948","第5卷 第15期","10",NA,"上海"
"小康之局·如何實現？","孫克寬","观察","1948","第4卷 第23-24期","8-9","上海"
"七個月來的中國經濟情勢","笪移今","观察","1948","第4卷 第23-24期","9-11","上海"
"平抑物價乎？管制收益乎？","羅堅白","观察","1948","第4卷 第23-24期","11-13","上海"
"關於美國的問題","观察","1948","第4卷 第23-24期","13",NA,"上海"
"再和施復亮先生談“新資本主義”","嚴仁賡","观察","1948","第4卷 第23-24期","14","上海"
"錦上添花的代價","劉緒貽","观察","1948","第4卷 第23-24期","15，30","上海"
"編者報告：繼續舉辦華北航空版","芝","观察","1948","第5卷 第1期","1","上海"
"評南京中央日報對王芸生的攻擊","方秋葦","观察","1948","第4卷 第22期","2-3","上海"
"論“公然反對政府”","樓邦彥","观察","1948","第4卷 第22期","3-5","上海"
"兩分三裂的民主黨：四論美國大選","費孝通","观察","1948","第4卷 第22期","5-7","上海"
"英國輿論中的南斯拉夫事件","观察","1948","第4卷 第22期","7-8",NA,"上海"
"向全國的父母們哭訴：一封給爸媽的公開信","吳國鈞","观察","1948","第4卷 第12期","4-5","上海"
"讀赫爾回憶錄","費孝通","观察","1948","第4卷 第12期","5-7","上海"
"華萊士晤見記（美國通信）","田心源","观察","1948","第4卷 第12期","7-8","上海"
"無病之病","張述祖","观察","1948","第4卷 第12期","8-10","上海"
"讀者投書：算算看：直接定閱合算不合算？","芝","观察","1948","第4卷 第13期","1","上海"
"人性的壓抑與瞭解","劉緒貽","观察","1948","第4卷 第13期","8-10","上海"
"內潮汹湧","观察","1948","第4卷 第13期","11",NA,"上海"
"王陵基面對着的難題","观察","1948","第4卷 第13期","12-13",NA,"上海"
"離開瀋陽，經過共區，走到錦州","高超","观察","1948","第4卷 第13期","14-15，13","上海"
"一個大學畢業生對於大學敎育的意見","龍正大","观察","1948","第4卷 第17期","7-9","上海"
"美國的軍備經濟","Fritz Sternberg","观察","1948","第4卷 第17期","10","上海"
"紳權的繼替","史靖","观察","1948","第4卷 第17期","11-12，18","上海"
"關於“以平等待我之民族”","樊弘","观察","1948","第4卷 第18期","6-7","上海"
"歐洲團結的基礎","Kingsley Martin","观察","1948","第4卷 第18期","7-9","上海"
"戀愛·婚姻·家庭","胡慶鈞","观察","1948","第4卷 第18期","9-10，15","上海"
"成都國民教師街頭下跪饑餓請願詳記","观察","1948","第4卷 第18期","11-12",NA,"上海"
"重慶餓民搶米記","雨沬","观察","1948","第4卷 第18期","12","上海"
"你要瞭解美國嗎？：徵求讀者提出問題","观察","1948","第4卷 第18期","12",NA,"上海"
"觀察文摘：大學入學各科考試（四文原刋處：周論，一卷二十期）：論大學入學考試國文題的“合理化”（原作者：余冠英）","观察","1948","第4卷 第18期","16-17",NA,"上海"
"讀者投書：要做的事不做","黎開原","观察","1948","第4卷 第18期","1","上海"
"觀察文摘：大學入學各科考試（四文原刋處：周論，一卷二十期）：英文（原作者：朱光潛）","观察","1948","第4卷 第18期","17-18",NA,"上海"
"美國敎授關於北平迫害大學事件的兩封公開信","William W. Lockwood John K. Fairbank","观察","1948","第4卷 第16期","8-9","上海"
"成事不足·敗事有餘","劉緒貽","观察","1948","第4卷 第16期","9-11","上海"
"翁文灝組閣經過及就職以後","熙","观察","1948","第4卷 第16期","12-13","上海"
"熱河之戰","观察","1948","第4卷 第16期","13",NA,"上海"
"讀者投書：慘！慘！慘！","芝","观察","1948","第4卷 第17期","1","上海"
"隴東之戰結束以後","观察","1948","第4卷 第17期","15",NA,"上海"
"傅作義的部隊也貶質了","于文","观察","1948","第4卷 第17期","16","上海"
"宦途一例","(匈牙利)K·米克薩","观察","1948","第4卷 第17期","17-18","上海"
"書評：“美國與中國”：介紹費正清教授新著","劉子健","观察","1948","第4卷 第17期","18","上海"
"讀者投書：財產稅與有錢人","金石","观察","1948","第4卷 第17期","1","上海"
"讀者投書：關於“Fellow Traveller”及其他","吳世昌","观察","1948","第4卷 第17期","1","上海"
"論日本賠償問題","譚崇台","观察","1948","第4卷 第17期","2-4","上海"
"社會主義乎？“新資本主義”乎？","嚴仁賡","观察","1948","第4卷 第17期","4-7","上海"
"被牽着線的獨立國：菲列賓","William Winter","观察","1948","第5卷 第4期","7-8","上海"
"社會出路與人類前途","李中嚴","观察","1948","第5卷 第4期","8-9，18","上海"
"閩局將動","观察","1948","第5卷 第4期","10-11",NA,"上海"
"編後：這一期的四篇通信都是讀者投來的……","观察","1948","第5卷 第4期","11",NA,"上海"
"讀者投書：魔術！","汪可珍 芝","观察","1948","第5卷 第5期","1","上海"
"浙江共軍實力及其分佈情形（觀察杭州通信）","观察","1948","第5卷 第5期","14，12",NA,"上海"
"觀察叢書新書預告二：皇權與紳權（中國社會結構討論集）（吳晗費孝通等合著）","观察","1948","第5卷 第9期","12",NA,"上海"
"馬的故事","周維明","观察","1948","第5卷 第9期","13-14","上海"
"編者報告：讀者先生：我們現在遇到了眞正的困難……","观察","1948","第5卷 第9期","14，10",NA,"上海"
"讀者投書：青島亂抓壯丁","郭萍鳴","观察","1948","第4卷 第1期","1","上海"
"讀者投書：徐州亂抓壯丁","观察","1948","第4卷 第1期","1",NA,"上海"
"觀察文摘：大學入學各科考試（四文原刋處：周論，一卷二十期）：關於數理化要注意的問題（原作者：鄭華熾）","观察","1948","第4卷 第18期","18",NA,"上海"
"觀察文摘：大學入學各科考試（四文原刋處：周論，一卷二十期）：史地公民（原作者：雷海宗）","观察","1948","第4卷 第18期","18，13",NA,"上海"
"編者報告：本期起售七萬元","观察","1948","第4卷 第18期","19",NA,"上海"
"編者報告：訂費改制","观察","1948","第4卷 第18期","19",NA,"上海"
"編者報告：合訂本特價半月","观察","1948","第4卷 第18期","19",NA,"上海"
"編者報告：航空郵費加了：普通定戶酌扣寄刋","观察","1948","第4卷 第18期","19",NA,"上海"
"編者報告：航寄半價定戶每人請補五萬四千元","观察","1948","第4卷 第18期","19",NA,"上海"
"編者報告：“郵票代洋”問題","观察","1948","第4卷 第18期","19",NA,"上海"
"編者報告：普通業務信件請勿寄給編者","观察","1948","第4卷 第18期","19",NA,"上海"
"讀者投書：青島亂抓壯丁","劉培仁","观察","1948","第4卷 第18期","1","上海"
"編者報告：關於我們的社址","观察","1948","第4卷 第18期","19",NA,"上海"
"讀者投書：豪門兒女","王兆和","观察","1948","第4卷 第18期","1，15","上海"
"讀者投書：廈門恢復郵檢","观察","1948","第4卷 第18期","15",NA,"上海"
"讀者投書：寜波日報","藥知非","观察","1948","第4卷 第18期","15","上海"
"讀者投書：時代的悲哀","阮惠剛 芝","观察","1948","第3卷 第20期","1","上海"
"書評：國民所得（皮古(A. C. Pigou)著）","陳振漢","观察","1948","第4卷 第1期","21","上海"
"讀者投書：競選費用的統計","何少逸","观察","1948","第4卷 第1期","1","上海"
"讀者投書：關於工作母機","劉中定","观察","1948","第4卷 第1期","1，17","上海"
"讀者投書：讀“論程孟明案”後（一）","芝","观察","1948","第4卷 第2期","1","上海"
"紀錄：三十七年八月廿一日下午四時爲警憲在燕京校內搜查學生事對在場的學生教職員跟警憲說話","陸志韋","观察","1948","第5卷 第2期","13","上海"
"北平大拘捕","观察","1948","第5卷 第2期","14",NA,"上海"
"南京大拘捕","嚴冬","观察","1948","第5卷 第2期","15","上海"
"關中搶糧戰","观察","1948","第5卷 第2期","16",NA,"上海"
"鄧錫侯遲不赴任的原因","观察","1948","第5卷 第2期","17，19",NA,"上海"
"何其芳的轉變","沈宗澂","观察","1948","第5卷 第2期","18-19","上海"
"讀者投書：秋風！","GM BP","观察","1948","第5卷 第2期","1","上海"
"讀者投書：樊弘先生更正：編者先生：手教敬悉……","樊弘","观察","1948","第5卷 第2期","1","上海"
"論政府大捕學生","趙超構","观察","1948","第5卷 第2期","2-3","上海"
"足以引起戰爭的緊張情况的原因","亞爾撲提(Gordon W. Allport) 富苪葉(Gilberts Freyre) 葛維其(Georges Gurvitch)","观察","1948","第5卷 第13期","7","上海"
"在牢獄中","昶明","观察","1948","第5卷 第13期","11","上海"
"幣制再變革與物價前途","徐毓枬 芝","观察","1948","第5卷 第14期","0-1","上海"
"論金幣鑄造與修正","劉滌源","观察","1948","第5卷 第14期","1-2","上海"
"中央研究院第一屆院士的分析","夏鼐","观察","1948","第5卷 第14期","2-4","上海"
"杜魯門的勝利就是華萊士的勝利","何永佶","观察","1948","第5卷 第14期","4-5","上海"
"邱吉爾的投降主義","观察","1948","第5卷 第14期","6",NA,"上海"
"徐淮戰局的變幻","观察","1948","第5卷 第14期","7-8",NA,"上海"
"徐蚌會戰的分析","观察","1948","第5卷 第14期","9",NA,"上海"
"爐邊天下：美國在華還能做些什麽","費孝通","观察","1948","第5卷 第14期","10","上海"
"書評：“圍城”與“Tom Jones”","林海","观察","1948","第5卷 第14期","11，8-9","上海"
"和眞比戰難麼？","董時進 芝","观察","1948","第5卷 第15期","0","上海"
"貧窮與貧窮問關","全慰天","观察","1948","第5卷 第15期","1-2","上海"
"漢代末年的學生運動","劉大杰","观察","1948","第5卷 第15期","2-3","上海"
"“生產因素四分法”與革命","譚崇台","观察","1948","第5卷 第15期","3-5","上海"
"幣：這是一首沒有流傳的歌謠……","邵燕祥","观察","1948","第5卷 第15期","11","上海"
"美國援華問題的估量","楊慶堃 芝","观察","1948","第5卷 第16期","0-1","上海"
"西藏商務考察團之謎","李有義","观察","1948","第5卷 第16期","1-3","上海"
"讀書的自由","潘光旦","观察","1948","第5卷 第16期","3-4","上海"
"英報論中國","观察","1948","第5卷 第16期","4-5",NA,"上海"
"長指甲裏藏着什麼？","劉緒貽","观察","1948","第5卷 第16期","5-6","上海"
"讀者投書：爲配紙事向上海市書業公會建議幾點","芝","观察","1948","第4卷 第23-24期","1","上海"
"和謠吹遍","观察","1948","第4卷 第23-24期","16",NA,"上海"
"北方戰局展望","观察","1948","第4卷 第23-24期","17，20",NA,"上海"
"康澤殉職記","雨巖","观察","1948","第4卷 第23-24期","18-19","上海"
"劉建緒及其左右","張大軍","观察","1948","第4卷 第23-24期","19-20","上海"
"中大暑期二三事","冰若","观察","1948","第4卷 第23-24期","21，23","上海"
"費孝通及其研究工作","胡慶鈞","观察","1948","第4卷 第23-24期","22-23","上海"
"週末闢欄：談家庭津貼制度","吳伯淵","观察","1948","第4卷 第13期","16","上海"
"大戰中的美國文學","錢歌川","观察","1948","第4卷 第13期","17，15","上海"
"觀察文摘：知識青年的道路（原講者：袁翰青）","观察","1948","第4卷 第13期","18",NA,"上海"
"讀者投書：今日川東","馬正進","观察","1948","第4卷 第13期","1","上海"
"讀者投書：國家不争氣·華僑倒了霉","林其仁","观察","1948","第4卷 第13期","1","上海"
"讀者投書：這筆錢賠得寃枉","朱托天","观察","1948","第4卷 第13期","1，18","上海"
"讀者投書：南昌中國新報","胡友山","观察","1948","第4卷 第13期","18","上海"
"吳有訓在中央大學","劉郝稼","观察","1948","第4卷 第23-24期","24，30","上海"
"觀察文摘：增產與革命：寫了“民主主義與社會主義”以後（原作者：張東蓀）","观察","1948","第4卷 第23-24期","25-26",NA,"上海"
"讀者投書：重大招生漏題，繼又有人被捕","馮善基","观察","1948","第4卷 第23-24期","1","上海"
"吃重·苦鬥·盡心：《觀察》第四卷報告書（附圖表）","儲安平","观察","1948","第4卷 第23-24期","2-7","上海"
"讀者投書：顧孟餘","馮靜甫 芝","观察","1948","第4卷 第16期","1","上海"
"宛西烽火與鄂中江漢之間的潰瘍","浩","观察","1948","第4卷 第16期","14，1","上海"
"浙大文院革新運動詳記","S.Y.","观察","1948","第4卷 第16期","15-16","上海"
"文明在生死之間","Arnold Toynbee","观察","1948","第5卷 第2期","9-10","上海"
"最完整的人格：哀念朱自清先生","李廣田","观察","1948","第5卷 第2期","10-13","上海"
"讀者投書：前夕！","林冲 芝","观察","1948","第5卷 第3期","1","上海"
"范漢傑與遼西戰場（觀察錦州通信）","观察","1948","第5卷 第3期","13",NA,"上海"
"編後：本期專論欄潘光旦先生“婦女問題的一個總答覆”一文……","观察","1948","第5卷 第3期","13",NA,"上海"
"讀者投書：人民何辜！","宋×× 芝","观察","1948","第4卷 第3期","1","上海"
"爐邊天下：無獨有偶","費孝通","观察","1948","第4卷 第3期","17","上海"
"學生是怎樣吃飯的？（清華園側面之一）","何孝達","观察","1948","第4卷 第11期","8","上海"
"甘地·羅曼羅蘭會談詳記（下）","凌卓","观察","1948","第4卷 第11期","17-18","上海"
"八根火柴：原名“第三次世界大戰之後”","(匈牙利)Tabi","观察","1948","第3卷 第22期","17，14","上海"
"“五四”二十九週年","許德珩","观察","1948","第4卷 第11期","2-3","上海"
"涇渭河谷之戰","观察","1948","第4卷 第12期","12",NA,"上海"
"觀察通信版：政治大學遊行記","尙呂","观察","1948","第3卷 第22期","15","上海"
"爐邊天下：西歐靴底煩惱處","費孝通","观察","1948","第3卷 第22期","16，18","上海"
"傳統的經濟學說何以竟成了阻撓中國進步的絆脚石？","樊弘","观察","1948","第5卷 第5期","4-6","上海"
"政治力量安能穩定物價！","嚴仁賡","观察","1948","第5卷 第6期","2-3","上海"
"工業化與人格","潘光旦","观察","1948","第5卷 第7期","4-6","上海"
"英國人看中國（倫敦通信）","田汝康","观察","1948","第4卷 第19期","7-8","上海"
"觀察文摘：從人事上論中國政治（原作者：浩然）","观察","1948","第4卷 第8期","19",NA,"上海"
"戰雲瀰漫下的美國（美國通信）","段連城","观察","1948","第4卷 第8期","8-9","上海"
"編者報告：經濟日窘的兩個原因","观察","1948","第4卷 第3期","19",NA,"上海"
"讀者投書：希望北大、清華、南開三校今夏招考時增設西北考區","賀毅 馮秀凡 楊白俊","观察","1948","第3卷 第22期","15","上海"
"關於“本復興會不會威脅中國”？（通訊）","費孝通","观察","1948","第4卷 第1期","20","上海"
"編者報告：合訂本出齊，特價半月，售完不再重印","观察","1948","第4卷 第3期","19",NA,"上海"
"編後：一、本期葉君健先生的這篇“波蘭之行”……","观察","1948","第5卷 第6期","12",NA,"上海"
"濟南之戰","观察","1948","第5卷 第6期","13-14",NA,"上海"
"馬歇爾方案實施第一章（巴黎通信）","观察","1948","第4卷 第13期","7-8",NA,"上海"
"四川的防務","观察","1948","第4卷 第14期","15",NA,"上海"
"讀者投書：讀者的盛意（二）","包慶生","观察","1948","第4卷 第3期","1","上海"
"讀者投書：部會的裁併","楊紹舜","观察","1948","第4卷 第3期","1","上海"
"編者報告：舊信袋請不必再寄囘","观察","1948","第4卷 第3期","19",NA,"上海"
"編者報告：特別道歉","观察","1948","第4卷 第3期","19",NA,"上海"
"讀者投書：兩廣考銓處","鄧鉅經 楊承懋 裘文靜","观察","1948","第4卷 第3期","1","上海"
"政府利刃·指向《觀察》","儲安平","观察","1948","第4卷 第20期","2-3","上海"
"南歐和北歐：一個旅行者的觀感之二","葉君健","观察","1948","第4卷 第21期","7-8","上海"
"讀者投書：最後的一批大鈔","許斐","观察","1948","第4卷 第21期","1","上海"
"時局問答：甲：關內的戰事現已登峯造極……","陸君平","观察","1948","第4卷 第21期","2-3","上海"
"週末闢欄：“馬克斯的私生子”：上圖：甘地","观察","1948","第4卷 第12期","15",NA,"上海"
"陳辭修去矣！（觀察南京通訊）","观察","1948","第4卷 第7期","10-11",NA,"上海"
"觀察文摘：論政治上的新病態（原作者：浩然）","观察","1948","第4卷 第7期","17-18",NA,"上海"
"讀者投書：政府·民情·人心","許少甫","观察","1948","第4卷 第7期","18","上海"
"讀者投書：張東蓀先生來函","張東蓀 芝","观察","1948","第4卷 第8期","1","上海"
"讀“自由主義宣言”","潘光旦","观察","1948","第4卷 第3期","2-5","上海"
"憲政和中國文化","郭叔壬","观察","1948","第4卷 第3期","5-8","上海"
"論聘請外國敎授","季羨林","观察","1948","第4卷 第3期","8-9","上海"
"和蘇聯相處之道","拉斯基","观察","1948","第4卷 第3期","9-11","上海"
"陝北密雲將雨","观察","1948","第4卷 第9期","12",NA,"上海"
"觀察通信版：豫鄂川陝邊區態勢","鄧威","观察","1948","第3卷 第22期","13","上海"
"讀者投書：“九龍事件”在北平","曾乾 芝","观察","1948","第3卷 第23期","1","上海"
"共軍在陝北陝南發動攻勢","观察","1948","第4卷 第3期","16",NA,"上海"
"讀者投書：讀者的盛意（一）","萬×","观察","1948","第4卷 第3期","1","上海"
"春城秋意","观察","1948","第4卷 第2期","13",NA,"上海"
"在荷澤解放區所見（上）","江沙","观察","1948","第4卷 第3期","11-12，16","上海"
"和謠與戰局（觀察專稿）","观察","1948","第4卷 第3期","13-14",NA,"上海"
"“北望滿洲”（觀察專稿）","观察","1948","第4卷 第3期","14-15",NA,"上海"
"觀察文摘：瀋陽觀感（原作者：梁實秋）","观察","1948","第4卷 第2期","18",NA,"上海"
"評對國際現势的一種論調","錢克新","观察","1948","第4卷 第2期","4-8","上海"
"美國大選漫畫：艾森豪威爾：“茲擬聘請總統一名”：[漫畫]","观察","1948","第4卷 第10期","7",NA,"上海"
"夢魘的覺醒？","潘光旦","观察","1948","第4卷 第7期","3-5","上海"
"半年來新疆情形綜合報導","观察","1948","第5卷 第3期","14-15",NA,"上海"
"看一角糜爛的內地","方朗","观察","1948","第5卷 第3期","15-16","上海"
"週末闢欄：與密理根教授的一席談（遊美雜記之四）","何永佶","观察","1948","第5卷 第3期","17","上海"
"投考","曾璽發","观察","1948","第5卷 第3期","18，12","上海"
"關於觀察叢書的報告：預約越多·虧賠越大","观察","1948","第4卷 第6期","1",NA,"上海"
"關於觀察叢書的報告：叢書排印情形","观察","1948","第4卷 第6期","1",NA,"上海"
"關於觀察叢書的報告：失敗與敎訓","观察","1948","第4卷 第6期","1",NA,"上海"
"關於觀察叢書的報告：本刊自本期起每份售三萬元","观察","1948","第4卷 第6期","1",NA,"上海"
"論當前的土地問題","笪移今","观察","1948","第4卷 第6期","2-4","上海"
"“兩個共和之間的法蘭西”（書評）（Dorothy M. Pickles)","樓邦彥","观察","1948","第4卷 第9期","19","上海"
"人口普查與技術人才","陳達","观察","1948","第3卷 第21期","6-7","上海"
"中國經濟問題","趙迺摶","观察","1948","第3卷 第21期","7-9","上海"
"雛型中國：美國的華僑社會","史超禮","观察","1948","第3卷 第21期","9-11","上海"
"觀察通信版：歲尾年頭戰局總分析","观察","1948","第3卷 第21期","12-14",NA,"上海"
"哀悼許季茀先生","吳世昌","观察","1948","第4卷 第6期","18-19","上海"
"包華麗夫人逝世一百年","凌卓","观察","1948","第4卷 第6期","19","上海"
"讀者投書：米本位","胡杭生","观察","1948","第4卷 第9期","1","上海"
"讀者投書：心理的獨立","歐陽思漫","观察","1948","第4卷 第9期","1","上海"
"讀者投書：把學生抓做壯丁","徐平","观察","1948","第4卷 第9期","1","上海"
"讀者投書：海南島之鐵輸日","丁求眞","观察","1948","第4卷 第9期","1","上海"
"讀者投書：土革問題","鐵生","观察","1948","第4卷 第9期","1","上海"
"國大評論","儲安平","观察","1948","第4卷 第9期","2-5","上海"
"再論美國大選","費孝通","观察","1948","第4卷 第9期","5-6","上海"
"目前所需要文字改革四月七號跟北平師範學院學生談話","陸志韋","观察","1948","第4卷 第9期","7-9","上海"
"瑞士三詠","凌卓","观察","1948","第3卷 第21期","19","上海"
"華萊士競選的道德意味","費孝通","观察","1948","第3卷 第21期","2-4","上海"
"論立法院內應設置一“立法顧問委員會”","周叔厚","观察","1948","第3卷 第21期","5-6","上海"
"觀察通信版：關於瀋陽最近實際情形的詳細報告（附表）","黎深","观察","1948","第3卷 第21期","14-16","上海"
"觀察通信版：關於瀋陽最近實際情形的又一報告","柴漢詩","观察","1948","第3卷 第21期","17-18","上海"
"讀者投書：北平日報來函：編者先生：貴刊三卷二十一期所載“歲尾年頭戰局總分析”一文內……","观察","1948","第3卷 第23期","1",NA,"上海"
"關于中國出路的看法：再答樊弘先生","張東蓀","观察","1948","第3卷 第23期","2-3","上海"
"雄聖甘地","費孝通","观察","1948","第3卷 第23期","3-5","上海"
"論習文史","陳夢家","观察","1948","第3卷 第23期","5-6","上海"
"美國和平中的火藥味（華盛頓通信）","楊慶堃","观察","1948","第3卷 第23期","6-9","上海"
"解放區印象記：譯自一月廿四日密勒士評論報","盤新","观察","1948","第3卷 第23期","9-12","上海"
"觀察通信版：關內外的烽火","观察","1948","第3卷 第23期","13-14",NA,"上海"
"觀察通信版：衞立煌出長東北剿匪總部與全盤戰略的新部署","褚光明","观察","1948","第3卷 第23期","14-15","上海"
"風浪·熬煉·撐住：“觀察”第三卷報告書（附圖）","儲安平 芝","观察","1948","第3卷 第24期","2-7","上海"
"觀察通信版：記武漢大學的活命罷課","祥敬","观察","1948","第3卷 第24期","25","上海"
"一個農業工作者的自白和意見","袁國弼","观察","1948","第3卷 第24期","26-28","上海"
"編者報告：讀者先生：我們休刊了兩個星期……","观察","1948","第4卷 第1期","22-21",NA,"上海"
"國大畢竟召開了（觀察南京通信）","观察","1948","第4卷 第7期","9-10",NA,"上海"
"從戰局看政局","观察","1948","第4卷 第1期","13-15",NA,"上海"
"政治上的自由主義與文化上的自由主義","張東蓀","观察","1948","第4卷 第1期","2-4","上海"
"雖然對立，不見得就有戰爭","周炳琳","观察","1948","第4卷 第1期","4-6","上海"
"讀者投書：讀“論程孟明案”後（二）","張平","观察","1948","第4卷 第2期","1","上海"
"讀者投書：讀“論程孟明案”後（三）","观察","1948","第4卷 第2期","1",NA,"上海"
"王鳳崗其人","观察","1948","第4卷 第15期","14，16",NA,"上海"
"書評：生育制度（費孝通著）","袁方","观察","1948","第3卷 第24期","30","上海"
"日本復興會不會威脅中國？中國應該怎樣應付復興的日本？","劉子健","观察","1948","第3卷 第24期","8-11","上海"
"張羣返川與川康政局","观察","1948","第4卷 第15期","11-12",NA,"上海"
"昌濰失守·魯局鳥瞰","蘇洞國","观察","1948","第4卷 第15期","13，16","上海"
"我的事業苦悶","顧頡鋼","观察","1948","第3卷 第24期","28-29","上海"
"論程孟明案兼論社會有心人能否合攏來做一點事情","儲安平","观察","1948","第3卷 第24期","12-14","上海"
"美蘇能否相互瞭解？","蔡維藩","观察","1948","第3卷 第24期","14-17","上海"
"風雅裏的悲劇","劉緒貽","观察","1948","第3卷 第24期","18-19","上海"
"兩種曆法·兩種文化","戴文賽","观察","1948","第3卷 第24期","19-21，29","上海"
"觀察通信版：歲寒談大局","观察","1948","第3卷 第24期","22-23",NA,"上海"
"觀察通信版：中原戰局與最近情形","公羽","观察","1948","第3卷 第24期","23-24","上海"
"觀察通信版：西南邊疆見聞錄","蔣篤才","观察","1948","第3卷 第24期","24-25","上海"
"讀者投書：遼陽之失","遠雲嵐 芝","观察","1948","第4卷 第1期","1","上海"
"甘地之死（新德里通信）","嚴紹端","观察","1948","第4卷 第1期","9-11","上海"
"甘地與新印度（新德里通信）","嚴紹端","观察","1948","第4卷 第1期","11-12","上海"
"兩廣考銓處來函：頃閱貴刊四卷三期二頁所載讀者鄧鉅……（三十七年三月十八日）","观察","1948","第4卷 第5期","13",NA,"上海"
"契訶夫斷想","徐中玉","观察","1948","第4卷 第5期","14-13","上海"
"四川政局的暗潮（觀察成都通信）","观察","1948","第5卷 第6期","17，14",NA,"上海"
"逃亡","汪銘","观察","1948","第5卷 第6期","18-19，12","上海"
"讀者投書：留學生匯率的問題","汪家厚","观察","1948","第5卷 第6期","1","上海"
"編後：政府取消限價……","观察","1948","第5卷 第11期","11",NA,"上海"
"讀者投書：選舉與命令","丁克山","观察","1948","第4卷 第7期","1","上海"
"傅作義的困惑與北方局勢","观察","1948","第4卷 第9期","10-11，15",NA,"上海"
"孫中山從美國走到蘇聯","胡繩","观察","1949","第6卷 第1期","16，19-20","上海"
"中華人民共和國誕生，中華人民共和國萬歲：[畫圖多幅]","观察","1949","第6卷 第1期","17",NA,"上海"
"觀察漫畫：加緊學習（木刻）：[木刻]","李樺","观察","1949","第6卷 第1期","18","上海"
"城鄉互助的範例","观察","1949","第6卷 第2期","24-25，1",NA,"上海"
"中蘇關係大事編年：一九一七年，十月革命勝利後……","观察","1949","第6卷 第2期","30-29",NA,"上海"
"記表現旅大人民生產力量的大連工展","孫冰如","观察","1949","第6卷 第2期","28-27","上海"
"怎樣把我們的經濟學習提高到毛澤東階段？","吳大琨","观察","1949","第6卷 第1期","11-13","上海"
"世界和平與中蘇友好關係","翁獨健","观察","1949","第6卷 第1期","10-11","上海"
"解放後的江南農村","王小石","观察","1949","第6卷 第3期","24-25","上海"
"讀者觀察：致讀者：親愛的讀者先生：當我們在這初冬的夜晚……","观察","1949","第6卷 第3期","26",NA,"上海"
"讀者觀察：讓愛與憎結成一股鋼鐵般的力量","吳四維","观察","1949","第6卷 第3期","26","上海"
"讀者觀察：問題與答覆：編者先生：讀“觀察”復刊號錢端升先生的“統一戰線、人民政權、共同綱領”一文後……","成紀","观察","1949","第6卷 第3期","28","上海"
"觀察文摘：榮譽是屬於誰的？：高崗同志一九四九年九月八日在東北幹部會議上的講演","观察","1949","第6卷 第3期","29-30",NA,"上海"
"大事記（一九四九年十一月一日至十五日）：十一月一日，政務院各機構正式辦公……","观察","1949","第6卷 第3期","31，28",NA,"上海"
"報告：本刊發行已經到達的區域","观察","1949","第6卷 第3期","1",NA,"上海"
"報告：以前函購“觀察叢書”而未接到書籍的讀者注意","观察","1949","第6卷 第3期","1",NA,"上海"
"報告：提高稿費（新二次調整）","观察","1949","第6卷 第3期","1",NA,"上海"
"社論：到了最後的時候","观察","1949","第6卷 第3期","2-3",NA,"上海"
"社論：周外長的嚴正聲明","观察","1949","第6卷 第3期","3-4",NA,"上海"
"社論：揭破美國政府對日和約的陰謀","观察","1949","第6卷 第3期","4",NA,"上海"
"報告：本刊的印刷情形","观察","1949","第6卷 第3期","1",NA,"上海"
"亞澳工人階級團結萬歲：記亞澳工會會議的前五天","靜遠","观察","1949","第6卷 第3期","22-24","上海"
"把學術還給人民大衆","季羨林","观察","1949","第6卷 第3期","11-12","上海"
"捷克斯洛伐克共和國憲法部析","观察","1949","第6卷 第3期","12-14，16-17",NA,"上海"
"報告：下期開始“讀者觀察”一欄","观察","1949","第6卷 第2期","1",NA,"上海"
"報告：上期發行情形","观察","1949","第6卷 第2期","1",NA,"上海"
"讀者觀察：我們的刊物，我們的意見","沈叔平","观察","1949","第6卷 第3期","27","上海"
"觀察文摘：學習蘇聯，學習馬列主義理論（原作者：艾思奇）","观察","1949","第6卷 第2期","29",NA,"上海"
"中央各部會內部組織的原則與方式","龔祥瑞","观察","1949","第6卷 第1期","13-16","上海"
"報告：補述編輯政策兩點","观察","1949","第6卷 第2期","1",NA,"上海"
"讀者觀察：編者簡覆：本刊復刊後，我們就收到好些讀者來信……","观察","1949","第6卷 第3期","27",NA,"上海"
"謝啓：去年十二月下旬……","芝","观察","1949","第6卷 第1期","1","上海"
"共同綱領中的經濟政策","樊弘","观察","1949","第6卷 第1期","8-10","上海"
"從天津工展看工業的道路","观察","1949","第6卷 第2期","26-27",NA,"上海"
"社論：斯大林敎導了我們","观察","1949","第6卷 第4期","2-4",NA,"上海"
"我向你高呼萬歲：[詩歌]","郭沫若","观察","1949","第6卷 第4期","5","上海"
"斯大林的生平","观察","1949","第6卷 第4期","6-7",NA,"上海"
"人民幣的戰鬥任務","笪移今","观察","1949","第6卷 第4期","8-10","上海"
"論中央各級領導機關的職權及其相互關係","龔祥瑞","观察","1949","第6卷 第3期","5-9","上海"
"報告：請敎讀者：我們有一件事情不能决定……","芝","观察","1949","第6卷 第4期","1","上海"
"觀察漫畫：主人及其狗：[漫畫]","(蘇)庫克里尼克希","观察","1949","第6卷 第4期","15","上海"
"觀察漫畫：爲了和平，不要放鬆！：[漫畫]","(蘇)葉菲莫夫","观察","1949","第6卷 第4期","15","上海"
"觀察漫畫：華爾街老闆及其“同盟”：[漫畫]","方成","观察","1949","第6卷 第4期","15","上海"
"政治熱忱與科學熱忱","盧于道","观察","1949","第6卷 第4期","16-18","上海"
"在哈爾濱所見的新的司法工作和監獄工作","儲安平","观察","1949","第6卷 第4期","19-22","上海"
"一九四八年度蘇聯經濟建設成績的報告","观察","1949","第6卷 第4期","22-25",NA,"上海"
"走向人民大學的里程啤：記清華大學的代表會議","观察","1949","第6卷 第4期","26-27",NA,"上海"
"冀西農村旅行所見","观察","1949","第6卷 第4期","28-29",NA,"上海"
"讀者觀察：關於馬爾薩斯的人口論","吳方高 樊弘","观察","1949","第6卷 第4期","30","上海"
"讀者觀察：我的認識過程","胡遇復","观察","1949","第6卷 第4期","30","上海"
"大事記（一九四九年十一月十六日至三十日）：十一月十六日，京綏路恢復通車……","观察","1949","第6卷 第4期","1",NA,"上海"
"論城市的政權組織形式","樓邦彥","观察","1949","第6卷 第4期","10-14，16","上海"
"觀察漫畫：被侵佔了席位：[漫畫]","方成","观察","1949","第6卷 第4期","15","上海"
"觀察漫畫：戳穿帝國主義的陰謀：[漫畫]","方成","观察","1949","第6卷 第4期","15","上海"
"批銷簡則","观察","1949","第6卷 第1期","1",NA,"上海"
"我們的自我批評·工作任務·編輯方針","观察","1949","第6卷 第1期","2-5",NA,"上海"
"統一戰線·人民政權·共同綱領","錢端升","观察","1949","第6卷 第1期","5-8","上海"
"報告：造一期：從本期起，我們開始發表社論……","芝","观察","1949","第6卷 第2期","1","上海"
"新政府的成立和舊條約的審查","王鐵崖","观察","1949","第6卷 第2期","8-9","上海"
"知識份子與政治學習","費孝通","观察","1949","第6卷 第2期","10-11","上海"
"匈牙利的經濟建設·政治領導·憲法精神","观察","1949","第6卷 第2期","11-14，16",NA,"上海"
"觀察漫畫：東歐人民民主國家、第一個打擊……：[漫畫兩幅]","方成 (羅馬尼亞)Doru","观察","1949","第6卷 第2期","15","上海"
"觀察漫畫：建築在美援上的法國內閣：[漫畫]","方成","观察","1949","第6卷 第2期","15","上海"
"觀察漫畫：美帝外交家的勾當：[漫畫]","方成","观察","1949","第6卷 第2期","15","上海"
"觀察漫畫：斧頭與斧柄：[漫畫]","Doru","观察","1949","第6卷 第2期","15","上海"
"關於稿費的說明","观察","1949","第6卷 第1期","1",NA,"上海"
"關于售價的說明","观察","1949","第6卷 第1期","1",NA,"上海"
"呼籲定閲（附定閲辦法）","观察","1949","第6卷 第1期","1",NA,"上海"
"未滿斯舊定戶處理辦法","观察","1949","第6卷 第1期","1",NA,"上海"
"觀察漫畫：東方的新“基地”：[漫畫]","方成","观察","1949","第6卷 第3期","15","上海"
"觀察漫畫：最後的根據地：[漫畫]","洪荒","观察","1949","第6卷 第3期","15","上海"
"觀察漫畫：歐洲“整體化”：[漫畫]","方成","观察","1949","第6卷 第3期","15","上海"
"觀察漫畫：倒楣的解理：[漫畫]","卜一","观察","1949","第6卷 第3期","15","上海"
"觀察漫畫：蘇聯木刻：[木刻]","蘇復洛夫","观察","1949","第6卷 第3期","15","上海"
"京郊上改實驗區：巴溝村訪問記","孫執中","观察","1949","第6卷 第3期","17-19，28","上海"
"從北平到北京","观察","1949","第6卷 第3期","20-22",NA,"上海"
"報告：提高稿費（新一次調整）、優待定閲·月底截止","观察","1949","第6卷 第2期","1",NA,"上海"
"社論：師法十月革命的原則性：紀念十月革命三十二週年","观察","1949","第6卷 第2期","2-4",NA,"上海"
"社論：聯合國大會上的鬥爭","观察","1949","第6卷 第2期","4-5",NA,"上海"
"社論：美國反動政府迫害美共領袖","观察","1949","第6卷 第2期","5",NA,"上海"
"中央人民政府開始工作","儲安平","观察","1949","第6卷 第2期","6-7","上海"
"報告：一個事實的說明","芝","观察","1949","第6卷 第3期","1","上海"
"從共同綱領看私營企業政策","千家駒","观察","1949","第6卷 第3期","9-11","上海"
"觀察漫畫：戰爭販子一看見和平的鴿子……（蘭波載轉Szpilki畫報）：[漫畫兩幅]","观察","1949","第6卷 第1期","18",NA,"上海"
"蘇聯經濟制度的輪廓和神隨","观察","1949","第6卷 第1期","20-23",NA,"上海"
"上海解放以後金融輕重工業·商業情况的總報導","观察","1949","第6卷 第1期","24-28",NA,"上海"
"希望恢復聯繫","观察","1949","第6卷 第1期","1",NA,"上海"
"解放以後的開灤礦區","观察","1949","第6卷 第1期","29-30，28",NA,"上海"
"觀察社被國民黨反動政府迫害經過追記","观察","1949","第6卷 第1期","31-33，28",NA,"上海"
"讀者觀察：公營與私營","張敬亭","观察","1949","第6卷 第4期","30-31","上海"
"讀者觀察：人民的火車","李梅","观察","1949","第6卷 第4期","31","上海"
"讀者觀察：自發的愛護","張文琦","观察","1949","第6卷 第4期","31","上海"
"蘇聯自然科學界和社會科學界一九四八年度卓越成就的詳細介紹","观察","1949","第6卷 第2期","16-21",NA,"上海"
"莫斯科所見","子岡","观察","1949","第6卷 第2期","22-23","上海"
"大事記（一九四九年十月一日至三十一日）：十月一日，中華民國共和國誕生……","观察","1949","第6卷 第2期","31，25",NA,"上海"
"尾頁：鳥的浩刼","張鳴春","观察","1946","第1卷 第7期","22","上海"
"觀察通信版：善後救濟在漢口","申芷","观察","1946","第1卷 第12期","15-16","上海"
"九年來昆明大學敎授的薪津及薪津實值","楊西孟","观察","1946","第1卷 第3期","6","上海"
"中國之過去與将來：三、中國歷史上的九種矛盾","張東蓀","观察","1946","第1卷 第3期","7-11","上海"
"文學·藝術·戱劇·音樂：文學運動與文學創作","李廣田","观察","1946","第1卷 第12期","19-21","上海"
"士的使命與理學","張東蓀 芝","观察","1946","第1卷 第13期","2-7","上海"
"讀者投書：編者前記：我們常常接到讀者投書……","观察","1946","第1卷 第13期","22",NA,"上海"
"觀察通信版：浙江的征丁征稅","观察","1946","第1卷 第12期","13-15",NA,"上海"
"尾頁：作者·讀者·編者：安平我兄惠鑒……","願翊羣","观察","1946","第1卷 第3期","22","上海"
"以民主締造統一","李澈廬","观察","1946","第1卷 第12期","4-6","上海"
"尾頁：瀋陽小事：公務員的薪俸","一波","观察","1946","第1卷 第3期","22","上海"
"我們所需要的“法治”","韓德培","观察","1946","第1卷 第10期","8-9","上海"
"觀察通信版：新疆的國大代表","观察","1946","第1卷 第12期","16-18",NA,"上海"
"讀者投書：我們需要再來一次“五四運動”","于鶴年","观察","1946","第1卷 第13期","23，20","上海"
"客座記言：二、西方人“回到宗教去”的意義","陳衡哲","观察","1946","第1卷 第13期","16-17","上海"
"企業家與企業精神","簡貫三","观察","1946","第1卷 第7期","6-7","上海"
"提得起·放得下","周綬章","观察","1946","第1卷 第7期","8-9","上海"
"思想之改造（上）","胡先驌","观察","1946","第1卷 第7期","9-12","上海"
"聖敎與異端（下）：從政治思想論孔子在中國文化史中的地位","蕭公權","观察","1946","第1卷 第12期","10-11，18","上海"
"沙龍","馮至","观察","1946","第1卷 第12期","12","上海"
"尾頁：湘西社會","燭西","观察","1946","第1卷 第11期","22","上海"
"尾頁：負生偶記（八）","观察","1946","第1卷 第11期","22",NA,"上海"
"尾頁：三輪車與人力車","浩","观察","1946","第1卷 第11期","22","上海"
"中國政治上的四種矛盾","莊智煥","观察","1946","第1卷 第11期","6-8","上海"
"聖敎與異端（中）：從政治思想論孔子在中國文化史中的地位","蕭公權","观察","1946","第1卷 第11期","8-10","上海"
"中國語言之結構及其表達思想之方式","高名凱","观察","1946","第1卷 第11期","11-13","上海"
"客座記言：一、“你是不是基頻教徒？”","陳衡哲","观察","1946","第1卷 第11期","14","上海"
"觀察通信版：今日之瀋陽：黑暗·權勢·紊亂：大廈皆新貴·小民慚形穢，盜刼日日有·一亂一焦愁","观察","1946","第1卷 第11期","15",NA,"上海"
"觀察通信版：今日之瀋陽：貧窮·破爛·骯髒：衣著盡破爛·餃子成盛饌，滿街見尿糞·一坑兩家分","观察","1946","第1卷 第11期","15-16",NA,"上海"
"觀察通信版：今日之瀋陽：荒涼·窒息·期待：精神無食糧·物價天天漲，此亦一中國·且忍等天亮","观察","1946","第1卷 第11期","16",NA,"上海"
"觀察通信版：北平的徵兵戲","观察","1946","第1卷 第11期","16-18",NA,"上海"
"大戰後的美國","陶孟和 芝","观察","1946","第1卷 第12期","2-4","上海"
"尾頁：勞萊·哈台","靜","观察","1946","第1卷 第7期","22","上海"
"聖敎與異端（上）：從政治思想論孔子在中國文化史中的地位","蕭公權","观察","1946","第1卷 第10期","9-12","上海"
"粮食的國際分配（華盛頓通信）","陳之邁","观察","1946","第1卷 第1期","17-20，27","上海"
"尾頁：瀋陽小事：吉普與學校","一波","观察","1946","第1卷 第3期","22","上海"
"林溪和地球","蔡壬侯","观察","1946","第1卷 第7期","12-14，21","上海"
"玄武湖上的秋月","戴文賽","观察","1946","第1卷 第10期","12-14","上海"
"英國貿易訪華團團長鮑埃斯談中國遠景（附簽名）","观察","1946","第1卷 第13期","18-19",NA,"上海"
"黃河治本研究團團長張含英談黃河河政：黃河要治好·尙須五十年","观察","1946","第1卷 第13期","19-20",NA,"上海"
"中國之過去與將來","張東蓀","观察","1946","第1卷 第1期","14-17","上海"
"觀察通信版：組黨傳說中，胡適的態度：有些人希望他組織政黨，有些人主張他先辦刊物","观察","1946","第1卷 第1期","21-22",NA,"上海"
"觀察通信版：血與理想：李聞之死：求仁得仁·逝者已矣，念兹在兹·後生勉之","观察","1946","第1卷 第1期","22-24",NA,"上海"
"從經濟觀點論內戰問題","伍啓元 芝","观察","1946","第1卷 第2期","2-4","上海"
"文學·藝術·戲劇·音樂：論排場戲","陳瘦竹","观察","1946","第1卷 第2期","20-21","上海"
"尾頁：中大回到了南京","思粤","观察","1946","第1卷 第2期","22","上海"
"尾頁：廬山纜車","青水","观察","1946","第1卷 第2期","22","上海"
"尾頁：陶行知遺事","光","观察","1946","第1卷 第2期","22","上海"
"尾頁：作者·讀者·編者：一、安平兄：疊次來信均收到……","光旦","观察","1946","第1卷 第2期","22","上海"
"人的控制與物的控制","潘光旦","观察","1946","第1卷 第2期","4-7","上海"
"英美未來可能的戰略聯防缐","張印堂","观察","1946","第1卷 第2期","8-10","上海"
"觀察通信版：共軍入川之勢","鄧威","观察","1947","第3卷 第17期","14-15","上海"
"讀者投書：全堂大笑","張允中","观察","1947","第2卷 第14期","1","上海"
"觀察通信版：南京五二○慘案的前因後果","观察","1947","第2卷 第14期","14-16",NA,"上海"
"讀者投書：白天怕國軍·黑夜怕八路：請看今日之山東","趙希一","观察","1947","第3卷 第8期","1","上海"
"創造的統一：試論泰戈爾","金克木","观察","1947","第3卷 第8期","20","上海"
"書評：國際公法成案研究（成案文件與備註）(Herbert W. Briggs)","周子亞","观察","1947","第3卷 第8期","21","上海"
"觀察文摘：歐洲各國的局勢（原作者：林同濟）","观察","1947","第3卷 第8期","22",NA,"上海"
"讀者投書：對於“論當前的政局與美國對華政策”一文的意見","張紹先","观察","1947","第3卷 第8期","1，14","上海"
"讀者投書：開除學藉以後，繼以驅逐出境","李幕白","观察","1947","第3卷 第8期","14","上海"
"讀者投書：西安漆黑","黎明德","观察","1947","第3卷 第8期","14","上海"
"讀者投書：讀者證實“清剿與輪姦”一函正確","張本","观察","1947","第3卷 第8期","14","上海"
"我們對於改善公敎人員待遇的意見","王遵明 王鐵崖 孟昭英","观察","1947","第3卷 第8期","2-3","上海"
"改革地方政制芻議","劉迺誠","观察","1947","第3卷 第8期","3-6","上海"
"如何約束日本的金屬工業","王遵明","观察","1947","第3卷 第8期","6-8","上海"
"讀者投書：關於“論當前政局與美國對華政策”答張紹先君","吳世昌 芝","观察","1947","第3卷 第9期","1","上海"
"論科學研究的動機","丁驌","观察","1947","第3卷 第9期","6-8","上海"
"鋼鐵國營議案與工黨內部困難（倫敦通信）","田汝康","观察","1947","第3卷 第9期","8-10，18","上海"
"莊稼人（木刻）：[漫畫]","揚可揚","观察","1947","第3卷 第9期","11","上海"
"有條件的父母之愛：美國人性格之三","費孝通","观察","1947","第2卷 第15期","8-9","上海"
"讀者投書：台灣的公務人員","許伯棣","观察","1947","第2卷 第5期","1","上海"
"讀者投書：台灣人的行政訓練及技術訓練","楊惠康","观察","1947","第2卷 第5期","1","上海"
"觀察文摘：台灣暴動鱗爪","陳至明","观察","1947","第2卷 第5期","1，19","上海"
"讀者投書：暴動以後的台灣","陳養浩","观察","1947","第2卷 第5期","19","上海"
"中國文化特徵之研究（中）","梁漱溟","观察","1947","第2卷 第6期","6-10","上海"
"讀者投書：古蹟與今蹟","田紹禹","观察","1947","第2卷 第7期","1","上海"
"讀者投書：散沙要集合起來","儲偉","观察","1947","第2卷 第7期","1","上海"
"讀者投書：香港報界對于孫科談話的反應","梁子奇 芝","观察","1947","第2卷 第20期","1","上海"
"觀察通信版：從四平之戰看東北前途","观察","1947","第2卷 第20期","15-16",NA,"上海"
"觀察通信版：“學潮”平息了麽？","观察","1947","第2卷 第20期","16-17",NA,"上海"
"觀察通信版：國軍全盤戰略","观察","1947","第3卷 第13期","13",NA,"上海"
"采桑子（補白）","陳衡哲","观察","1947","第2卷 第18期","18","上海"
"觀察漫畫：動員下旗：[漫畫]","观察","1947","第2卷 第20期","14",NA,"上海"
"自由乎？平等乎？","吳恩裕","观察","1947","第3卷 第12期","5-6","上海"
"留學問題·第一流大學問題","金克木","观察","1947","第3卷 第12期","6-9","上海"
"週末闢欄：一個參加競選的人的自白","胡愼明","观察","1947","第3卷 第4期","20-22","上海"
"觀察通信版：邏輯上的“排中律”","观察","1947","第3卷 第11期","13",NA,"上海"
"皮爾遜强姦案翻案事答問","費青","观察","1947","第3卷 第1期","12-13","上海"
"讀者投書：一個退伍學生的自白","吳××","观察","1947","第2卷 第15期","23","上海"
"讀者投書：長沙人民團體如雨後春筍","王正光","观察","1947","第2卷 第15期","23","上海"
"讀者投書：I.N.O.","金榖穗","观察","1947","第2卷 第15期","23","上海"
"觀察通信版：南京的風向：内戰外患化","观察","1947","第2卷 第19期","18",NA,"上海"
"觀察通信版：只有一條命","观察","1947","第2卷 第19期","19，22",NA,"上海"
"週末闢欄：誰說中國人沒有自由？","鄧嗣禹","观察","1947","第2卷 第19期","20","上海"
"讀者投書：又一位軍人的申訴","观察","1947","第2卷 第19期","1，16",NA,"上海"
"從中國人的家說起（下）","梁漱溟","观察","1947","第2卷 第12期","8-10","上海"
"論賞罰","張述祖","观察","1947","第3卷 第12期","9-11","上海"
"讀者投書：本刊自本期起每册售六千元","芝","观察","1947","第3卷 第16期","1","上海"
"潘光旦底人文思想","余才友","观察","1947","第3卷 第17期","17-18","上海"
"論不滿現狀","朱自清","观察","1947","第3卷 第18期","5-6","上海"
"觀察漫畫：[漫畫三幅]","观察","1947","第2卷 第19期","17，0",NA,"上海"
"壬言萬語祇爲“煤”（倫敦通信）","田汝康","观察","1947","第3卷 第4期","11-13","上海"
"杜蒲及其漫畫（附圖）","王琦","观察","1947","第3卷 第9期","17-18","上海"
"讀者投書：大選太平","唐宏達 芝","观察","1947","第3卷 第14期","1","上海"
"新大陸的餘音（美國通信）：紀錫瀾湖之遊","楊慶堃","观察","1947","第3卷 第14期","10-12，18","上海"
"觀察通信版：南京初冬","观察","1947","第3卷 第14期","13",NA,"上海"
"觀察通信版：內戰中的廣東南路","陳微子","观察","1947","第3卷 第14期","14","上海"
"觀察通信版：國民黨黨團合併前後","观察","1947","第3卷 第5期","16-17",NA,"上海"
"觀察通信版：伊方人士撤離廸化後的新疆","观察","1947","第3卷 第9期","14-15",NA,"上海"
"美國西部之世界爺與萬縣之水杉","胡先驌","观察","1947","第2卷 第14期","9-10","上海"
"讀者投書：與張莘夫先生同難者","潘亢三","观察","1947","第2卷 第14期","1","上海"
"觀察漫畫：怎麽，還站得起來？：[漫畫]","观察","1947","第2卷 第17期","12",NA,"上海"
"讀者投書：五四來信二：編者先生：今天是五四……","周聰章","观察","1947","第2卷 第12期","19","上海"
"寫在“爲中國的農業試探一條出路”的後面","王澤農","观察","1947","第3卷 第6期","12-14","上海"
"觀察漫畫：嘿嘿，倒霉！（轉載NEW HAMPSHIRE MORNING UNIN）：[漫畫]","观察","1947","第3卷 第7期","12",NA,"上海"
"讀者投書：如何實現“草根民主”？","謝斐然","观察","1947","第2卷 第20期","22","上海"
"讀者投書：恢復人性·重視人權","楊育才","观察","1947","第2卷 第20期","22","上海"
"從印度分治說到中國前途","何永佶","观察","1947","第2卷 第20期","2-4","上海"
"週末闢欄：言論自由的自律","吳世昌","观察","1947","第2卷 第21期","21，15","上海"
"讀者投書：宋子文的捐欵","楊不平","观察","1947","第3卷 第4期","1","上海"
"書評：評英文新字辭典（葛傳椝等編）","戴鎦齡","观察","1947","第3卷 第4期","23","上海"
"讀者投書：豪富與民意機關","黃琴南","观察","1947","第2卷 第18期","1","上海"
"歸來：海外憶之十一","李慕白","观察","1947","第2卷 第18期","21，12","上海"
"讀者投書：五四來信三：編者先生：我們總都明白……","龍佐吾","观察","1947","第2卷 第12期","19","上海"
"習尙與價值判的標準","張述祖","观察","1947","第2卷 第12期","10-12","上海"
"讀者投書：爲“草根民主”呼籲","簡貫三 芝","观察","1947","第2卷 第12期","1","上海"
"讀者投書：無所事事","章平","观察","1947","第3卷 第12期","13","上海"
"讀者投書：蚌埠緊張","適生","观察","1947","第3卷 第7期","19","上海"
"讀者投書：擋不住·團不攏·共不起","何經沛","观察","1947","第3卷 第7期","19","上海"
"我亦追論憲政兼及文化的診斷","張東蓀","观察","1947","第3卷 第7期","2-5","上海"
"釋“左”與“右”","嚴仁賡","观察","1947","第3卷 第7期","5-8","上海"
"讀者投書：本刊自本期起每册售五千元","芝","观察","1947","第3卷 第8期","1","上海"
"小疵與大謬","(英)拉斯基教授","观察","1947","第3卷 第8期","8-10","上海"
"讀者投書：我不贊成哲學槪論定爲半年的大一共同必修","方稜 芝","观察","1947","第3卷 第13期","1","上海"
"西歐紀行：（三）義大利","观察","1947","第3卷 第13期","11-12",NA,"上海"
"生物學戰爭","胡先驌","观察","1947","第3卷 第5期","10-11","上海"
"“黑白分明”（美國通信）","史超禮","观察","1947","第3卷 第5期","11-13","上海"
"觀察通信版：廣東的走私","陳微子","观察","1947","第3卷 第13期","15","上海"
"梅月涵與清華大學","余才友","观察","1947","第3卷 第13期","16-17","上海"
"書評：“馬克斯的政治思想”（吳恩裕著）","李理黄","观察","1947","第3卷 第13期","18-19，14","上海"
"觀察漫畫：探珠……：[漫畫二幅]","观察","1947","第3卷 第5期","14",NA,"上海"
"副主席的謎","樓邦彥","观察","1947","第3卷 第5期","5-6","上海"
"觀察漫畫：永無休止的追逐：[漫畫]","观察","1947","第2卷 第8期","15，0",NA,"上海"
"觀察漫畫：暗影：[漫畫]","观察","1947","第2卷 第8期","15",NA,"上海"
"讀者投書：行憲序幕","梁子奇","观察","1947","第2卷 第24期","23","上海"
"觀察通信版：魏德邁與國民政府之間","观察","1947","第3卷 第3期","19-20",NA,"上海"
"歐洲仲夏夜之夢","費孝通","观察","1947","第3卷 第3期","2-6","上海"
"中國當前的經濟禍患應由既得利益階級負責","楊西孟","观察","1947","第2卷 第17期","5-8","上海"
"觀察文摘：爲中國問題忠告美國（原作者：張東蓀）","观察","1947","第2卷 第20期","21-22",NA,"上海"
"讀者投書：戒嚴令不可隨意使用","冰波","观察","1947","第2卷 第20期","1","上海"
"讀者投書：政府封鎖大學畢業生的出路","嚴仁賡 芝","观察","1947","第2卷 第21期","1","上海"
"讀者投書：共產黨的鬥爭作風","賈生 芝","观察","1947","第3卷 第6期","1","上海"
"觀察漫畫：“，啊左派的！”（轉載NEW YORKER）：[漫畫]","观察","1947","第3卷 第6期","15",NA,"上海"
"觀察漫畫：走馬上任：[漫畫]","观察","1947","第3卷 第6期","15",NA,"上海"
"觀察漫畫：搶棉花（木刻）：[木刻]","野夫","观察","1947","第3卷 第6期","15","上海"
"觀察通信版：從黄河到長江的軍事大轉盤（附圖）","观察","1947","第3卷 第6期","16-18",NA,"上海"
"觀察通信版：宋子文主粵·孫立人練兵·張岳軍北巡","观察","1947","第3卷 第6期","18-19",NA,"上海"
"觀察通信版：川局近貌","观察","1947","第3卷 第6期","19-20，22",NA,"上海"
"週末闢欄：談美國的廣告","仞夐","观察","1947","第3卷 第6期","21-22","上海"
"書評：如是他見（愛立廈脫·羅斯福著）","費孝通","观察","1947","第3卷 第6期","23-22","上海"
"讀者投書：清剿與輪姦","王威","观察","1947","第3卷 第6期","1","上海"
"讀者投書：政府對付異己","良誠","观察","1947","第3卷 第6期","14","上海"
"讀者投書：“歐洲仲夏夜之夢”補正","費孝通","观察","1947","第3卷 第6期","14","上海"
"觀察通信版：北平學生被捕被釋記（觀察北平通信）","观察","1947","第3卷 第7期","19",NA,"上海"
"讀者投書：西北民生實業公司廸化分公司經理被捕","观察","1947","第3卷 第7期","1",NA,"上海"
"令人醉的詩和令人醒的詩","何達","观察","1947","第3卷 第7期","20","上海"
"書評：國家與道德(T. D. Weldon)","吳恩裕","观察","1947","第3卷 第7期","21","上海"
"觀察文摘：爭取學術獨立的十年計畫（原作者：胡適）","观察","1947","第3卷 第7期","22-23",NA,"上海"
"觀察文摘：建議大學裏添設“時事研究”一科（原作者：嚴仁賡）","观察","1947","第3卷 第7期","23，20",NA,"上海"
"讀者投書：黨務機關併吞敵僞產業又一例","观察","1947","第3卷 第7期","1",NA,"上海"
"讀者投書：宋子文捐款動機","梁子奇","观察","1947","第3卷 第7期","1","上海"
"讀者投書：香港看大選","梁子奇","观察","1947","第3卷 第7期","1","上海"
"觀察漫畫：共餐者(轉載DAILY HERALD， LONDON)：[漫畫]","观察","1947","第3卷 第8期","15",NA,"上海"
"觀察漫畫：洪流（木刻）：[木刻]","王琦","观察","1947","第3卷 第8期","15","上海"
"觀察漫畫：換上道袍：[漫畫]","观察","1947","第3卷 第8期","15",NA,"上海"
"觀察通信版：從數字看江西","王克浪","观察","1947","第3卷 第8期","16-17","上海"
"觀察通信版：樂歲终身苦·凶年不免亡","蔣家丁","观察","1947","第3卷 第8期","17-18","上海"
"觀察漫畫：無效的祈禱：[漫畫]","观察","1947","第2卷 第8期","15",NA,"上海"
"觀察通信版：新局面前夕的派系爭鬥及人事佈置","观察","1947","第2卷 第8期","16-17",NA,"上海"
"對日和約政治問題","純青","观察","1947","第3卷 第6期","2-5","上海"
"第二轉形期的新疆","周東郊","观察","1947","第3卷 第6期","6-10","上海"
"地方財政往何處去？","李恭宇","观察","1947","第3卷 第6期","10-12","上海"
"預告選災·追論憲政（下）","梁漱溟","观察","1947","第3卷 第5期","7-10","上海"
"觀察文摘：中國文化與現代化問題（原作者：吳世昌）","观察","1947","第2卷 第18期","22-23",NA,"上海"
"觀察漫畫：請息內戰、囤米處……：[漫畫三幅]","方成","观察","1947","第2卷 第12期","13，0","上海"
"讀者投書：官場一套","傅傳經","观察","1947","第2卷 第13期","1","上海"
"讀者投書：學生運動轉變的開始","天籟","观察","1947","第2卷 第18期","1","上海"
"觀察通信版：極目中原","益成","观察","1947","第2卷 第15期","18","上海"
"讀者投書：誰說軍人歡喜內戰？","观察","1947","第2卷 第17期","1",NA,"上海"
"觀察通訊版：北票之圍追記","陳善基","观察","1947","第3卷 第4期","17-18","上海"
"觀察漫畫：無人的果園：[漫畫]","观察","1947","第2卷 第20期","14，0",NA,"上海"
"讀者投書：形同攤派·于法無據","观察","1947","第2卷 第19期","23",NA,"上海"
"北塔山事件·新蒙邊界·新疆問題（附圖）","周東郊","观察","1947","第2卷 第19期","2-9","上海"
"從北塔山事件說起","吳世昌","观察","1947","第2卷 第19期","9-11","上海"
"觀察通信版：納粹西遷錄","观察","1947","第3卷 第4期","19",NA,"上海"
"觀察文摘：我們對學潮的意見","金克木 張培剛 曾炳鈞","观察","1947","第2卷 第15期","22","上海"
"讀者投書：大同學生被毆目擊實錄","徐偶若","观察","1947","第2卷 第15期","1，23","上海"
"讀者投書：中國缺乏“杜魯門”","金榖穗","观察","1947","第2卷 第15期","23","上海"
"讀者投書：上海與政府","何光楣","观察","1947","第3卷 第4期","1","上海"
"大選與時局","吳之椿","观察","1947","第3卷 第4期","2-4","上海"
"預告選災·追論憲政（上）","梁漱溟","观察","1947","第3卷 第4期","4-9","上海"
"論人性與私產","吳恩裕","观察","1947","第3卷 第4期","9-11","上海"
"觀察漫畫：同樣負担：[漫畫]","观察","1947","第3卷 第5期","14",NA,"上海"
"觀察漫畫：企望：[漫畫]","观察","1947","第3卷 第5期","14",NA,"上海"
"觀察通信版：聯總·行總·解總的官司","观察","1947","第3卷 第5期","15",NA,"上海"
"一人物素描","Theophrastus","观察","1947","第3卷 第18期","19-18","上海"
"誤會","李慕白","观察","1947","第2卷 第7期","21-22","上海"
"觀察通信版：長城線内外的爭奪（觀察專稿）","观察","1947","第3卷 第7期","13-14",NA,"上海"
"觀察通信版：劉伯承南下記：大别山戰鬥紀實","苡莎","观察","1947","第3卷 第7期","14-17","上海"
"觀察通信版：夾在鋸齒間的皖中（觀察皖中通信）","史丹","观察","1947","第3卷 第7期","17-18","上海"
"觀察通信版：追悼·示威·探：“這是新的革命的前夜”","周炳琳","观察","1947","第3卷 第12期","17，15","上海"
"讀者投書：關于寃獄","郭子韻","观察","1947","第3卷 第13期","1","上海"
"觀察通信版：蔣主席抵平以後的北方政軍","萬鍾民","观察","1947","第3卷 第17期","13-14","上海"
"編者報告：售價或將再加·訂閱務請從速","观察","1947","第3卷 第17期","1",NA,"上海"
"從“天下國”到“地緣國家”","何永佶","观察","1947","第2卷 第19期","11-14","上海"
"愛與死：海外憶之十二","李慕白","观察","1947","第2卷 第19期","21-22","上海"
"論知識階級：“從社會結構看中國”之二","費孝通","观察","1947","第3卷 第8期","10-14","上海"
"觀察漫畫：後支撑：[漫畫]","观察","1947","第3卷 第8期","15",NA,"上海"
"觀察漫畫：喂，這邊的，還是那邊的？：[漫畫]","观察","1947","第3卷 第8期","15",NA,"上海"
"觀察通信版：英國議會訪華團在重慶","观察","1947","第3卷 第14期","15",NA,"上海"
"讀者投書：鄂東廣濟徵兵實况","徐源浩","观察","1947","第2卷 第19期","23","上海"
"讀者投書：中國軍人本來前進","观察","1947","第2卷 第20期","1，17",NA,"上海"
"觀察漫畫：[漫畫三幅]","观察","1947","第2卷 第21期","16，0",NA,"上海"
"讀者投書：對付學生並無禁用達姆彈之例","宋次男","观察","1947","第2卷 第16期","23","上海"
"觀察漫畫：打不清的官司：[漫畫]","观察","1947","第2卷 第17期","12，0",NA,"上海"
"觀察漫畫：牆外之音：[漫畫]","观察","1947","第2卷 第17期","12",NA,"上海"
"觀察通信版：“六二”在民主廣場：死去的以白骨與碧血，活着的以悲哀和憤怒，今天我們築起反內戰的紀念碑（錄自民主牆上）","观察","1947","第2卷 第16期","16-17",NA,"上海"
"觀察通信版：兩年前的老樣子又回來了！","观察","1947","第2卷 第16期","17，21",NA,"上海"
"週末闢欄：獄中生活簡記（四）","張東蓀","观察","1947","第2卷 第16期","18-19","上海"
"觀察文摘：美國對華政策的一種看法（原作者：費孝通）","观察","1947","第2卷 第16期","20-21",NA,"上海"
"讀者投書：事實並不如此簡單","劉斐蓀","观察","1947","第2卷 第16期","1","上海"
"讀者投書：呼籲“解除恐怖的威脅”","观察","1947","第2卷 第16期","1，21",NA,"上海"
"讀者投書：完全的自由·無情的正直","观察","1947","第2卷 第16期","22",NA,"上海"
"讀者投書：士大夫的考驗","文繼武","观察","1947","第2卷 第16期","22","上海"
"讀者投書：依利莎白公主的婚禮","芝","观察","1947","第3卷 第3期","1","上海"
"觀察文摘：魏德邁告别聲明的背景（原作者：Frank L．Tsao）","文覺","观察","1947","第3卷 第5期","22-23","上海"
"讀者投書：捐官之風復活","麥右文","观察","1947","第3卷 第5期","1","上海"
"讀者投書：掩口葫蘆","高世勳","观察","1947","第2卷 第4期","1","上海"
"唯和平可以統一論","錢端升","观察","1947","第2卷 第4期","2-6","上海"
"觀察文摘：“一團和氣”","荒野","观察","1947","第2卷 第4期","22","上海"
"爲中國的農業試探一條出路：創辦生產農場芻議","李克佐 高良潤 陳繩祖","观察","1947","第3卷 第3期","13-15","上海"
"讀者投書：學生駭不退","观察","1947","第2卷 第13期","1",NA,"上海"
"觀察通信版：湘江攔不住：反內戰遊行在長沙","高第榘","观察","1947","第2卷 第15期","13-14","上海"
"中國文化特徵之研究（下）","梁漱溟","观察","1947","第2卷 第7期","8-10","上海"
"觀察通信版：暴政驅民於亂·西康的民變夷變：以殘殺對殘殺以刼掠對刼掠，暴民過處屍骸遍野廬舍爲墟（附圖）","观察","1947","第2卷 第1期","18-20",NA,"上海"
"動盪的國際現狀與美國最近的外交傾向（紐約通信）：從美國希土借款說起","楊剛","观察","1947","第2卷 第6期","10-14","上海"
"戰後中國敎育","Nathaniel Peffer","观察","1947","第3卷 第3期","15-17","上海"
"觀察漫畫：全權代理：[漫畫]","方成","观察","1947","第3卷 第3期","18","上海"
"所謂反帝親蘇","傅雷","观察","1947","第2卷 第24期","21-23","上海"
"聯席會議：[漫畫]","方成","观察","1947","第2卷 第24期","24","上海"
"讀者投書：在焦慮中的河大","林楓","观察","1947","第2卷 第24期","1","上海"
"以身作則：[漫畫二幅]","方成","观察","1947","第2卷 第24期","24","上海"
"讀者投書：武漢的護權遊行","文弼成","观察","1947","第2卷 第6期","1","上海"
"從美蘇說到國内","吳世昌","观察","1947","第2卷 第6期","2-4","上海"
"追述我們努力建立“聯合政府”的用意","張東蓀","观察","1947","第2卷 第6期","4-6","上海"
"觀察漫畫：法外之法：[漫畫]","方__","观察","1947","第2卷 第15期","12，0","上海"
"觀察漫畫：補漏：[漫畫]","方__","观察","1947","第2卷 第15期","12","上海"
"觀察漫畫：何必等到這一天！：[漫畫]","方__","观察","1947","第2卷 第15期","12","上海"
"讀者投書：公道嗎？","嚴敬輿","观察","1947","第3卷 第2期","17","上海"
"讀者投書：肅清官常應重上層","艾希","观察","1947","第3卷 第2期","17","上海"
"琉球應歸還中國","萬光","观察","1947","第2卷 第24期","16-18","上海"
"讀者投書：以國家財富變爲一熏私產又一報告","楊伯常","观察","1947","第3卷 第3期","1","上海"
"讀者投書：今後讀書步驟","張光銓","观察","1947","第3卷 第3期","1","上海"
"讀者投書：人我一心","蕭武堯","观察","1947","第2卷 第11期","1","上海"
"自由主義者往何處去？","楊人楩","观察","1947","第2卷 第11期","2-5","上海"
"觀察通信版：記修築中的青新公路：此線通過柴達木盆地向西伸延，新疆或能因此路而與內地密接，建設或控制西北交通均屬第一（附圖）","观察","1947","第2卷 第10期","18-19",NA,"上海"
"果園文化","陳力","观察","1947","第1卷 第20期","17","上海"
"隨鐵大少回家","楊絳","观察","1947","第2卷 第10期","20，14","上海"
"觀察文摘：我們對美蘇關係的態度（原作者：傅雷）","观察","1947","第2卷 第10期","21-22",NA,"上海"
"讀者投書：“新”的感覺","秦鏡清","观察","1947","第2卷 第10期","1","上海"
"讀者投書：華萊士生在中國","朱天心","观察","1947","第2卷 第10期","1","上海"
"讀者投書：關于青年一個最普遍而又最眞實的陳述","馮明源","观察","1947","第2卷 第10期","1","上海"
"讀者投書：對外容忍，對內决絕","一萍","观察","1947","第2卷 第10期","1，22","上海"
"讀者投書：天下第一無腦筋事又一例","張旭初","观察","1947","第2卷 第10期","22","上海"
"五四重新使我感到不安","王芸生","观察","1947","第2卷 第10期","2-3","上海"
"寫在“五四”的前夕","吳世昌","观察","1947","第2卷 第10期","3-4","上海"
"沒有安排好的道路","費孝通","观察","1947","第2卷 第10期","5-6","上海"
"讀者投書：關于本刊的售價","芝","观察","1947","第2卷 第11期","1","上海"
"美國在旅程的盡頭：美國人的性格之一","費孝通","观察","1947","第2卷 第11期","12-13，18","上海"
"論張君勱","儲安平 芝","观察","1947","第1卷 第19期","1-2","上海"
"評出版法修正草案（一）","韓德培","观察","1947","第3卷 第15期","4-7","上海"
"從世界潮流論中國出路","伍啓元","观察","1947","第2卷 第7期","2-5","上海"
"留美學界的幾個問題","任鴻雋","观察","1947","第2卷 第11期","6-7","上海"
"法治實行問題","李浩培","观察","1947","第2卷 第12期","2-5","上海"
"讀孫科談話","儲安平","观察","1947","第2卷 第18期","2-4","上海"
"週末闢欄：西化問題的側面觀","季羡林","观察","1947","第2卷 第1期","21-22","上海"
"說“回家”","錢鍾書","观察","1947","第2卷 第1期","23","上海"
"天津市易長記：張廷諤：失於浮拙，杜建時：失於輕巧：若能收起做官心腸，何患不能有所建樹","观察","1947","第1卷 第20期","18",NA,"上海"
"中條山山南山北：法外天地·人間血淚","观察","1947","第1卷 第20期","19-20",NA,"上海"
"文學·藝術·戯劇·音樂：柏拉圖放逐詩人辯","戴鎦齡","观察","1947","第1卷 第20期","21-22","上海"
"論美軍事件","吳世昌 芝","观察","1947","第1卷 第21期","2-3","上海"
"尾頁：膠濟西段","劉德生","观察","1947","第1卷 第21期","21","上海"
"尾頁：示威的自由","明","观察","1947","第1卷 第21期","21","上海"
"尾頁：負生偶記（十四）","观察","1947","第1卷 第21期","21",NA,"上海"
"尾頁：台灣點滴：“觀察”的“觀察通信”及讀者投書裏一再提到台灣的沈顧問……","司馬","观察","1947","第1卷 第21期","21","上海"
"論“神話政治”：評國共兩黨的政治領導","周綬章","观察","1947","第1卷 第21期","4-6","上海"
"荀子與斯賓塞爾論解蔽（附表）","潘光旦","观察","1947","第1卷 第21期","6-9","上海"
"經濟之改造（二）","胡先驌","观察","1947","第1卷 第21期","10-12","上海"
"晦明初冬（紐約通信）","楊剛","观察","1947","第1卷 第21期","12-13","上海"
"讀者投書：中共人員的撤退","梁華儀","观察","1947","第2卷 第2期","1","上海"
"留學制度·留學生","許君遠","观察","1946","第1卷 第5期","13-15","上海"
"巴黎會議成就了什麼（巴黎通信）","錢能欣","观察","1946","第1卷 第15期","11-14","上海"
"讀者投書：台灣與祖國","汪留照","观察","1946","第1卷 第13期","22-23","上海"
"民主政治與自由","鄒文海","观察","1946","第1卷 第13期","8-11","上海"
"逆流與歧途","孫克寬","观察","1946","第1卷 第13期","11-13","上海"
"從對比到統一（附圖）","高覺敷","观察","1946","第1卷 第2期","12-14","上海"
"新的人權宣言（資料）","观察","1946","第1卷 第2期","14",NA,"上海"
"觀察通信版：山雲多幻變，柳暗花不明：四個月來的政治商談","观察","1946","第1卷 第2期","15-16",NA,"上海"
"觀察通信版：中美農業合作談：赫契生·穆懿爾、鄒秉文·沈宗瀚的中國農業觀：十年來屋頂花園式的農業試驗全盤失敗，不顧現實的農業政策徒然浪費國家公帑","徐盈","观察","1946","第1卷 第2期","17-18","上海"
"觀察通信版：“國家資本”考驗中，錢昌照的担負：十五年辛勤·二萬名幹部，不樂觀的想·祇積極的做","观察","1946","第1卷 第2期","18-19",NA,"上海"
"失敗的統治","儲安平 芝","观察","1946","第1卷 第3期","2-3","上海"
"書評出版：“未了知之人類”譯序","胡先驌","观察","1946","第1卷 第3期","20","上海"
"答覆觀察週刊記者對我評語（原刊再生一二九期）","張君勵","观察","1946","第1卷 第3期","21","上海"
"尾頁：瀋陽小事：日僑的生活","一波","观察","1946","第1卷 第3期","22","上海"
"尾頁：瀋陽小事：電流的分配","一波","观察","1946","第1卷 第3期","22","上海"
"尾頁：瀋陽小事：槍桿與筆桿","一波","观察","1946","第1卷 第3期","22","上海"
"觀察通信版：一個有大權力的行政院長：宋子文的政績·政策·作風·資本：他控制着全國的金融·糧食·衣料·物資：他可以無視黨內黨外的意見·獨行其是","观察","1946","第1卷 第3期","13-14",NA,"上海"
"觀察通信版：一個非洲森林中，黯夜的烏鴉尋覓者：美廣播記者柯温在平晤談記","观察","1946","第1卷 第3期","15-16",NA,"上海"
"尾頁：九月瀋陽","張東前","观察","1946","第1卷 第12期","22","上海"
"尾頁：負生偶記（九）","观察","1946","第1卷 第12期","22",NA,"上海"
"南疆的動盪（新疆變亂記略之四）：盛世才用以驅逐南疆馬仲英部之歸化軍：[照片]","观察","1946","第1卷 第14期","19",NA,"上海"
"和平談判及其後（新疆變亂記略之五）（附照片）","观察","1946","第1卷 第14期","20-22，5",NA,"上海"
"文學·藝術·戱劇·音樂：“福哉馬利亞”","戴鎦齡","观察","1946","第1卷 第13期","21","上海"
"尾頁：西山游","萬守義","观察","1946","第1卷 第12期","22","上海"
"尾頁：梅光迪之五萬元","杭人","观察","1946","第1卷 第3期","22","上海"
"尾頁：人心","行","观察","1946","第1卷 第3期","22","上海"
"尾頁：病社會：黨爭日烈……","泉","观察","1946","第1卷 第3期","22","上海"
"胡適談話一段：七月二十日上海文化界在國際飯店招待胡適……","观察","1946","第1卷 第3期","3",NA,"上海"
"二十一國和會","蔡維藩","观察","1946","第1卷 第1期","8-12","上海"
"論知行","馮友蘭","观察","1946","第1卷 第1期","12-14","上海"
"尾頁：負生偶記（十一）","观察","1946","第1卷 第17期","22",NA,"上海"
"是否移都北平？","沙學浚","观察","1946","第1卷 第17期","4-7","上海"
"誰能替人民說話","吳世昌","观察","1946","第1卷 第4期","5-7","上海"
"新疆變亂記略專輯：編者前記：十月中旬……","周東郊 芝","观察","1946","第1卷 第14期","2","上海"
"尾頁：音樂的幻想","之的","观察","1946","第1卷 第18期","21","上海"
"學術自由與文化進展","羅忠恕","观察","1946","第1卷 第12期","7-9","上海"
"何德奎案","李浩培 芝","观察","1946","第1卷 第15期","2-4","上海"
"青海青·黃河黃，左公柳·馬公楊：青海之戀：青海土人家庭：[照片]","观察","1946","第1卷 第15期","18",NA,"上海"
"青海青·黃河黃，左公柳·馬公楊：青海之戀：西藏第十世班禪太師：轉世于青海循化，現年九歲，聰穎過人，現住塔爾寺班禪行轅：[照片]","观察","1946","第1卷 第15期","18",NA,"上海"
"文學·藝術·戱劇·音樂：鬥爭中的莎士比亞","Donald Morrow","观察","1946","第1卷 第15期","20-21","上海"
"觀察通信版：從朱紹良到谷正倫：二十八年秋前第八戰區司令長官朱紹良將軍（右），代表中央赴靑海主持祭海會盟後，與靑海省馬主席步芳（左）合影：[照片]","观察","1946","第1卷 第10期","18",NA,"上海"
"我們對于美國的感覺","儲安平 芝","观察","1946","第1卷 第11期","2-5","上海"
"觀察通信版：亦是邊區","观察","1946","第1卷 第11期","18-19",NA,"上海"
"文學·藝術·戯劇·音樂：西洋詩之音樂性","張道真","观察","1946","第1卷 第11期","20-21","上海"
"文學·藝術·戲劇·音樂：文學的價值","李廣田","观察","1946","第1卷 第3期","17-19","上海"
"新時代與新時代的人文科學","伍啓元 芝","观察","1946","第1卷 第4期","2-4","上海"
"尾頁：沉靜中的中大","思粤","观察","1946","第1卷 第4期","24","上海"
"尾頁：負生偶記","观察","1946","第1卷 第4期","24",NA,"上海"
"尾頁：無言的焦急","观察","1946","第1卷 第4期","24",NA,"上海"
"尾頁：作者·讀者·編者：安平吾兄著席……","錢鍾書","观察","1946","第1卷 第4期","24","上海"
"短评:响应“撤离中国周”","遒","光明报","1946","新1","3","香港"
"温州人民维护航权的斗争:温州通讯","汪明海","光明报","1946","新1","20-21","香港"
"世界将往那里去:战争呢?还是和平?","黄__眠","光明报","1946","新1","6-7，9","香港"
"关于光明报的回忆","萨空了","光明报","1946","新1","12-13","香港"
"民主运动在华南","李伯球","光明报","1946","新1","14-15","香港"
"陶先生一生的工作","洪遒","光明报","1946","新1","18-20","香港"
"短评:何不来一个新的“二十一条”","一之","光明报","1946","新1","2","香港"
"释民盟对当前时局的主张","沈志远","光明报","1946","新1","4-5","香港"
"哭四弟一多","闻展民","光明报","1946","新1","16-17","香港"
"短评:广州生意难","达史","光明报","1946","新1","2-3","香港"
"民盟南方总支部对目前时局主张","光明报","1946","新1","23-24",NA,"香港"
"短评:特务到了香港","吉","光明报","1946","新1","3","香港"
"为菲律宾华侨团体被非法搜捕事件:民盟南总发表声明","光明报","1946","新1","24",NA,"香港"
"短评:读华莱士先生演说以后","药眠","光明报","1946","新1","2","香港"
"民主同盟在沪发表当前时局意见全文","光明报","1946","新1","22",NA,"香港"
"复刊词:一转眼就是五年了……","光明报","1946","新1","封1",NA,"香港"
"青年党的坠落","思慕","光明报","1946","新1","10-11，13","香港"
"一篇血账","光明报","1946","新1","17",NA,"香港"
"内战扩大与经济大势","千家驹","光明报","1946","新1","8-9","香港"
"短评:欢迎司徒美堂先生","洪","光明报","1946","新1","3","香港"
"短评:美国人的逻辑","斯","光明报","1946","新6","2","香港"
"港九各界反内战大同盟宣言","光明报","1946","新6","3",NA,"香港"
"国内工商业者的烦恼","赵元浩","光明报","1946","新6","6-7，5","香港"
"短评:反对征兵","吉","光明报","1946","新7","2","香港"
"我们为什么不参加国大","光明报","1946","新7","封1",NA,"香港"
"“我们要他活，活得永远”:陶行知先生追悼会散记","李俞","光明报","1946","新7","10-11","香港"
"短评:连地图也向美国呈献","维","光明报","1946","新7","2-3","香港"
"短评:读了中美商约以后","卢","光明报","1946","新7","2","香港"
"短评:是科学进步害了中国!","风","光明报","1946","新7","3","香港"
"论领导","黄药眠","光明报","1946","新7","8-9","香港"
"李闻惨案前后的昆明(续)","赵渢","光明报","1946","新7","13-16","香港"
"不平等条约的新版:评中美新商约","千家驹","光明报","1946","新7","6-7","香港"
"评蒋主席的停战令和时局声明","沈志远","光明报","1946","新7","4-5","香港"
"大会报详述川汉铁路欵潮:张瀾先生与川汉路欵无关","光明报","1946","新7","10-11，9",NA,"香港"
"短评:独裁派的“民主”就是如此","达","光明报","1946","新7","3","香港"
"伤心话海南","蔡磊","光明报","1946","新7","12-13","香港"
"短评:钞票印刷业繁荣了","群","光明报","1946","新7","3","香港"
"李闻惨案前后的昆明(续)","赵渢","光明报","1946","新8","14-16","香港"
"论有条件参加国大","光明报","1946","新8","封1",NA,"香港"
"短评:论三种危机","狄","光明报","1946","新8","3","香港"
"广东在冬天里","里西花","光明报","1946","新8","10-12","香港"
"短评:夫子自道的国民党军风纪","达","光明报","1946","新8","3","香港"
"短评:清正自守!","勃","光明报","1946","新8","3","香港"
"记郭沬若在东京的被殴","力衡","光明报","1946","新8","13","香港"
"由召开国大想到邓演达先生论“国民会议”:为纪念邓先生殉难十五周年而作","丘哲","光明报","1946","新8","4-5，16","香港"
"征兵惨闻","凌元","光明报","1946","新8","10-12","香港"
"民盟重申严正立场坚决拥护政协决议反对参加国大","光明报","1946","新8","2",NA,"香港"
"共和党胜利后的美国外交","张铁生","光明报","1946","新8","6-7","香港"
"论干部","黄药眠","光明报","1946","新8","8-9","香港"
"民盟粤方负责人张文对南京傀儡国大发表谈话","光明报","1946","新8","9",NA,"香港"
"中美商约的研究提要","赵元浩","光明报","1946","新9","6-7，11","香港"
"演不完的滑稽喜剧","达史","光明报","1946","新9","4-5","香港"
"内战伤兵访问记","申由","光明报","1946","新9","14-15，16","香港"
"短评:广东实业公司职员索薪了","羣","光明报","1946","新9","3","香港"
"民运工作者的生活态度","黄药眠","光明报","1946","新9","8-11","香港"
"旧金山中国与远东大会记实","坚夫","光明报","1946","新9","16","香港"
"短评:反抗的信号","斯","光明报","1946","新9","2","香港"
"短评:以民主来保证世界平和","梓","光明报","1946","新9","2-3","香港"
"台湾来鸿","其善","光明报","1946","新9","12-13","香港"
"暗无天日的陆丰","弋戈","光明报","1946","新9","13-15","香港"
"短评:在强化中的民主力量","达","光明报","1946","新9","2","香港"
"短评:院长的住宅也被搜查了","云","光明报","1946","新9","3","香港"
"短评:从南北行的生意说起","辛","光明报","1946","新9","3","香港"
"反对内战，反对征兵!","光明报","1946","新9","封1",NA,"香港"
"向广东国民党当局抗议","光明报","1946","新10","封1",NA,"香港"
"“第二大党”的丑像","何满","光明报","1946","新10","16","香港"
"短评:欢迎中国劳协领导机构迁港","史","光明报","1946","新10","3","香港"
"中国民主革命的前奏:中国民主运动史讲话之一","晨曦","光明报","1946","新10","10-11，13","香港"
"介绍民主运动中几位青年化的老战士","诸葛子明","光明报","1946","新10","12-13","香港"
"南京的苦闷与挣扎","东方晦之","光明报","1946","新10","4-5","香港"
"短评:中美商约见效了","吉","光明报","1946","新10","3","香港"
"短评:斥民社党的子敬先生","达","光明报","1946","新10","2","香港"
"评所谓“中华民国宪草法案”","黄药眠","光明报","1946","新10","8-9","香港"
"短评:国际时局的转机","高","光明报","1946","新10","2-3","香港"
"上海摊贩骚动详记","黎洪","光明报","1946","新10","14-15","香港"
"英国外交殖民政策展望","艾秋飆","光明报","1946","新10","6-7","香港"
"短评:经济崩溃可以救济吗?","高","光明报","1946","新10","3","香港"
"中国在一九四七年的门槛上","黄药眠","光明报","1946","新11","6-8，17","香港"
"我对宪草的批评:三十五年十二月六日演讲于金陵大学","罗隆基 辛斤","光明报","1946","新11","18-20","香港"
"内战一年的回顾与展望","思慕","光明报","1946","新11","14-17","香港"
"张澜先生在上海各人民团体欢迎茶会讲演词","光明报","1946","新11","4-5",NA,"香港"
"评杜鲁门总统十二月十八日的声明","光明报","1946","新11","2-3",NA,"香港"
"反对一党独裁的宪法!","光明报","1946","新11","3",NA,"香港"
"三十五年中国经济的总结","千家驹","光明报","1946","新11","11","香港"
"一年来国际形势的鸟瞰","张铁生","光明报","1946","新11","9-15","香港"
"民主运动在广西","郑丹","光明报","1946","新2","13-14","香港"
"短评:法币贬值与一党专政","益智","光明报","1946","新2","2","香港"
"梁漱溟谈话，秘长职辞意打消","光明报","1946","新2","7",NA,"香港"
"我们相信着人民的力量","光明报","1946","新2","封1",NA,"香港"
"陈嘉庚致杜鲁门电民盟南总表示支持","光明报","1946","新2","16",NA,"香港"
"短评:谁才是爱国者","瑗","光明报","1946","新2","2-3","香港"
"短评:军统宣布撤销","艾","光明报","1946","新2","3","香港"
"响应“撤离中国周”运动","光明报","1946","新2","16",NA,"香港"
"华莱士的“原子弹”演说与其后果","思慕","光明报","1946","新2","8-10","香港"
"短评:“五人”与“三人”之争","觉","光明报","1946","新2","2","香港"
"祝民盟二中全会","光明报","1946","新12","2",NA,"香港"
"短评:勗越南的人民","光明报","1946","新12","3",NA,"香港"
"响应反对美军暴行运动!","黄药眠","光明报","1946","新12","6-7","香港"
"反对美军暴行!","黎洪","光明报","1946","新12","14-16","香港"
"学生抗议美军暴行联合会致杜鲁门总统书","光明报","1946","新12","16",NA,"香港"
"清末民主运动的两条路线:民主运动史话之二","晨曦","光明报","1946","新12","12-13","香港"
"民主运动在南洋:居鑾民盟区分部定期正式成立","光明报","1946","新12","8",NA,"香港"
"民主运动在南洋:要求美军退出中国","光明报","1946","新12","8-9",NA,"香港"
"民主运动在南洋:暹罗孔敬分部成立","光明报","1946","新12","8",NA,"香港"
"短评:恢复和谈的先决条件","光明报","1946","新12","3",NA,"香港"
"肆谈国事","陈此生","光明报","1946","新12","4-7","香港"
"沪民主人士对美军暴行意见","光明报","1946","新12","14-15",NA,"香港"
"短评:爱国也受人煽动?","光明报","1946","新12","3",NA,"香港"
"民主运动在南洋:峇眼民主人士筹组民盟分部","光明报","1946","新12","8",NA,"香港"
"民盟二中全会与国内局势","胡愈之","光明报","1946","新12","8-9","香港"
"访问沈钧儒先生","王健","光明报","1946","新12","10-11","香港"
"对于片面宪法民盟发表声明","光明报","1946","新12","11",NA,"香港"
"短评:阴森的年关","光明报","1947","新13","3",NA,"香港"
"上海人民对马歇尔声明的看法","李怀仁","光明报","1947","新13","12-13","香港"
"短评:拜读了蒋介石先生的演辞以后","史","光明报","1947","新13","3","香港"
"评马歇尔将军的声明","黄药眠","光明报","1947","新13","8-9，7","香港"
"关于“政府改组”与盟员参加地方政府","光明报","1947","新13","7",NA,"香港"
"短评:向广州学生致敬","吉","光明报","1947","新13","3","香港"
"论辛亥革命:中国民主运动史话之三","晨曦","光明报","1947","新13","10-12","香港"
"从封锁中冲出去的铁流:广州学生抗议美军暴行示威大游行","萧源","光明报","1947","新13","14-16","香港"
"民盟张瀾主席在一届二中全会开幕讲词","光明报","1947","新13","4-5",NA,"香港"
"我们的态度","光明报","1947","新13","2",NA,"香港"
"民盟二中全会张澜主席闭幕词:复活政协精神完成历史使命","光明报","1947","新13","5",NA,"香港"
"重要决议案","光明报","1947","新13","6",NA,"香港"
"对马歇尔声明发表书面意见","光明报","1947","新13","6",NA,"香港"
"抗议美军暴行妇运会发表声明","光明报","1947","新13","7",NA,"香港"
"民主老战士马叙伦先生","诸葛孑明","光明报","1947","新13","13-14","香港"
"短评:媚外政策的结果就是如此!","史","光明报","1947","新14","3","香港"
"人民爱国统一战线上上海各党各派的迎春晚会","杨義旗","光明报","1947","新14","16-19","香港"
"我对于民盟二中全会的观感","沈志远","光明报","1947","新14","12-14","香港"
"星洲华侨各界促进祖国和平民主联合会:抗议美军侮辱北大女生通电","光明报","1947","新14","20",NA,"香港"
"短评:广东军人应该觉悟了","达","光明报","1947","新14","3","香港"
"短评:我们要有保障的永久和平","吉","光明报","1947","新14","3","香港"
"政协决议一周年","光明报","1947","新14","2",NA,"香港"
"中国民主同盟广东省支部为当前局势告广东同胞书","光明报","1947","新14","20",NA,"香港"
"民盟二中全会政治报告全文(代宣言)","光明报","1947","新14","4-11",NA,"香港"
"短评:英国将怎样呢?","共","光明报","1947","新14","3","香港"
"二中全会的收获","李伯球","光明报","1947","新14","14-15","香港"
"短评:要求重审美兵","田","光明报","1947","新14","3","香港"
"短评:鲁苏大战","高","光明报","1947","新15","3","香港"
"短评:“西安”轮惨案","风","光明报","1947","新15","3","香港"
"民盟的任务更繁重了","光明报","1947","新15","2",NA,"香港"
"救国老人沈钧儒先生","诸葛孑明","光明报","1947","新15","14-16","香港"
"政协决议与政协路线","黄药眠","光明报","1947","新15","4-7","香港"
"短评:走向和平的反面","露","光明报","1947","新15","3","香港"
"民国初年民主与反民主斗争(一):民主运动史话之四","晨曦","光明报","1947","新15","12-13","香港"
"美工会代表舒尔达在劳协的叙餐会上","金殿","光明报","1947","新15","15-16","香港"
"短评:马歇尔的战法","天","光明报","1947","新15","3","香港"
"一年来南方的民主运动","张明德","光明报","1947","新15","8-9，7","香港"
"裁军与原子弹","洪泽","光明报","1947","新15","10-11","香港"
"民盟美国支部二月时事座谈结论","光明报","1947","新16/17","15",NA,"香港"
"从上海看民主运动的动态","李伯球","光明报","1947","新16/17","4-5","香港"
"论莫斯科会议","未名","光明报","1947","新16/17","9-10","香港"
"教育家黄炎培先生","陆诒","光明报","1947","新16/17","14-15","香港"
"社论:(一)响应李济深先生对时局主张","光明报","1947","新16/17","2",NA,"香港"
"这不是人的问题:论宋子文辞职后的经济","千家驹","光明报","1947","新16/17","8","香港"
"民盟的产生和发展","萨空了","光明报","1947","新16/17","11-13","香港"
"星洲民盟积极参加援越抗荷运动","光明报","1947","新16/17","5",NA,"香港"
"论内战局势的转变","林楚","光明报","1947","新16/17","6-7，15","香港"
"民主同盟时局宣言","光明报","1947","新16/17","1页",NA,"香港"
"李济深将军对时局意见","光明报","1947","新16/17","2",NA,"香港"
"民盟马来亚盟务报告(节录)","光明报","1947","新16/17","16",NA,"香港"
"社论:(二)莫斯科会议应该讨论中国问题","光明报","1947","新16/17","2",NA,"香港"
"对莫斯科会议发表书面谈话","李济深 何凝 蔡廷锴","光明报","1947","新16/17","13","香港"
"只有人民能扭转时局","黎纬北","光明报","1946","新2","4-5","香港"
"墓名誌","田直","光明报","1946","新2","12","香港"
"饥荒和暴政煎迫下的人民","蒋万里","光明报","1946","新2","11-12","香港"
"谈今天的内战","陈此生","光明报","1946","新2","6-7","香港"
"陆丰所见","奔原","光明报","1946","新2","15","香港"
"动荡中的世界形势","黄药眠","光明报","1947","新18","2页","香港"
"民盟南总支部招待中外记者志详","光明报","1947","新18","2页",NA,"香港"
"民盟南总支部申明态度:主任委员彭泽民发表书面谈话","镇","光明报","1947","新18","1页","香港"
"民国初年民主与反民主的斗争:中国民主运动史话之五","晨曦","光明报","1947","新18","2页","香港"
"国共军力在变化中","林迈可 空了","光明报","1947","新18","2页","香港"
"四月经济风暴的总结","方治平","光明报","1947","新18","2页","香港"
"老百姓是再也不能忍受了","光明报","1947","新18","2页",NA,"香港"
"攻守易势的开端","陆诒","光明报","1947","新18","2页","香港"
"一个小店员怎样参加民主工作","光明报","1947","新18","1页",NA,"香港"
"华莱士看法国:原文载五月十二月出版的“新共和”杂志","华莱士 武明嘉","光明报","1947","新19","13-16","香港"
"我们对于和平的态度","光明报","1947","新19","2",NA,"香港"
"短评:尼加拉瓜又发生政变了","史","光明报","1947","新19","3","香港"
"读史随笔","云彬","光明报","1947","新19","14-15","香港"
"短评:这就是独裁派的所谓“民主”","吉","光明报","1947","新19","3","香港"
"短评:何谓“是非”?","吉","光明报","1947","新19","3","香港"
"民盟中央对于五参政员出席参政会之决定","光明报","1947","新19","6",NA,"香港"
"短评:是谁威胁了美国的安全呢?","史","光明报","1947","新19","3","香港"
"迎接学生运动新的高潮:“中国目前情况的严重，并不下于法国大革命和俄国十月革命的前夜.”:燕大教授反内战宣言","高天","光明报","1947","新19","7-9","香港"
"独裁政府是怎样摧残新闻自由的?","陆诒","光明报","1947","新19","10-12","香港"
"两种态度和两种问题:五月廿三日在中央大学演讲","梁漱溟 江流","光明报","1947","新19","11-12","香港"
"短评:用我们的力量争取和平","药","光明报","1947","新19","3","香港"
"论民主与反民主的斗争","邓初民 胡慰荆","光明报","1947","新19","4-6","香港"
"短评:我们的抗议","吉","光明报","1947","新20","3","香港"
"抗议摧残新闻自由的罪行:记大公报二记者","张友","光明报","1947","新20","12","香港"
"抗议摧残新闻自由的罪行:我为每日论坛报辩护","陈朗","光明报","1947","新20","10-11","香港"
"短评:全世界法西斯在复活了","春","光明报","1947","新20","3","香港"
"短评:五十万人无家可归","药","光明报","1947","新20","3","香港"
"短评:民主的伪装卸下来了!","达","光明报","1947","新20","3","香港"
"读史随笔:识时务的叔孙通","云彬","光明报","1947","新20","14-15","香港"
"国民党独裁派大屠杀的阴谋:和平老人透露出其中秘密","杨義旗","光明报","1947","新20","14-16","香港"
"响应冯玉祥将军的国是主张","光明报","1947","新20","2",NA,"香港"
"斥沪市参议会之无耻","怒涛","光明报","1947","新20","12-13","香港"
"抗议摧残新闻自由的罪行:无罪的“罪人”赵悔深","纪北","光明报","1947","新20","13","香港"
"我对于时局的愿望:五月廿六日在中央大学演讲","章伯钧","光明报","1947","新20","9，13","香港"
"抗议摧残新闻自由的罪行:受非法逮捕的上海五记者","陆诒","光明报","1947","新20","11-12","香港"
"战略反攻的过渡阶段","陆诒","光明报","1947","新20","7-8","香港"
"现阶段世界政治主流与主要矛盾:兼评梁纯夫先生的观点","沈志远","光明报","1947","新20","4-6","香港"
"热病中的梦囈:币制改革","狄超白","光明报","1947","新21","14-15","香港"
"短评:夏都何处?","风","光明报","1947","新21","3","香港"
"中间路线没有现实的根据","邓初民","光明报","1947","新21","4-6","香港"
"短评:光是军火也没有用!","佛","光明报","1947","新21","3","香港"
"短评:“七月涨风”","史","光明报","1947","新21","3","香港"
"评独裁派的所谓“新政策”","光明报","1947","新21","2",NA,"香港"
"短评:法西斯作风与师道","史","光明报","1947","新21","3","香港"
"论广东的水灾","方向之","光明报","1947","新21","11-12","香港"
"黄炎培致参政会邵、雷两先生函","光明报","1947","新21","13",NA,"香港"
"读史随笔:清流投濁流","云彬","光明报","1947","新21","16","香港"
"略论巴黎的三外会议","黄药眠","光明报","1947","新21","7-8","香港"
"冲破重重的封锁:南京记者在政府封锁新闻政策下采访实录","胡星原","光明报","1947","新21","15-16","香港"
"短评:蒋主席应有政治家的风度","吉","光明报","1947","新21","3","香港"
"漫谈上海工潮","陆诒","光明报","1947","新21","12-13","香港"
"美国援华与国际调处:译自五月十七日出版的“民族周刊”","史迪瓦特 武明嘉","光明报","1947","新21","9-10","香港"
"爱国诗人闻一多","洪遒","光明报","1947","新22","12-15","香港"
"短评:广东也应该要求自治","药","光明报","1947","新22","3-2","香港"
"我们的悼念:公樸，安眠吧!","思慕","光明报","1947","新22","17","香港"
"我们的悼念:悼念逝者，鞭策自己","云彬","光明报","1947","新22","16","香港"
"由衡舍桐花谈起","空了","光明报","1947","新22","13","香港"
"哭憶行知:兼哭李公樸、闻一多先生","邓初民","光明报","1947","新22","9-10","香港"
"我们的悼念:用行动来纪念邹李闻陶四先生","彭泽民","光明报","1947","新22","14","香港"
"我们的悼念:加倍为人民事业努力","沈志远","光明报","1947","新22","14","香港"
"我们的悼念:李闻周年祭","千家驹","光明报","1947","新22","15","香港"
"读史随笔","申公","光明报","1947","新22","18-19","香港"
"汕头的黑色恐怖","烈风","光明报","1947","新22","18-19","香港"
"打了一年多的后果","陆诒","光明报","1947","新22","6-7","香港"
"我们的悼念:撲灭杀人的凶手以纪念邹李闻陶四先烈","李伯球","光明报","1947","新22","15","香港"
"为争取基本的人权而奋斗","光明报","1947","新22","2-3",NA,"香港"
"我们的悼念:一个倒下去千百个起来","陆诒","光明报","1947","新22","17","香港"
"我们要学习韬奋精神","胡仲持","光明报","1947","新22","10-11","香港"
"梅县近貌","辉晋","光明报","1947","新22","20","香港"
"我们的悼念:不敢忘","陈此生","光明报","1947","新22","16","香港"
"再论中间路线问题","邓初民","光明报","1947","新22","4-8，17","香港"
"公樸，你还在我的身边","张曼筠","光明报","1947","新22","10","香港"
"短评:香港工商业家的自救之路","风","光明报","1947","新22","3","香港"
"我们的悼念:“总动员”声中沉痛纪念邹李闻陶四先生","陈其瑗","光明报","1947","新22","16","香港"
"短评:总动员就是搜刧","客","光明报","1947","新22","2-3","香港"
"短评:魏特迈将军此来何为?","史","光明报","1947","新22","2-3","香港"
"我们的悼念:是独裁者杀死了他们!","药眠","光明报","1947","新22","16","香港"
"论宣传","黄药眠","光明报","1946","新3","10-11","香港"
"短评:请愿有甚么用处?","一之","光明报","1946","新3","3","香港"
"统一建国同志会信约(附录)","光明报","1946","新3","13",NA,"香港"
"李闻案民盟再致政府函:提出两项要求限期破案","光明报","1946","新3","15",NA,"香港"
"英国人眼中的新南斯拉夫","(英)索莱","光明报","1946","新3","14","香港"
"民盟呼籲停战恢复和平电文","光明报","1946","新3","2",NA,"香港"
"为完成双十节的历史任务而奋斗:纪念双十节三十五周年","李章达","光明报","1946","新3","封1","香港"
"内战现势与前瞻","晨曦","光明报","1946","新3","4-5","香港"
"短评:“已知”和“未知”","年","光明报","1946","新3","3","香港"
"工商业的出路在那里?:评上海工商界的两次请愿","千家驹","光明报","1946","新3","6-7","香港"
"南国革命斗争进程","光明报","1948","新1 第1期","21-22",NA,"香港"
"驳胡适“国际形势里的两个问题”(附照片)","郭沫若","光明报","1948","新1 第1期","6-10","香港"
"短评:“第三方面”休矣","南","光明报","1948","新1 第1期","2","香港"
"从“放骚”说起","陈善","光明报","1948","新1 第1期","16-17","香港"
"民盟在奋斗中","光明报","1948","新1 第1期","20",NA,"香港"
"英议会访华团团员罗伯慈访华观感","方菶","光明报","1948","新1 第1期","22-23","香港"
"短评:揭穿“美援”","南","光明报","1948","新1 第1期","2","香港"
"民盟三中全会的成就","沈钧儒","光明报","1948","新1 第1期","4","香港"
"悼许季芾先生(附照片)","马叙伦","光明报","1948","新1 第1期","16-17","香港"
"起用宿将:[画图]","冰兄","光明报","1948","新1 第1期","10","香港"
"琼崖:被出卖的海岛","叶深","光明报","1948","新1 第1期","19-20","香港"
"美援救不了蒋政府","千家驹","光明报","1948","新1 第1期","15","香港"
"挡口什谈","周钢鸣","光明报","1948","新1 第1期","17","香港"
"真“胡”塗?假“胡”塗?为何冒死去救护?可知“将”军头已无?请问“胡”哩与“胡”塗!:[照片]","米谷","光明报","1948","新1 第1期","封1","香港"
"求和空气笼罩南京","光明报","1948","新1 第1期","18-19",NA,"香港"
"坚持路线，击破阴谋!","光明报","1948","新1 第1期","3",NA,"香港"
"畧论民主同盟当前的任务","章伯钧","光明报","1948","新1 第1期","5","香港"
"你看，我们多么仁慈而慷慨啊!:[图片]","冰兄","光明报","1948","新1 第1期","15","香港"
"短评:掠夺与出卖","光明报","1948","新1 第1期","2",NA,"香港"
"成功湖(美国通讯)","曾昭抡","光明报","1948","新1 第1期","18","香港"
"自由主义底批判(附图片)","黄药眠","光明报","1948","新1 第1期","11-14","香港"
"揭开伪“自由主义者集团”的画皮","孟南","光明报","1948","新1 第2期","8-11","香港"
"短评:展望春战场、放眼看华南、经济战线上","方","光明报","1948","新1 第2期","6-7","香港"
"民主运动在缅甸","纪域","光明报","1948","新1 第2期","11","香港"
"斥美国的反动军人","光明报","1948","新1 第2期","2",NA,"香港"
"芝加哥","曾抡昭","光明报","1948","新1 第2期","10-11","香港"
"张君勱在美“丢丑”记","张卖君","光明报","1948","新1 第2期","14-15","香港"
"敝帚楼襍憶","光明报","1948","新1 第2期","13",NA,"香港"
"屈原·苏武·阴庆","郭沫若","光明报","1948","新1 第2期","3","香港"
"俘虏回到了南京","艾群","光明报","1948","新1 第2期","14-15","香港"
"向反动派控诉，示威!:记北平学生支援同济血案抗议非法逮捕的集会","何爱芬","光明报","1948","新1 第2期","12-13","香港"
"从媚美到媚日(附图片)","思慕","光明报","1948","新1 第2期","4-7","香港"
"我们只谈学术，不及其他:[图片]","冰兄","光明报","1948","新1 第2期","9","香港"
"伪自由份子与真自由份子的两条道路","李伯球","光明报","1948","新1 第3期","6-7","香港"
"旧金山","曾昭抡","光明报","1948","新1 第3期","14-15","香港"
"记曾昭抡先生谈原子弹","一真","光明报","1948","新1 第3期","14-17","香港"
"答施复亮先生论“中间路线”:兼论“自由主义者的道路”","邓初民","光明报","1948","新1 第3期","3-9","香港"
"民主斗争在缅甸","宋藜野","光明报","1948","新1 第3期","18-20","香港"
"我们对自由主义的态度","光明报","1948","新1 第3期","2",NA,"香港"
"两种道德","王由","光明报","1948","新1 第3期","8-9","香港"
"苏岛的民主运动","思蓝","光明报","1948","新1 第3期","16-17","香港"
"敝帚楼杂憶","一续","光明报","1948","新1 第3期","19","香港"
"短评:春季攻势在战场、美援救不了崩溃、卖国青出于蓝","光明报","1948","新1 第3期","12-13",NA,"香港"
"法西斯的卒子胡适","力扬","光明报","1948","新1 第3期","13","香港"
"旅英盟员的建议","胡麟","光明报","1948","新1 第3期","18-19","香港"
"大拍卖:[图片]","米谷","光明报","1948","新1 第3期","10","香港"
"华南面临“九一八”前夜","高澜","光明报","1948","新1 第3期","10-12","香港"
"四川易长内幕","谷新","光明报","1948","新1 第4期","19","香港"
"历史是进化的","郭沫若","光明报","1948","新1 第4期","3-5","香港"
"一种“观点”的阐明","王由","光明报","1948","新1 第4期","17-18","香港"
"短评:震撼全国父母心、中原之战的发展、经略华南的进行","光明报","1948","新1 第4期","11",NA,"香港"
"东京所见","刘尊棋","光明报","1948","新1 第4期","16","香港"
"敝帚楼杂憶(二续)","光明报","1948","新1 第4期","17-19",NA,"香港"
"中国的土地改革","陈翰笙 方菶","光明报","1948","新1 第4期","8-10，18","香港"
"论美国的对华侵略政策","黄药眠","光明报","1948","新1 第4期","6-11","香港"
"纽约","曾昭抡","光明报","1948","新1 第4期","14-15","香港"
"前拥后护地又来了:[画图]","米谷","光明报","1948","新1 第4期","13","香港"
"日本强盗又要崛起了","伯愷","光明报","1948","新1 第4期","12-13","香港"
"北平学潮的前浪后浪","光明报","1948","新1 第4期","14-15",NA,"香港"
"我们对伪国民大会的态度","章伯钧","光明报","1948","新1 第4期","2","香港"
"从伪国大谈到伪总统","周新民","光明报","1948","新1 第5期","3-5","香港"
"短评:解放军何时渡江?","光明报","1948","新1 第5期","11",NA,"香港"
"迎接五月","光明报","1948","新1 第5期","2",NA,"香港"
"中大的“请贷”运动","徐晴","光明报","1948","新1 第5期","14-15","香港"
"百丑图","沙鸥","光明报","1948","新1 第5期","12-13","香港"
"“五四”和今天的民主斗争","沈志远","光明报","1948","新1 第5期","4-5","香港"
"悼念王怀勳同志(附照片)","夏子","光明报","1948","新1 第5期","16-17","香港"
"战斗的建设","陈此生","光明报","1948","新1 第5期","8-11，13","香港"
"短评:粉碎“美日蒋协同体”","光明报","1948","新1 第5期","11",NA,"香港"
"一个注解:十年前国民党试行土地改革的真相","光明报","1948","新1 第5期","12-15",NA,"香港"
"短评:评彭学沛氏十月二日的声明","吉","光明报","1946","新3","2-3","香港"
"民盟前身—统一建国同志会","空了","光明报","1946","新3","12-13","香港"
"上海杂志(一)","赵渢","光明报","1946","新3","15-16","香港"
"史大林谈话VIS美国反动路线","沈志远","光明报","1946","新3","8-9","香港"
"略论一年来的学生运动","李相符","光明报","1948","新1 第5期","6-9","香港"
"上海学生是怎样被迫害的?","庚夫","光明报","1948","新1 第5期","16","香港"
"洛杉矶","曾昭抡","光明报","1948","新1 第5期","18-19","香港"
"敝帚楼杂忆:三续","光明报","1948","新1 第5期","18-19",NA,"香港"
"警惕日本恢复军备","陆诒","光明报","1948","新1 第6期","8-11","香港"
"短评:一.杀鸡求卵","光明报","1948","新1 第6期","12-13",NA,"香港"
"短评:二.罪不在已","光明报","1948","新1 第6期","12-13",NA,"香港"
"“总统颂”","沙鸥","光明报","1948","新1 第6期","13","香港"
"新的政治协商与我们的工作","光明报","1948","新1 第6期","2",NA,"香港"
"编后记:本刊复刊，刚满六期……","光明报","1948","新1 第6期","17",NA,"香港"
"美国“自由主义”的清算(附图)","刘尊棋","光明报","1948","新1 第6期","4-6","香港"
"鑾披汶登台前后","李烨","光明报","1948","新1 第6期","16-17","香港"
"坚决反对援蒋:美“民主远东政策委员会”声明","胡光","光明报","1948","新1 第6期","3-4","香港"
"宋国舅休矣","小谢","光明报","1948","新1 第6期","14-15","香港"
"响应工商界的反对美帝扶日号召","高澜","光明报","1948","新1 第6期","7-9","香港"
"论批评","祝公健","光明报","1948","新1 第6期","10-13","香港"
"好莱坞","曾昭抡","光明报","1948","新1 第6期","14-15","香港"
"代胡适之发一个讣文","刘弄潮?","光明报","1948","新1 第6期","18-19","香港"
"特务在海外暴行:加影华侨中学教员被殴","光明报","1948","新1 第7期","12-13",NA,"香港"
"从反日货倾销到反美扶植日本","怀冰","光明报","1948","新1 第7期","10-11","香港"
"反扶日，反迫害!","光明报","1948","新1 第7期","2",NA,"香港"
"南京学生击退了迫害:“五二一”事件记详","金易","光明报","1948","新1 第7期","14-15","香港"
"为民主自由独立而斗争:记香港各界招待国际学联代表布力曼小姐盛会","光明报","1948","新1 第7期","18-19",NA,"香港"
"短评:一.抗义海外的“迫害” 道流","光明报","1948","新1 第7期","14",NA,"香港"
"敝帚楼杂忆(四续)","光明报","1948","新1 第7期","17",NA,"香港"
"记南京大中联“五四纪念周”","李素娥","光明报","1948","新1 第7期","16-17","香港"
"最近美国的和平攻势","刘尊棋","光明报","1948","新1 第7期","7-9","香港"
"是杜鲁门的道路还是华莱士的道路","黄药眠","光明报","1948","新1 第7期","5-6","香港"
"短评:二.南京新内阁的登场","光明报","1948","新1 第7期","15",NA,"香港"
"苏岛本盟负责人费邵两同志被迫出境事","光明报","1948","新1 第7期","12-13",NA,"香港"
"国际·新政协·民盟","沈志远","光明报","1948","新1 第7期","3-4","香港"
"华盛顿","曾昭抡","光明报","1948","新1 第7期","20","香港"
"敝帚楼杂忆:五续","光明报","1948","新1 第8期","13",NA,"香港"
"波士顿:旅美漫记","曾昭抡","光明报","1948","新1 第8期","14-15，7","香港"
"国际学联代表布列小姐巡视中国归去","马叙伦","光明报","1948","新1 第8期","9","香港"
"今日之石家庄","严信民","光明报","1948","新1 第8期","18-19","香港"
"斥司徒雷登大使","黄药眠","光明报","1948","新1 第8期","6-7","香港"
"我们赞同迅速召开新政协","章伯钧","光明报","1948","新1 第8期","2","香港"
"短评:一.听义勇军进行曲的歌","光明报","1948","新1 第8期","5",NA,"香港"
"本盟致全国各民主党派各人民团体各报馆暨全国同胞书","光明报","1948","新1 第8期","1页",NA,"香港"
"美国“冷战”政策的代价","华莱士","光明报","1948","新1 第8期","8-9","香港"
"战斗在石头城","素石","光明报","1948","新1 第8期","16-17","香港"
"展开新政协运动","沈志远","光明报","1948","新1 第8期","3-5","香港"
"学生运动的新浪潮(附照片)","李相符","光明报","1948","新1 第8期","10-13","香港"
"救国的吼声震撼上海","进一","光明报","1948","新1 第8期","14-17","香港"
"短评:二.看解放后的石家庄","光明报","1948","新1 第8期","5",NA,"香港"
"短评:中原大战的趋势","光明报","1948","新1 第9期","8-9",NA,"香港"
"建设新的罗马尼亚","Dritt，D.N. 黄康","光明报","1948","新1 第9期","13-15","香港"
"敝帚楼杂忆:六续","光明报","1948","新1 第9期","17",NA,"香港"
"厄尔巴索","曾昭抡","光明报","1948","新1 第9期","16-17","香港"
"反对倒行逆施之美国扶日政策","杨伯愷","光明报","1948","新1 第9期","10-11","香港"
"新政协的任务及其产生的历史条件","邓初民 尤思纯","光明报","1948","新1 第9期","3-5","香港"
"冀中铁路的再建筑(解放区通讯)","胡光","光明报","1948","新1 第9期","14-15","香港"
"扩大反美扶日运动以纪念“七七”","光明报","1948","新1 第9期","2",NA,"香港"
"本盟对当前东南亚局势重要声明","光明报","1948","新1 第9期","16-17",NA,"香港"
"响应本港各侨团反扶日运动","高澜","光明报","1948","新1 第9期","6-9","香港"
"波兰的观感","Leonards，C. 黄康","光明报","1948","新1 第9期","12-13","香港"
"短评:救災要根绝災源","光明报","1948","新1 第9期","9",NA,"香港"
"短评:司徒大使辞职说","光明报","1948","新1 第9期","8",NA,"香港"
"上海学生反扶日运动中美专又发生惨案","李琪","光明报","1948","新1 第9期","18-19","香港"
"扩大和巩固“反扶日”运动的统一战线","梓晃","光明报","1948","新1 第10期","7-9","香港"
"香港工业的危机","罗子为","光明报","1948","新1 第10期","8-11","香港"
"短评:二、中美双边协定的签订","光明报","1948","新1 第10期","10-11",NA,"香港"
"关于闻一多的转变","王由","光明报","1948","新1 第10期","16","香港"
"含悲忍泪，后继前仆!:敬悼本盟行烈李，闻，陶，杜诸先生","光明报","1948","新1 第10期","2",NA,"香港"
"悼念杜斌丞先生","韩兆鹗","光明报","1948","新1 第10期","18","香港"
"中国民主同盟纪念“七七”十一周年对时局宣言","光明报","1948","新1 第10期","3-4",NA,"香港"
"短评:一、炸开封与枪杀流亡学生","光明报","1948","新1 第10期","10",NA,"香港"
"新政协与领导权及统一战线问题","邓初民 尤思纯","光明报","1948","新1 第10期","5-6，18","香港"
"短评:三、回到了“袁世凯时代”","光明报","1948","新1 第10期","10-11",NA,"香港"
"评蒋介石先生双十演词","杨伯愷","光明报","1946","新4","4-5","香港"
"短评:虚伪与矛盾","年","光明报","1946","新4","2-3","香港"
"昆明在沉潛中","鲁亮","光明报","1946","新4","14-15","香港"
"闻一多先生底回忆","赵渢","光明报","1946","新4","14-16","香港"
"短评:危机紧急之时","吉","光明报","1946","新4","3","香港"
"论组织","黄药眠","光明报","1946","新4","10-11","香港"
"从和会看世界团结前途","方生","光明报","1946","新4","8-9，5","香港"
"民盟南总主委李章达氏双十谈话全文","光明报","1946","新4","2",NA,"香港"
"我们对美国的基本态度","狄超白","光明报","1946","新4","6-7，11","香港"
"短评:国币又惨跌","一之","光明报","1946","新4","3","香港"
"告慰公樸","张曼筠","光明报","1948","新1 第10期","14-15","香港"
"以争取胜利来纪念陶行知先生:陶行知先生逝世二周年祭","方与严","光明报","1948","新1 第10期","17，20","香港"
"南无·邹李闻陶!(附照片)","郭沫若","光明报","1948","新1 第10期","12-13","香港"
"李公樸闻一多先生殉国二周年的回忆","周新民","光明报","1948","新1 第10期","13-15","香港"
"中欧和东南欧诸国的新生","陶大镛","光明报","1948","新1 第10期","19","香港"
"美国对华政策的惨败(附照片)","华莱士","光明报","1948","新1 第11期","3-4","香港"
"忆李公樸先生","杨高","光明报","1948","新1 第11期","14-16","香港"
"波兰工业的展望","光明报","1948","新1 第11期","11",NA,"香港"
"论国民党区经济的崩溃","千家驹","光明报","1948","新1 第11期","4-5","香港"
"短评:征实征粮不免重加","光明报","1948","新1 第11期","8-9",NA,"香港"
"假和平与真和平","光明报","1948","新1 第11期","2",NA,"香港"
"短评:美进步党的正义主张","光明报","1948","新1 第11期","8",NA,"香港"
"短评:轰炸灾祸续演出","光明报","1948","新1 第11期","9",NA,"香港"
"今年罗马尼亚的经济计划","宜闲","光明报","1948","新1 第11期","13","香港"
"保加利亚的新生","黄康","光明报","1948","新1 第11期","8-9","香港"
"今日之陕北","严信民","光明报","1948","新1 第11期","20","香港"
"美国的城市乡村(上)","曾昭抡","光明报","1948","新1 第11期","16","香港"
"论中美双边协定","陆诒","光明报","1948","新1 第11期","6-7","香港"
"罗马尼亚的民主","Yougn，E.P. 宜闲","光明报","1948","新1 第11期","12-13","香港"
"一月来的昆明学运","世贤","光明报","1948","新1 第11期","18-19","香港"
"敝帚楼杂忆(七续)","光明报","1948","新1 第11期","17",NA,"香港"
"三个前提与五项原则:我对于新政协共同施政纲领的意见","李相符","光明报","1948","新1 第12期","3-5","香港"
"美日蒋的“经济提携”","刘思慕","光明报","1948","新1 第12期","6-7，16","香港"
"血泪斑爛:五·二○以来全国各地学生被迫害的纪录","光明报","1948","新1 第12期","14-15",NA,"香港"
"短评:二、日本投降刚三年","光明报","1948","新1 第12期","12",NA,"香港"
"反对美国援蒋扶日","光明报","1948","新1 第12期","2",NA,"香港"
"短评:三、张群赴日谈“亲善”","光明报","1948","新1 第12期","12",NA,"香港"
"论南京的所谓“经济改革”","高澜","光明报","1948","新1 第12期","8-11","香港"
"遥致西安:介绍二首流行的民谣","薛汕","光明报","1948","新1 第12期","17-18","香港"
"美国的城市与乡村(下)","曾昭抡","光明报","1948","新1 第12期","19","香港"
"畧论“一朝天子一朝臣”:就教于邓初民先生","严经文","光明报","1948","新1 第12期","10-11","香港"
"短评:一、展开新政协的讨论","光明报","1948","新1 第12期","12",NA,"香港"
"记太原之战","洪涛","光明报","1948","新1 第12期","12-13","香港"
"敝帚楼杂忆(八续)","光明报","1948","新1 第12期","17-18",NA,"香港"
"短评:四、对人民这样残酷","光明报","1948","新1 第12期","12",NA,"香港"
"华北学生的抗事","华廉","光明报","1948","新1 第12期","14-16","香港"
"本盟发言人:蒋府所谓“改革币制”","光明报","1948","新2 第1期","10",NA,"香港"
"敝帚楼杂忆:九续","光明报","1948","新2 第1期","17",NA,"香港"
"新政协问题笔谈","罗子为 沈志远 马叙伦","光明报","1948","新2 第1期","2-9","香港"
"人民反抗掠夺","何其丰","光明报","1948","新2 第1期","14-16","香港"
"金圆卷","沙鸥","光明报","1948","新2 第1期","16-17","香港"
"短评:一、张群的任务","光明报","1948","新2 第1期","6",NA,"香港"
"来件:东北华北同学抗议七五血案联合会告东北同学书","光明报","1948","新2 第1期","14-15",NA,"香港"
"短评:二、冈村的审判","光明报","1948","新2 第1期","6-7",NA,"香港"
"衣食住行在美国","曾昭抡","光明报","1948","新2 第1期","18","香港"
"加强掠夺的币制改革","光明报","1948","新2 第1期","2-3",NA,"香港"
"中国人民对南京新剥削措施的斗争任务","王岑","光明报","1948","新2 第1期","10-11","香港"
"短评:三、凶狠的掠夺","光明报","1948","新2 第1期","7",NA,"香港"
"本盟弔唁冯氏之丧","光明报","1948","新2 第2期","5",NA,"香港"
"短评:二、揭开张群的卖国阴谋","光明报","1948","新2 第2期","12-13",NA,"香港"
"迫害的恐怖笼罩在各地:上海(上海通讯):从八月二十三日起，……","光明报","1948","新2 第2期","15",NA,"香港"
"祝贺越南独立三年","邓初民","光明报","1948","新2 第2期","8-9","香港"
"衣食住行在美国(二)","曾昭抡","光明报","1948","新2 第2期","16-17","香港"
"短评:三、阎锡山争取美援","光明报","1948","新2 第2期","13",NA,"香港"
"由法国政潮看法国政局","罗子为","光明报","1948","新2 第2期","8-10","香港"
"三月乃至半年","吴惠芳","光明报","1948","新2 第2期","18","香港"
"短评:一、反抗南京的掠夺政策","光明报","1948","新2 第2期","12",NA,"香港"
"迫害的恐怖笼罩在各地:南京(南京通讯):随八月而来的物价涨潮……","光明报","1948","新2 第2期","16-17",NA,"香港"
"迫害的恐怖笼罩在各地:北平(北平通讯):论有闲吗，……","光明报","1948","新2 第2期","14-15",NA,"香港"
"蒋管区的经济恐怖","郑森禹","光明报","1948","新2 第2期","6-7","香港"
"冯玉祥将军最后遗书:八月十二日由埃及亚力山大港航寄李济深将军(附照片)","光明报","1948","新2 第2期","2-5",NA,"香港"
"为保卫工商界的正当利益而奋斗","黄药眠","光明报","1948","新2 第2期","4-5","香港"
"敝帚楼杂忆:十续","光明报","1948","新2 第2期","19",NA,"香港"
"痛悼冯玉祥先生","光明报","1948","新2 第2期","2-3",NA,"香港"
"新政协问题笔谈","高天 丘克辉 杨繁","光明报","1948","新2 第2期","10-13","香港"
"南京独裁者屠杀人民的三大武器","周新民","光明报","1948","新2 第3期","5-6","香港"
"为昆明空前大惨案告同胞书","光明报","1948","新2 第3期","16-17",NA,"香港"
"注视张羣的外交阴谋","何畏之","光明报","1948","新2 第3期","7-9","香港"
"为创造新国庆而奋斗","光明报","1948","新2 第3期","2-3",NA,"香港"
"“九一八”十七周年:本盟对时局宣言","光明报","1948","新2 第3期","10-11",NA,"香港"
"衣食信行在美国","曾昭抡","光明报","1948","新2 第3期","18","香港"
"短评:一、济南毕竟解放了","光明报","1948","新2 第3期","8",NA,"香港"
"各地恐怖更加紧","光明报","1948","新2 第3期","12-13",NA,"香港"
"一片悲惨气氛","何其丰","光明报","1948","新2 第3期","14-15","香港"
"短评:二、废止惩处汉奸条例","光明报","1948","新2 第3期","8-9",NA,"香港"
"张君劢先生代表民主社会党对于时局问题之意见","光明报","1946","新4","12-13",NA,"香港"
"时机紧急中我们的态度","光明报","1946","新4","封1",NA,"香港"
"以行动支援国内学运!:旅法华侨团体来电向海内外同胞呼籲","光明报","1948","新2 第3期","19",NA,"香港"
"由克里姆林宫到夏洛宫","思慕","光明报","1948","新2 第3期","2-4","香港"
"短评:三、中日贸易的增进","光明报","1948","新2 第3期","9",NA,"香港"
"罗马尼亚的企业国有化","Karra，V.","光明报","1948","新2 第3期","16-17","香港"
"短评:二、军事上的败局","光明报","1948","新2 第4期","10-11",NA,"香港"
"华北学运新动向(北平通讯)","洛林","光明报","1948","新2 第4期","12-14","香港"
"抢购潮","沙鸥","光明报","1948","新2 第4期","15","香港"
"保卫世界和平，保卫世界文化!","陈辉","光明报","1948","新2 第4期","6-7","香港"
"本盟发言人为南京政府掠夺及迫害工商界人士事发表谈话","光明报","1948","新2 第4期","9",NA,"香港"
"衣食住行在美国:(四)行在美国","曾昭抡","光明报","1948","新2 第4期","18","香港"
"短评:一 、工商界的生路","光明报","1948","新2 第4期","10-11",NA,"香港"
"各民主党派双十宣言","光明报","1948","新2 第4期","2-4",NA,"香港"
"唐山市长于国祯","吴道","光明报","1948","新2 第4期","17","香港"
"世界的逆流","罗子为","光明报","1948","新2 第4期","4-7","香港"
"金圆卷的崩溃","郑森禹","光明报","1948","新2 第4期","7-9","香港"
"浙大罢课抗议逮捕(杭州通讯)","胡林","光明报","1948","新2 第4期","14-15","香港"
"秋风扫落叶","司徒聪","光明报","1948","新2 第4期","10-11","香港"
"蒋家的军官们!你们还是及早放下武器罢!","光明报","1948","新2 第4期","2-3",NA,"香港"
"官僚扼杀了生产:湖南锡矿山之今昔","郭辛","光明报","1948","新2 第4期","16","香港"
"广东艺专校长丁衍镛无理开除学生二十三人","光明报","1948","新2 第4期","19",NA,"香港"
"短评:三、美军打小学生","光明报","1948","新2 第4期","11",NA,"香港"
"迎接新政协","季青","光明报","1948","新2 第4期","12-13","香港"
"秋季布置的两条“防线”，都崩溃了!","秋明","光明报","1948","新2 第5期","8-11","香港"
"怎样健全小组","李文宜","光明报","1948","新2 第5期","18-20","香港"
"为美国侵华本盟及各民主党派向联合国大会控诉","光明报","1948","新2 第5期","2-7",NA,"香港"
"短评:三、扩大反饥饿运动","光明报","1948","新2 第5期","17",NA,"香港"
"伦敦·巴黎·日内瓦","曾昭抡","光明报","1948","新2 第5期","15","香港"
"短评:四、国内战局的发展","光明报","1948","新2 第5期","17",NA,"香港"
"粉碎救命“和”运","光明报","1948","新2 第5期","4-5",NA,"香港"
"联合政府","季青","光明报","1948","新2 第5期","16-17","香港"
"短评:一、还在增设特刑庭","光明报","1948","新2 第5期","17",NA,"香港"
"中国商人的觉醒:纪念一九四八年商人节","王岑","光明报","1948","新2 第5期","10-12","香港"
"短评:二、粉碎和平的谣言","光明报","1948","新2 第5期","17",NA,"香港"
"论两个纲领的战略意义:“减租减息纲领”与“华南人民武装—当前行动纲领”","吴仲持","光明报","1948","新2 第5期","13-14","香港"
"反饥饿·争温饱:记平津教授的罢教潮","李洛","光明报","1948","新2 第6期","10-15","香港"
"民盟总部被迫解散一周年的回忆","周新民 李相符 罗子为","光明报","1948","新2 第6期","2-7","香港"
"张申府被开除后的反响","光明报","1948","新2 第6期","12-13",NA,"香港"
"短评:三、殉葬内阁的登场","光明报","1948","新2 第6期","20",NA,"香港"
"撲灭“救死”的和谣","李一民","光明报","1948","新2 第6期","8-9，20","香港"
"短评:二、再打八年的梦呓","光明报","1948","新2 第6期","20",NA,"香港"
"短评:一、注视外钞黄金的下落","光明报","1948","新2 第6期","20",NA,"香港"
"末日记","沙鸥","光明报","1948","新2 第6期","14-15","香港"
"暴风雨的缅甸","奋生","光明报","1948","新2 第6期","16-19","香港"
"美帝的军事政治阴谋","光明报","1948","新2 第6期","4-5",NA,"香港"
"本盟中央联席会决议开除张申府盟籍","光明报","1948","新2 第6期","12",NA,"香港"
"战后的瑞士","曾昭抡","光明报","1948","新2 第6期","18-19","香港"
"衡阳的近貌","殷僕","光明报","1948","新2 第6期","16-17","香港"
"进退两难的美帝援蒋政策","刘思慕","光明报","1948","新2 第7期","2-4","香港"
"短评:二、一定要审判国贼","光明报","1948","新2 第7期","9",NA,"香港"
"痛斥南京的叛国份子","光明报","1948","新2 第7期","10",NA,"香港"
"粉碎蒋府迁校阴谋","杨奇","光明报","1948","新2 第7期","8-9","香港"
"越南的抗战情势","黄元 白澄","光明报","1948","新2 第7期","16-19","香港"
"工商界如何应变?","王岑","光明报","1948","新2 第7期","5-7","香港"
"迎接胜利应有的警觉","秋枫","光明报","1948","新2 第7期","6-7","香港"
"短评:三、警惕战贩的动作","光明报","1948","新2 第7期","9",NA,"香港"
"平津迁校风受阻","袁非愚","光明报","1948","新2 第7期","14-15","香港"
"短评:一、孤注一掷的后果","光明报","1948","新2 第7期","9",NA,"香港"
"斥美蒋的罪恶买卖","光明报","1948","新2 第7期","2-3",NA,"香港"
"冷落了的日内瓦","曾昭抡","光明报","1948","新2 第7期","14-15","香港"
"本盟南总对当前时局宣言","光明报","1948","新2 第7期","10-11",NA,"香港"
"逃出了龙潭虎穴","林植夫","光明报","1948","新2 第7期","13","香港"
"被困在梅园新村的日子(续)","李相符","光明报","1948","新2 第7期","12-13","香港"
"来件:全国学联为抗议非法判处学生徒刑死刑宣言","光明报","1948","新2 第7期","11",NA,"香港"
"被困在梅园新村的日子(续):一个特务的小故事","李相符","光明报","1948","新2 第8期","16-17","香港"
"短评:三.所谓自救救国","光明报","1948","新2 第8期","12-13",NA,"香港"
"争取真正的持久的和平","杨群","光明报","1948","新2 第8期","3，8","香港"
"全国学联发表宣言","光明报","1948","新2 第8期","14-15",NA,"香港"
"南京的慌乱景象","张弦","光明报","1948","新2 第8期","17","香港"
"揭穿台湾亲美派的阴谋","郑克修","光明报","1948","新2 第8期","4-5，13","香港"
"华南当前行动纲领的研究和释疑","胡一声","光明报","1948","新2 第8期","10-11","香港"
"伦敦街头","曾昭抡","光明报","1948","新2 第8期","18-19","香港"
"短评:一.京沪危平津急","光明报","1948","新2 第8期","12",NA,"香港"
"刘清扬痛斥张申府","光明报","1948","新2 第8期","15",NA,"香港"
"关于国府委员名额分配问题梁潄溟发表重要话谈","光明报","1946","新5","20，19",NA,"香港"
"短评:所希望于联合国大会的!","吉","光明报","1946","新5","3","香港"
"美军驻华没有威胁世界和平吗?","思慕","光明报","1946","新5","6-7","香港"
"短评:“谈·停·谈”","年","光明报","1946","新5","2","香港"
"短评:官逼民反、与汝偕亡","狄","光明报","1946","新5","2","香港"
"读李闻调查报告书后","千家驹","光明报","1946","新5","8","香港"
"李闻案调查报告书","梁潄溟 周新民","光明报","1946","新5","9-19","香港"
"短评:中央社恶意造谣","光明报","1946","新5","3",NA,"香港"
"朂赴京的同盟同志们!","光明报","1946","新5","封1",NA,"香港"
"坚持政协决议的立场","黄药眠","光明报","1946","新5","4-5","香港"
"美帝军事干涉的阴谋","光明报","1948","新2 第8期","4-5",NA,"香港"
"石在，火种是不会绝灭的!:长沙民营报被封始末","艾迟","光明报","1948","新2 第8期","19","香港"
"短评:二.变变姿态而已","光明报","1948","新2 第8期","12",NA,"香港"
"本盟总部发言人谈话促美人制止驻华美军不智行为","光明报","1948","新2 第8期","14",NA,"香港"
"当前局势发展的新形势","邓初民 尤思纯","光明报","1948","新2 第8期","6-8","香港"
"时局声明","沈钧儒 章伯钧","光明报","1948","新2 第8期","2","香港"
"保护产业，保障人权!","光明报","1948","新2 第8期","12-13",NA,"香港"
"记冯玉祥将军追悼会","刘良模","光明报","1948","新2 第8期","9","香港"
"迎接民主胜利年:庆祝人民的胜利年","周新民","光明报","1949","新2 第9期","2","香港"
"短评:二、继续补充战犯名单","光明报","1949","新2 第9期","17",NA,"香港"
"迎接民主胜利年:人民历史底新纪元","冯素陶","光明报","1949","新2 第9期","3","香港"
"民族工商业往何处去?","秋枫","光明报","1949","新2 第9期","14-16","香港"
"不再放松傅作义!","光明报","1949","新2 第9期","6",NA,"香港"
"长沙报界的怪现象","湘女","光明报","1949","新2 第9期","17-18","香港"
"京沪和谣繁兴","张弦","光明报","1949","新2 第9期","18-19","香港"
"短评:三、南京空军反战义举","光明报","1949","新2 第9期","17",NA,"香港"
"迎接民主胜利年:接迎人民胜利新年的希望","罗子为","光明报","1949","新2 第9期","2-3","香港"
"台湾解放斗争与全国解放斗争","高山","光明报","1949","新2 第9期","12-14","香港"
"迎接民主胜利年:迎接人民的新中国元年","李相符","光明报","1949","新2 第9期","2","香港"
"中国人民胜利震撼着日本","思慕","光明报","1949","新2 第9期","4-5","香港"
"迎接民主胜利年:迎接民主胜利年","陆诒","光明报","1949","新2 第9期","3","香港"
"短评:一、不让傅作义再作恶","光明报","1949","新2 第9期","16-17",NA,"香港"
"孙科内阁及其“光荣和平”","李一民","光明报","1949","新2 第9期","7-9","香港"
"从反动派阴谋说到两个问题的再认识","孟南","光明报","1949","新2 第9期","8-11","香港"
"怎样建立正确的同志关系","遼远","光明报","1949","新2 第10期","10-11","香港"
"解放区迅速恢复民主秩序","谷新之","光明报","1949","新2 第10期","16-17","香港"
"对反动派没有和平","黄药眠","光明报","1949","新2 第10期","3","香港"
"短评:三、斥左舜生的谰言","光明报","1949","新2 第10期","10",NA,"香港"
"短评:一、和平攻势之目的","光明报","1949","新2 第10期","10",NA,"香港"
"山东境内的两座孤岛:青岛与即墨","王速之","光明报","1949","新2 第10期","19","香港"
"短评:二、渡江前夕的决战","光明报","1949","新2 第10期","10",NA,"香港"
"华中华南还能挣扎多久","张弦","光明报","1949","新2 第10期","14-15","香港"
"羣众观点的具体运用","杨群","光明报","1949","新2 第10期","12-13","香港"
"崇拜资望与发掘人才","秋枫","光明报","1949","新2 第10期","8-9","香港"
"民主党派的严重攷騐","杨群","光明报","1949","新2 第10期","7-9，13","香港"
"本盟发言人痛斥南京的和平阴谋","光明报","1949","新2 第10期","15",NA,"香港"
"钢铁制造中心设菲尔德","曾昭抡","光明报","1949","新2 第10期","18","香港"
"予垂死的蛇以最后一击!","光明报","1949","新2 第10期","2",NA,"香港"
"杜鲁门的法西斯“新政”与新援外计划","梁纯夫","光明报","1949","新2 第10期","4-6","香港"
"谁有权谈和平","夏康农","光明报","1949","新2 第10期","4-5","香港"
"沪人静待解放","光明报","1949","新2 第11期","18-19",NA,"香港"
"本盟中央组织委员会关于港九支部××小组事件的报告","光明报","1949","新2 第11期","14-17",NA,"香港"
"蒋介石走了怎么样?","高天","光明报","1949","新2 第11期","5-6","香港"
"论世界知识分子的争取和平","Levy，H. 柯永","光明报","1949","新2 第11期","11-13","香港"
"华侨与新中国经济","胡守愚","光明报","1949","新2 第11期","8-10","香港"
"我们对于时局的意见","光明报","1949","新2 第11期","2-4",NA,"香港"
"本盟总部声明响应毛泽东八项和平主张","光明报","1949","新2 第11期","16-17",NA,"香港"
"广东政情透视","光明报","1949","新2 第11期","18-19",NA,"香港"
"我们对目前时局的看法","光明报","1949","新2 第11期","2-4",NA,"香港"
"侨胞对祖国应有的新认识","林焕平","光明报","1949","新2 第11期","10","香港"
"本盟缅甸支部第一次全体代表大会通电","光明报","1949","新2 第11期","13",NA,"香港"
"澈底惩辦战争罪犯","秋枫","光明报","1949","新2 第11期","6-8","香港"
"悼念冯裕老","李世浩","光明报","1949","新2 第12期","15","香港"
"悼裕老(附题词)","李伯球","光明报","1949","新2 第12期","14","香港"
"冯裕芳同志生前事略(附照片)","光明报","1949","新2 第12期","12-13",NA,"香港"
"我认识的冯裕老","思慕","光明报","1949","新2 第12期","14","香港"
"关于党的思想教育问题的决定","光明报","1949","新2 第12期","19-20",NA,"香港"
"我们站在革命的一边:张、黄、罗三氏的谈话","光明报","1949","新2 第12期","3",NA,"香港"
"誓将革命进行到底:敬悼冯裕芳同志","光明报","1949","新2 第12期","2-3",NA,"香港"
"冯裕芳同志“魂兮归来”","曾伟","光明报","1949","新2 第12期","15","香港"
"忆述裕芳同志最后的遗言","云应霖","光明报","1949","新2 第12期","18","香港"
"怎样将革命进行到底","秋枫","光明报","1949","新2 第12期","6-7","香港"
"精通业务准备建设","杨群","光明报","1949","新2 第12期","8-9","香港"
"悼冯裕芳先生","罗子为","光明报","1949","新2 第12期","16","香港"
"谈台湾解放问题","庄嘉农","光明报","1949","新2 第12期","4-5","香港"
"无我无畏·无·止境:敬悼冯裕芳先生","高天","光明报","1949","新2 第12期","16-17","香港"
"论人民民主国的对外贸易政策","柯永","光明报","1949","新2 第12期","10-11","香港"
"悼裕老","胡仲持","光明报","1949","新2 第12期","16-17","香港"
"悼冯裕芳先生","张殊明","光明报","1949","新2 第12期","18","香港"
"我们对和平的态度","光明报","1949","新2 第12期","2-3",NA,"香港"
"来件:台湾民主自治同盟参加新政协提出处理台湾问题的意见","光明报","1949","新3 第1期","11",NA,"香港"
"胡宗南穷途末路","谷新","光明报","1949","新3 第1期","14-15","香港"
"不让反动派舐好创伤","光明报","1949","新3 第1期","2",NA,"香港"
"学生的洪流汇合在北平","光明报","1949","新3 第1期","16",NA,"香港"
"慰问受难的侨胞们","黄药眠","光明报","1949","新3 第1期","3-4","香港"
"旅美中国文化人百六十位及中国学术界九大团体联合反对盗运国宝宣言","光明报","1949","新3 第1期","18",NA,"香港"
"短评:二、庆祝全国学代会开幕","光明报","1949","新3 第1期","12",NA,"香港"
"纪念三八节看解放区妇女","陈若群","光明报","1949","新3 第1期","12-15","香港"
"看祖国·念台湾:纪念台湾“二·二八”两周年","杨群","光明报","1949","新3 第1期","10-11","香港"
"留美中国文化人联合反对盗运国宝宣言(全文)","光明报","1949","新3 第1期","19",NA,"香港"
"广东省议长“民主”选举追记","虞岫","光明报","1946","新6","10-11","香港"
"联合国大会的六大问题","夏若愚","光明报","1946","新6","8-9，16","香港"
"短评:欢迎裁军","吉","光明报","1946","新6","2","香港"
"庐山别写","萧南","光明报","1946","新6","12-13","香港"
"从和平民主到民主和平","狄超白","光明报","1946","新6","4-5","香港"
"短评:彭学沛的话信不得","药","光明报","1946","新6","2","香港"
"雪兰莪华侨团体拥护陈嘉庚通电全文","光明报","1946","新6","11",NA,"香港"
"李闻惨案前后的昆明","赵渢","光明报","1946","新6","13-16","香港"
"当前的问题是坚持抑破坏政协决议","光明报","1946","新6","封1",NA,"香港"
"短评:为失业军官不平","达","光明报","1946","新6","2-3","香港"
"反对南京的新搜刮政策","彝瀛","光明报","1949","新3 第1期","8-9","香港"
"试论新中国合作政策","罗子为","光明报","1949","新3 第1期","6-7","香港"
"云南旅港学会对卢汉屠杀无辜市民的抗议","光明报","1949","新3 第1期","19",NA,"香港"
"短评:一、击破南京的幻想","光明报","1949","新3 第1期","11-12",NA,"香港"
"短评:三、反对盗运国宝赴美","光明报","1949","新3 第1期","12-13",NA,"香港"
"正告梁潄溟先生","黄朗","光明报","1949","新3 第1期","4-5","香港"
"旅美中国学术文化九团体联合致全国学术文化机关书(全文)","光明报","1949","新3 第1期","18",NA,"香港"
"肃清帝国主义的新闻侵略","小鱼","光明报","1949","新3 第1期","17","香港"
"短评:三、追缉战犯以慰烈士","光明报","1949","新3 第2期","13",NA,"香港"
"谎言掩不了事实","陈若群","光明报","1949","新3 第2期","20","香港"
"起来争取真正永久的和平","光明报","1949","新3 第2期","2",NA,"香港"
"贯澈八项条件清算卖国罪行","光明报","1949","新3 第2期","15",NA,"香港"
"为宪法必须废除","陈震亚","光明报","1949","新3 第2期","10-15","香港"
"短评:二、清算卖国罪行","光明报","1949","新3 第2期","12-13",NA,"香港"
"新罗马尼亚的新人民","柯永","光明报","1949","新3 第2期","16-17","香港"
"世界现势与美帝对华政策","思慕","光明报","1949","新3 第2期","5-6，9","香港"
"本盟在平设工作会选出委员二十三人","光明报","1949","新3 第2期","14",NA,"香港"
"替宁府海军算命","谷新","光明报","1949","新3 第2期","18-19","香港"
"论渡江前夕的江南形势","秋明","光明报","1949","新3 第2期","7-9","香港"
"论中国民主同盟的道路","黄药眠","光明报","1949","新3 第2期","3-4","香港"
"短评:一、粉碎“谋和备战”的阴谋","光明报","1949","新3 第2期","12",NA,"香港"
"魔掌下的台湾","黄一中","光明报","1949","新3 第3期","15-16","香港"
"幢幢鬼影近清明(广州通讯)","顾新","光明报","1949","新3 第3期","17","香港"
"短评:二、美帝想抓台湾","光明报","1949","新3 第3期","14-15",NA,"香港"
"革命新形势与民主同盟","杨群","光明报","1949","新3 第3期","6-8","香港"
"贺新青团全代会:兼论知识青年与工农结合","黄朗","光明报","1949","新3 第3期","10-11","香港"
"考验真和平与假和平","陆诒","光明报","1949","新3 第3期","9-10","香港"
"响应争取世界和平的号召","光明报","1949","新3 第3期","2",NA,"香港"
"短评:一、宋子文赴溪口","光明报","1949","新3 第3期","13-14",NA,"香港"
"短评:三、对南京的考验","光明报","1949","新3 第3期","15",NA,"香港"
"香港文化界为文萃事件控告特务","光明报","1949","新3 第3期","19",NA,"香港"
"民主运动在美国(未完)","冰洋","光明报","1949","新3 第3期","12-14","香港"
"为什么还不会有世界战争?","陶大镛","光明报","1949","新3 第3期","3-5","香港"
"罗马尼亚本年度的经济计划","陈惠生","光明报","1949","新3 第3期","18","香港"
"论人民民主国的教育","柯永","光明报","1949","新3 第4期","11-12","香港"
"迎接解放军渡江南进","陆诒","光明报","1949","新3 第4期","8-9","香港"
"从巴黎大会看和平","梁纯夫","光明报","1949","新3 第4期","3-4","香港"
"清除新的爬高心理","扬群","光明报","1949","新3 第4期","10","香港"
"民主运动在美国(续)","冰洋","光明报","1949","新3 第4期","13-17","香港"
"“跳崖门”的前夕(广州通讯)","李辉","光明报","1949","新3 第4期","19","香港"
"北平学府风光","李慧","光明报","1949","新3 第4期","18，17","香港"
"南京凭甚么还不向人民投降","光明报","1949","新3 第4期","2",NA,"香港"
"论对华北贸易的现状及前途","刘士伟","光明报","1949","新3 第4期","5-7","香港"
"向着南方前进:记南下工作团第一大队誓师出发","李慧 于辅大","光明报","1949","新3 第6期","17","香港"
"展望四国外长会议","梁纯夫","光明报","1949","新3 第6期","5-7","香港"
"太阳鬼火录","秦牧","光明报","1949","新3 第6期","20","香港"
"教育从劳动中来:教育的起源与发展","李显仁","光明报","1949","新3 第6期","14-16","香港"
"论城乡的对立与统一","杨奎章","光明报","1949","新3 第6期","11-14","香港"
"渡江的华南新形势和我们的任务","丘克辉","光明报","1949","新3 第6期","8-10","香港"
"加紧准备迎接华南解放","梁若尘","光明报","1949","新3 第6期","3-4","香港"
"声计借用日寇的国民党反动派","光明报","1949","新3 第6期","2",NA,"香港"
"中大通讯:石牌夕照","了然","光明报","1949","新3 第6期","15-16","香港"
"欢迎陈嘉庚先生希望华侨大团结","吴明","光明报","1949","新3 第6期","18-19","香港"
"胜利的鼓舞，友谊的援手(短评)","群","光明报","1949","新3 第12期","11","香港"
"麦克阿瑟日本的内幕","吴明石","光明报","1949","新3 第12期","18-20","香港"
"论资本主义世界的经济危机","卢心远","光明报","1949","新3 第12期","12-13","香港"
"论新中国文化建设:一九四九年六月十一日在纽约中国新文化学会第一届年会上的书面报告","朱启贤","光明报","1949","新3 第12期","14-15，20","香港"
"城乡关系的再认识","杨奎章","光明报","1949","新3 第12期","7-9，17","香港"
"仿效长沙的榜样","光明报","1949","新3 第12期","2",NA,"香港"
"警惕美帝的新阴谋","叶成林","光明报","1949","新3 第12期","10-11","香港"
"谈骄躁","羊群","光明报","1949","新3 第12期","16-17","香港"
"急转直下的华南战局","素武","光明报","1949","新3 第12期","3-4","香港"
"清算美日反波茨坦协定罪行","思慕","光明报","1949","新3 第12期","5-6","香港"
"短评:法兰西觉醒了","华","国讯","1945","第393期","2-3","上海"
"中国与中国人","张申府","国讯","1945","第387期","14-15","上海"
"短评:逃难与抗争","楠","国讯","1945","第393期","2","上海"
"内战阻滞了经济复员","秦柳方","国讯","1945","第403期","7-8","上海"
"旧金山会议前夕的所感所闻","俞颂华","国讯","1945","第387期","6-9","上海"
"亚洲战局与苏联","俞颂华","国讯","1945","第386期","9-12","上海"
"西班牙的真正问题","欧罗 潘焕昆","国讯","1945","第385期","16-19","上海"
"史迪威将军:[画图]","国讯","1945","第386期","15",NA,"上海"
"战后教育最要的一点","黄炎培","国讯","1945","第394期","7-8","上海"
"读者来函:急待解决的几个问题","王善淳 黄炎培","国讯","1945","第402期","14-15","上海"
"大众呼声:立法与守法","冷风","国讯","1945","第404期","5","上海"
"马歇尔将军来华与美国对华政策","引流","国讯","1945","第404期","8-9","上海"
"短评:民主与团结","华","国讯","1945","第387期","3","上海"
"今年的战局","张礼千","国讯","1945","第384期","7","上海"
"谈片:吸收外资","国讯","1945","第388期","23",NA,"上海"
"出席联合国会议的美国代表","国讯","1945","第387期","8-9",NA,"上海"
"我们需要和平","国讯","1945","第403期","封1",NA,"上海"
"对敌寇新攻势的警惕","国讯","1945","第385期","3",NA,"上海"
"胜利声中的经济恐慌","秦柳方","国讯","1945","第400期","15-17","上海"
"世界新态度","黄炎培","国讯","1945","第394期","封1","上海"
"六千万个工作","国讯","1945","第400期","13",NA,"上海"
"大众呼声:从速改善小学教师的待遇","木林","国讯","1945","第393期","13","上海"
"一线希望在那里(为反对内战作):[诗歌]","黄炎培","国讯","1945","第403期","5","上海"
"短评:国民代表资格之商榷","潮声","国讯","1945","第396期","2","上海"
"泛论当前金融经济问题","杨蔚","国讯","1945","第400期","18-19","上海"
"短评:华侨的“胜利灾”","澹","国讯","1945","第404期","4","上海"
"美弗兰克林罗斯福统计悼词","黄炎培","国讯","1945","第390期","11","上海"
"大家呼声:我们需要的县长:不怕丢官，不怕丢命","罗守信","国讯","1945","第387期","27","上海"
"新年征文(一):我们当前应有的努力:我们应该如何补救时弊","吴斐丹","国讯","1945","第383期","17","上海"
"时事述评:向和平世界迂回前进(九月一日至二十八日)","引流","国讯","1945","第400期","20-22","上海"
"本刊四百期特刊纪念文之一:论中间性刊物","孙起孟","国讯","1945","第400期","24-26","上海"
"各地通讯:雷·雷·雷·到处是地雷:草木皆雷:敌后迎雷战缩影","穆欣","国讯","1945","第388期","19-21","上海"
"仗已打完，快去读书","国讯","1945","第400期","10",NA,"上海"
"日寇在中国的军事情势","伊利奥特","国讯","1945","第388期","15","上海"
"“八一三”第八周年:“八一三”我感","夏孟辉","国讯","1945","第396期","9","上海"
"短评:大势光明仍须努力","澹","国讯","1945","第394期","2","上海"
"反法西斯战争进入新阶段了:不要让他们赢得“和平”!(四月一日起至十五日止)","梁公任","国讯","1945","第390期","12-14","上海"
"促进我们经济发展的机会","俞颂华","国讯","1945","第385期","4-7","上海"
"澹庐摘报:自由与自由主义","国讯","1945","第384期","20-21",NA,"上海"
"张东荪先生访问记:胜利后的北平情形:并论政治协商会议前途","尚丁","国讯","1945","第404期","9-11","上海"
"新世界的大宪章:克里米亚会议的伟绩","陶大镛","国讯","1945","第386期","7-8","上海"
"亚洲的决策","拉铁摩尔","国讯","1945","第389期","7","上海"
"美国青年的团结活动","国讯","1945","第393期","8",NA,"上海"
"短评:一位英国友人的忠言","澹","国讯","1945","第394期","3","上海"
"谈片:乡间民瘼","国讯","1945","第388期","22",NA,"上海"
"日寇诱和阴谋的透","引流","国讯","1945","第392期","6","上海"
"要青年忘掉国家民族:不是别有用心?","高克夫","国讯","1945","第385期","20","上海"
"贵阳恢复繁荣了(贵阳通讯)","谈兵","国讯","1945","第388期","16-17","上海"
"瞻望民国卅四年","俞颂华","国讯","1945","第383期","6-8","上海"
"关于旧金山会议美国代表","小鱼","国讯","1945","第388期","10-11","上海"
"释亮话","马马昭","国讯","1947","第416期","3","上海"
"人民的世纪:报道国内外民主消息，记载全世界解放运动:彭泽民谈总动员令","M.H.","国讯","1947","第423期","12","上海"
"一周间时事研究提纲:历史性的法令","石啸冲","国讯","1947","第416期","7","上海"
"怀念颂华先生(附照片)","方秋苇","国讯","1947","第444期","4","上海"
"世界一周:美国的紧急援欧","司马天籁","国讯","1947","第441期","10","上海"
"人民的世纪:报道国内外民主消息，记载全世界解放运动:港民主人士论“总动员令”","M.H.","国讯","1947","第423期","12","上海"
"十万大钞出笼与年关危机","石仲子","国讯","1947","第444期","16","上海"
"中国战场现势分析(附图)","Lee，F. 王民","国讯","1947","第437期","3-5","上海"
"说亮话:向英国访华团致词:怎样挽救未来世界严重危机?","黄炎培","国讯","1947","第435期","封1，2-3","上海"
"一周间时事研究提纲:中国的局势","石啸冲","国讯","1947","第421期","10","上海"
"西贡素描","Zuns，P.J. M.H.","国讯","1947","第441期","6-7","上海"
"三位朋友从外国寄来的信","抱一","国讯","1947","第441期","10-11","上海"
"恐怖笼罩的昆明","Shaw，S. 王民","国讯","1947","第441期","5","上海"
"新闻界之释迦牟尼:俞颂华先生:俞颂华先生遗像:[照片]","国讯","1947","第436期","11",NA,"上海"
"人民的世纪:罗人民庆祝希解放阵线六周年","M.H.","国讯","1947","第435期","11","上海"
"人民的世纪:报道国内外民主消息，记载全世界解放运动:美报评论蒋主席演辞","M.H.","国讯","1947","第431期","11","上海"
"麦克阿瑟手上的一颗石子","王芸生","国讯","1947","第434期","3","上海"
"一周间时事研究提纲:独立的阻碍、争执的焦点","石啸冲","国讯","1947","第417期","9","上海"
"一周间时事研究提纲:防共阵线、印尼局势","石啸冲","国讯","1947","第418期","9","上海"
"人民的世纪:报道国内外民主消息，记载全世界解放运动:泰晤士报评中国局势","M.H.","国讯","1947","第421期","12","上海"
"人民的世纪:报道国内外民主消息，记载全世界解放运动:邓初民讲内战性质","M.H.","国讯","1947","第418期","11","上海"
"人民的世纪:报道国内外民主消息，记载全世界解放运动:世界工联援助民主职工","M.H.","国讯","1947","第419期","11","上海"
"人民的世纪:张澜对杜案发表谈话","M.H.","国讯","1947","第435期","11","上海"
"工商界应如何自救?","邓初民","国讯","1947","第432期","2","上海"
"人民的世纪:报道国内外民主消息，记载全世界解放运动:纽约大学生致函中国学生","M.H.","国讯","1947","第424期","12","上海"
"丁亥(春日白下):[诗词]","苏渊雷","国讯","1947","第417期","4","上海"
"魏德迈临别声明的背景","Tsao，H.L. 蒸","国讯","1947","第431期","3","上海"
"中国的外交政策","王民","国讯","1947","第431期","6","上海"
"究竟是造就人才呢?还是__贼人才呢?","陈阳","国讯","1947","第432期","10","上海"
"人民的世纪:报道国内外民主消息，记载全世界解放运动:美职工要求承认印尼","M.H.","国讯","1947","第444期","19","上海"
"人民的世纪:报道国内外民主消息，记载全世界解放运动:冯玉祥在美谈话","M.H.","国讯","1947","第431期","11","上海"
"人民的世纪:报道国内外民主消息，记载全世界解放运动:国际学联重要决议","M.H.","国讯","1947","第429期","11","上海"
"人民的世纪:报道国内外民主消息，记载全世界解放运动:华莱士提出新建议","M.H.","国讯","1947","第419期","11","上海"
"我的社会安全观","卫玉","国讯","1947","第417期","2","上海"
"人民的世纪:报道国内外民主消息，记载全世界解放运动:民盟否认答覆质询","M.H.","国讯","1947","第418期","11","上海"
"人民的世纪:报道国内外民主消息，记载全世界解放运动:罗斯福夫人发表演说","M.H.","国讯","1947","第417期","11","上海"
"说亮话:仗打不下去了","黄炎培","国讯","1947","第414期","封1","上海"
"检讨当前社会经济危机:上海一部分工商界及经济专家意见的总结","流水","国讯","1947","第416期","5-6","上海"
"说亮话:六月二日过去了","卫玉","国讯","1947","第416期","封1","上海"
"人民的世纪:南洋学生关怀祖国学运","M.H.","国讯","1947","第443期","11","上海"
"正视马来亚的实现","晓笛","国讯","1947","第443期","7","上海"
"明天:晴朗的日子:[诗歌]","林维仁","国讯","1947","第429期","6","上海"
"人民的世纪:报道国内外民主消息，记载全世界解放运动:陈嘉庚发表谈话","M.H.","国讯","1947","第430期","11","上海"
"一周间时事研究提纲:“中国政治的潮汐表”","石啸冲","国讯","1947","第415期","7","上海"
"人民的世纪:报道国内外民主消息，记载全世界解放运动:华莱士号召拯救和平","M.H.","国讯","1947","第415期","8","上海"
"人民的世纪:报道国内外民主消息，记载全世界解放运动:各民主党团指斥谣传","M.H.","国讯","1947","第413期","8","上海"
"人民的世纪:报道国内外民主消息，记载全世界解放运动:沪学联上书蒋主席","M.H.","国讯","1947","第418期","11","上海"
"“喂，喂，第三次世界大战究竟什么时候爆发呀?”:[画图]","米谷","国讯","1947","第415期","3","上海"
"论外销物资收购政策","沈光沛","国讯","1947","第419期","5","上海"
"南中国即将出现的新省:今日的海南岛(附图)","扬义旗","国讯","1947","第419期","7-8","上海"
"人民的世纪:昆明学潮解决","M.H.","国讯","1947","第443期","11","上海"
"论政治斗争","张东荪","国讯","1947","第434期","2","上海"
"战局一周:东北战局突趋紧张","潮声","国讯","1947","第436期","2","上海"
"说亮话:国吊","黄炎培","国讯","1947","第434期","封1","上海"
"英美关系和西欧动向","石仲子","国讯","1947","第435期","4-5","上海"
"新闻人物:新任英国经济大臣克里浦斯(附图)","方芳","国讯","1947","第435期","5","上海"
"新闻人物偶拾:荷军推残华侨民主文化中被捕的名作家王任叔","方芳","国讯","1947","第429期","10-11","上海"
"人民的世纪:报道国内外民主消息，记载全世界解放运动:琉球革命者坚主重返中国","M.H.","国讯","1947","第429期","11","上海"
"人民的世纪:报道国内外民主消息，记载全世界解放运动:工商界检讨经济危机","M.H.","国讯","1947","第415期","8","上海"
"旧诗新话:哀尸吟","宗汝成 补斋","国讯","1947","第413期","7","上海"
"人民的世纪:马来亚人民反对政制修正书","M.H.","国讯","1947","第435期","11","上海"
"人民的世纪:印尼宣布对荷基本政策","M.H.","国讯","1947","第433期","11","上海"
"人民的世纪:美记者解答中国时事","M.H.","国讯","1947","第433期","11","上海"
"美国文化上的危机","小诃","国讯","1947","第430期","6","上海"
"人民的世纪:报道国内外民主消息，记载全世界解放运动:华莱士再斥美政策","M.H.","国讯","1947","第418期","11","上海"
"人民的世纪:报道国内外民主消息，记载全世界解放运动:各方斥责荷对印尼政策","M.H.","国讯","1947","第424期","12","上海"
"新闻界之释迦牟尼:俞颂华先生(附照片)","黄炎培","国讯","1947","第436期","11","上海"
"读者之声:对日和约的感想","邵恒之","国讯","1947","第432期","12","上海"
"复刊词:本刊创刊于民国二十年十二月二十三日……","杨卫玉","国讯","1947","第411期","1","上海"
"人民的世纪:报道国内外民主消息，记载全世界解放运动:麦克米克评中国","M.H.","国讯","1947","第442期","11","上海"
"人民的世纪:报道国内外民主消息，记载全世界解放运动:张文将军论“总动员”","国讯","1947","第424期","12",NA,"上海"
"论总动员令与中国大局:他山之石","席纳","国讯","1947","第422期","3-4","上海"
"经济气象台:生活指数是怎样编的?","流水","国讯","1947","第419期","8","上海"
"七月、今天集:[诗歌]","林维仁","国讯","1947","第422期","9","上海"
"人民的世纪:报道国内外民主消息，记载全世界解放运动:学联呼吁制止暴行","M.H.","国讯","1947","第440期","11","上海"
"人民的世纪:报道国内外民主消息，记载全世界解放运动:援希委会揭发希腊暴行","M.H.","国讯","1947","第425期","11","上海"
"法国的经济改革运动:“欧洲建设新生活的故事”之一","(美)Barry，J. 文骊","国讯","1947","第437期","6","上海"
"上海杂志界联合宣言","国讯","1947","第444期","12",NA,"上海"
"团结世界各国，保障和平自由!:今日的联合国:联合国大会开幕:[照片]","国讯","1947","第426期","9",NA,"上海"
"人民的世纪:美共责马歇尔计划","M.H.","国讯","1947","第443期","11","上海"
"你号召了战争:八月十三日黎明五时作","沈钧儒","国讯","1947","第427期","4-5","上海"
"人民的世纪:大同学生要求制裁胡敦复","M.H.","国讯","1947","第432期","11","上海"
"无限的希望","张雪澄","国讯","1947","第444期","3","上海"
"新闻之窗:美国新党的领袖","国讯","1947","第435期","10-11",NA,"上海"
"说亮话:吃了砒霜药老虎","卫玉","国讯","1947","第429期","封1","上海"
"人民的世纪:报道国内外民主消息，记载全世界解放运动:亚利明论中国内战","M.H.","国讯","1947","第415期","8","上海"
"响应本刊经费公开建议","国讯","1947","第433期","3",NA,"上海"
"人民的世纪:报道国内外民主消息，记载全世界解放运动:致公党正告魏德迈","M.H.","国讯","1947","第426期","11","上海"
"韬奋的三个特点(附照片)","卫玉","国讯","1947","第423期","4-5","上海"
"饥荒中的四川(重庆通讯)","华","国讯","1947","第414期","5","上海"
"人民的世纪:报道国内外民主消息，记载全世界解放运动:港九各界纪念民主烈士","M.H.","国讯","1947","第425期","11","上海"
"人民的世纪:报道国内外民主消息，记载全世界解放运动:英新闻界建议保障新闻自由","M.H.","国讯","1947","第423期","12","上海"
"母亲的生日:记中华职业教育社三十周年纪念日","穆歌","国讯","1947","第413期","5","上海"
"人民的世纪:报道国内外民主消息，记载全世界解放运动:柏林举行人民大会","M.H.","国讯","1947","第444期","19","上海"
"夏利富丁给我的印象(附照片)","张演","国讯","1947","第442期","7","上海"
"英国的经济改革运动:“欧洲建设新生活的故事”之二","文骊","国讯","1947","第442期","10-11","上海"
"时事一周:“共产国际”复活了吗","石啸冲","国讯","1947","第435期","10","上海"
"人民的世纪:报道国内外民主消息，记载全世界解放运动:旅法侨胞同情学生","M.H.","国讯","1947","第424期","12","上海"
"中学毕业生何去何从","丁果","国讯","1947","第423期","3","上海"
"人民的世纪:报道国内外民主消息，记载全世界解放运动:东北人怀念张学良","M.H.","国讯","1947","第420期","11","上海"
"人民的世纪:报道国内外民主消息，记载全世界解放运动:黄炎培辞参会驻委","M.H.","国讯","1947","第418期","11","上海"
"人民的世纪:报道国内外民主消息，记载全世界解放运动:保障学业会成立","M.H.","国讯","1947","第430期","11","上海"
"战局一周:东北战场日趋激烈","潮声","国讯","1947","第435期","6","上海"
"新加坡:中国党争的镜子","鲍威尔 杨","国讯","1947","第433期","3","上海"
"中国的打算在那里?:正视开放对日贸易问题","王民","国讯","1947","第425期","2","上海"
"和平与生存","江问渔","国讯","1947","第417期","4-5","上海"
"印度的土邦问题","Sa 王民","国讯","1947","第443期","8-9","上海"
"战局一周:我们在上期战局一周内说……","潮声","国讯","1947","第443期","2-3","上海"
"人民的世纪:报道国内外民主消息，记载全世界解放运动:中大自治会改选遭殴打","M.H.","国讯","1947","第442期","11","上海"
"为黄任之先生七十华诞发起筹设“任之助学基金”缘起及办法","国讯","1947","第435期","12",NA,"上海"
"日本人民的民主斗争","皇甫梦觉","国讯","1947","第425期","4","上海"
"人民的世纪:报道国内外民主消息，记载全世界解放运动:华北学联抗议沈案覆判","M.H.","国讯","1947","第423期","12","上海"
"一周间时事研究提纲:第一口咬的是中国","石啸冲","国讯","1947","第422期","10","上海"
"人民的世纪:留美学生对国事的意见","M.H.","国讯","1947","第434期","11","上海"
"“为渊驱鱼，为丛驱爵，”何苦乃尔?、原来是这样“夜不闭户，路不拾遗”","刘庸孙 黄子谷","国讯","1947","第432期","10-11","上海"
"书报评介:“伟人华莱士”:金敦作，小鱼译","林丽","国讯","1947","第443期","12","上海"
"捉襟见肘的财政","李一雯","国讯","1947","第417期","3","上海"
"战后日本的经济结构","李正文","国讯","1947","第412期","6","上海"
"一周间时事研究提纲:杜鲁门主义适用于中国","石啸冲","国讯","1947","第420期","9","上海"
"人民的世纪:报道国内外民主消息，记载全世界解放运动:上海工协对时局宣言","M.H.","国讯","1947","第416期","8","上海"
"“独立”分治以后的印度(附图)","高歌","国讯","1947","第427期","8-9","上海"
"人民的世纪:报道国内外民主消息，记载全世界解放运动:张东荪谈当前时局","M.H.","国讯","1947","第421期","12","上海"
"一周间时事研究提纲:团结的斗争","石啸冲","国讯","1947","第417期","9","上海"
"有价值的县政改革","问渔","国讯","1947","第431期","2","上海"
"人民的世纪:马来亚民盟盟务发展","M.H.","国讯","1947","第433期","11","上海"
"英国地方选举后的政局动向","石仲子","国讯","1947","第440期","10-11","上海"
"人民的世纪:报道国内外民主消息，记载全世界解放运动:北方教授呼吁和平","M.H.","国讯","1947","第416期","8","上海"
"人民的世纪:报道国内外民主消息，记载全世界解放运动:洪门民治党在港活动","光祖","国讯","1947","第412期","8","上海"
"人民的世纪:报道国内外民主消息，记载全世界解放运动:民主青年联盟重要决议","M.H.","国讯","1947","第431期","11","上海"
"人民的世纪:报道国内外民主消息，记载全世界解放运动:学生工人声援印尼","M.H.","国讯","1947","第426期","11","上海"
"人民的世纪:报道国内外民主消息，记载全世界解放运动:抗议荷军逮捕王任叔","M.H.","国讯","1947","第429期","11","上海"
"说亮话:一篇检查病体的报告","黄炎培","国讯","1947","第428期","封1","上海"
"琼崖·山水·人物(附照片)","梦飞","国讯","1947","第419期","9","上海"
"亚洲民族的觉醒:关于泛亚洲会议的总结","派拉图夫 陈时臬","国讯","1947","第428期","2-3","上海"
"魏德迈来华的使命","Rissin，L. 文骊","国讯","1947","第424期","4-5","上海"
"人民的世纪:报道国内外民主消息，记载全世界解放运动:西班牙游击运动增长","M.H.","国讯","1947","第422期","12","上海"
"为和平尽瘁的邵从恩先生(附照片)","潮声","国讯","1947","第416期","3","上海"
"苞桑随笔:自箴语(二)","抱一","国讯","1947","第425期","11","上海"
"和平老人邵从恩病渐愈了(附照片)","黄炎培","国讯","1947","第423期","4","上海"
"韬奋的三个特点:韬奋先生遗影:[照片]","国讯","1947","第423期","4",NA,"上海"
"人民的世纪:学联致函美国学生","M.H.","国讯","1947","第437期","11","上海"
"响应本刊经费公开建议(第七号)","国讯","1947","第435期","12",NA,"上海"
"人民的世纪:报道国内外民主消息，记载全世界解放运动:“上法”的“五四”事件、抗暴联纪念“五四”宣言","M.H.","国讯","1947","第413期","8","上海"
"新闻之窗:缅甸独立与南亚防共阵线","柏舟","国讯","1947","第443期","7","上海"
"战局一周:最近几天的战局又呈此起彼伏的状态……","潮声","国讯","1947","第442期","2-3","上海"
"时事一周:战争贩子的阴谋","石啸冲","国讯","1947","第434期","10","上海"
"人民的世纪:报道国内外民主消息，记载全世界解放运动:旅美华侨成立和平民主联盟","M.H.","国讯","1947","第442期","11","上海"
"片山内阁的财政政策","石仲子","国讯","1947","第440期","8","上海"
"谜一样的越南政局(香港通讯)","学昌","国讯","1947","第432期","6","上海"
"人民的世纪:报道国内外民主消息，记载全世界解放运动:美进步公民斥罗城查禁书籍","M.H.","国讯","1947","第442期","11","上海"
"印尼共和国首都日惹之行(附照片)","Briggs，W. 王民","国讯","1947","第441期","7","上海"
"人民的世纪:报道国内外民主消息，记载全世界解放运动:职工团体联合宣言","M.H.","国讯","1947","第426期","11","上海"
"法币套取物资","贡白","国讯","1947","第412期","3","上海"
"人民的世纪:报道国内外民主消息，记载全世界解放运动:民盟南总谴责孙科、彭泽民不直孙科","M.H.","国讯","1947","第431期","11","上海"
"美国的黑人问题:美国内幕之三","王章麟","国讯","1947","第427期","10-11","上海"
"人民的世纪:报道国内外民主消息，记载全世界解放运动:尼赫鲁反对外军在亚活动","M.H.","国讯","1947","第427期","11","上海"
"论美国对华贷款","Meng，C.Y.W. 王民","国讯","1947","第421期","5-6","上海"
"全世界的大债主:今日的美国:杜鲁门总统谒见其后台老板詹姆·班达盖斯特:[照片]","国讯","1947","第421期","9",NA,"上海"
"人民的世纪:报道国内外民主消息，记载全世界解放运动:史特朗盛赞北朝鲜","M.H.","国讯","1947","第429期","11","上海"
"说亮话:拆穿楼板运动","黄炎培","国讯","1947","第427期","封1","上海"
"十年来我的双十节","黄炎培","国讯","1947","第434期","4-5","上海"
"马歇尔的攻势(一周时事提要)","石啸冲","国讯","1947","第431期","10","上海"
"人民的世纪:报道国内外民主消息，记载全世界解放运动:华莱士被逐周年演说","M.H.","国讯","1947","第431期","11","上海"
"人民的世纪:报道国内外民主消息，记载全世界解放运动:王任叔被释放","M.H.","国讯","1947","第430期","11","上海"
"一周间时事研究提纲:失败的症结","石啸冲","国讯","1947","第421期","10","上海"
"人民的世纪:报道国内外民主消息，记载全世界解放运动:人权大会保障出版自由","M.H.","国讯","1947","第419期","11","上海"
"一周间时事研究提纲:露骨的反苏","石啸冲","国讯","1947","第419期","6","上海"
"会考与思想问题","张耀武","国讯","1947","第413期","7","上海"
"新闻人物偶拾:美日联姻中的来栖父女","方芳","国讯","1947","第428期","3","上海"
"一周间时事研究提纲:葫芦里面的药","石啸冲","国讯","1947","第425期","10","上海"
"联合起来:全中国的人民团体!:联合国情报部人民团体联络组向中国人民团体的广播词(一九四七年五月三十日于纽约)","邓钟韶琴","国讯","1947","第419期","2","上海"
"人民的世纪:报道国内外民主消息，记载全世界解放运动:大美晚报论和谈","M.H.","国讯","1947","第413期","8","上海"
"死灭的威胁:内战","宗文","国讯","1947","第417期","3","上海"
"新闻人物小志","令狐","国讯","1947","第423期","4-5","上海"
"人民的世纪:报道国内外民主消息，记载全世界解放运动:槟城妇联会的活动","M.H.","国讯","1947","第428期","10","上海"
"人民的世纪:报道国内外民主消息，记载全世界解放运动:印尼青年重申斗争决心","M.H.","国讯","1947","第441期","11","上海"
"人民的世纪:教师权利会函市参会","M.H.","国讯","1947","第433期","11","上海"
"现在我们必须做些甚么?","华莱士 文骊","国讯","1947","第429期","2-4","上海"
"于子三君之死(附照片)","Ling，F. 王民","国讯","1947","第440期","4-5","上海"
"人民的世纪:北大等校复课","M.H.","国讯","1947","第437期","11","上海"
"人民的世纪:民主作家巴人赴港","M.H.","国讯","1947","第437期","11","上海"
"论美国的新党运动","Masses，M. 晓笛","国讯","1947","第430期","2-3","上海"
"一班快车一个插曲:一位老参政员的私人笔记(之三)","方登朋","国讯","1947","第417期","4-5","上海"
"人民的世纪:报道国内外民主消息，记载全世界解放运动:张綗伯讲青年与学运","M.H.","国讯","1947","第415期","8","上海"
"旧诗新话:野老歌","补斋 张籍","国讯","1947","第424期","12","上海"
"人民的世纪:报道国内外民主消息，记载全世界解放运动:人民团体答覆魏使声明","M.H.","国讯","1947","第430期","11","上海"
"时代史诗欣赏小记","丁果","国讯","1947","第422期","9","上海"
"行矣!魏德迈(附照片)","卫玉","国讯","1947","第427期","4","上海"
"苏联职业教育之一面","茅盾","国讯","1947","第427期","6","上海"
"人民的世纪:美报评孙科谈话","M.H.","国讯","1947","第432期","11","上海"
"人民的世纪:报道国内外民主消息，记载全世界解放运动:何香凝评李济琛事件","M.H.","国讯","1947","第416期","8","上海"
"一周间叶事研究提纲:分裂运动","石啸冲","国讯","1947","第413期","6","上海"
"谁说没有好公务员?","江问渔","国讯","1947","第420期","2","上海"
"新闻人物:全世界第一个女外长:鲍克夫人(附照片)","方芳","国讯","1947","第440期","12","上海"
"越南民主与反民主势力的对比","扬庶威","国讯","1947","第433期","8","上海"
"人民的世纪:反对对华贷款意见一般","M.H.","国讯","1947","第435期","11","上海"
"政治民主与经济民主:答读者投书","黄炎培","国讯","1947","第422期","2","上海"
"人民的世纪:报道国内外民主消息，记载全世界解放运动:港九各界声援学生","M.H.","国讯","1947","第417期","11","上海"
"战局一周:石庄撤守以后","潮声","国讯","1947","第440期","2-3","上海"
"旧诗新话:采地黄者","补斋 白居易","国讯","1947","第423期","6","上海"
"三十年颂:纪念中华职业教育社立社三十周年","国讯","1947","第412期","2",NA,"上海"
"人民的世纪:报道国内外民主消息，记载全世界解放运动:“观察”论三报被封事","M.H.","国讯","1947","第416期","8","上海"
"一周间时事研究提纲:“不祥的类似”","石啸冲","国讯","1947","第414期","6","上海"
"说亮话:目前可怕的三潮","江问渔","国讯","1947","第413期","封1","上海"
"人民的世纪:报道国内外民主消息，记载全世界解放运动:世界民主青年的联合","M.H.","国讯","1947","第421期","12","上海"
"从法律观点论学生运动(附题词)","史良 柳亚子 鹤如","国讯","1947","第415期","2","上海"
"书报评介:“真理都在眼前”:序黄著“民主化的机关管理”","郭沫若","国讯","1947","第441期","12","上海"
"为被挤下岗位的教师呼吁","翰飞","国讯","1947","第426期","10","上海"
"一周间时事研究提纲:不能消弭的政治危机","石啸冲","国讯","1947","第415期","7","上海"
"人民的世纪:报道国内外民主消息，记载全世界解放运动:自由主义宣言","M.H.","国讯","1947","第420期","11","上海"
"看你还能闹不闹!:[画图]","米谷","国讯","1947","第414期","2","上海"
"由钞票看东北政治内幕(东北通讯)","筠友","国讯","1947","第413期","4","上海"
"一张药方公布了十六年","黄炎培","国讯","1947","第444期","2","上海"
"胡适之的直觉","陈行健","国讯","1947","第432期","3","上海"
"读者之声:“国讯”读后感","士宏","国讯","1947","第432期","12","上海"
"人民的世纪:报道国内外民主消息，记载全世界解放运动:民社党正式分裂","M.H.","国讯","1947","第426期","11","上海"
"人民的世纪:报道国内外民主消息，记载全世界解放运动:萧伯纳赞扬华莱士","M.H.","国讯","1947","第419期","11","上海"
"太少了!太迟了!","华莱士 王民","国讯","1947","第442期","2-3，6","上海"
"一周间时事研究提纲:新的转变","石啸冲","国讯","1947","第414期","6","上海"
"新闻之窗:北平的抗议","蒸","国讯","1947","第439期","12","上海"
"战局一周:榆林鏖兵未已","潮局","国讯","1947","第439期","6","上海"
"一周间时事研究提纲:可怕的结局","石啸冲","国讯","1947","第413期","6","上海"
"反对开放对日贸易","马寅初 鹤如","国讯","1947","第426期","2","上海"
"人民的世纪:报道国内外民主消息，记载全世界解放运动:对日问题民意测验","M.H.","国讯","1947","第430期","11","上海"
"战局一周:平保间情况紧张","潮声","国讯","1947","第441期","2","上海"
"河南民谣","张方集","国讯","1947","第425期","12","上海"
"史考比与魏德迈(附照片)","李惠林","国讯","1947","第424期","2","上海"
"人民的世纪:报道国内外民主消息，记载全世界解放运动:三民主义同志会书面声明","M.H.","国讯","1947","第423期","12","上海"
"寿任之先生七十","江问渔","国讯","1947","第438期","3","上海"
"新闻之窗:世青关于亚洲殖民地的决议","国讯","1947","第443期","6-7",NA,"上海"
"印度与巴基斯坦的外交政策","Shah，H. 蒸","国讯","1947","第441期","9","上海"
"一周间时事研究提纲:致命的关头","石啸冲","国讯","1947","第423期","10","上海"
"诗:广孝(题宝山朱氏延辉图卷)","黄炎培","国讯","1947","第418期","7","上海"
"人民的世纪:报道国内外民主消息，记载全世界解放运动:张东荪谈最近时局","M.H.","国讯","1947","第415期","8","上海"
"说亮话:最基本病","黄炎培","国讯","1947","第443期","封1","上海"
"河内傀儡首脑访问记","Briggs，W. 麦祥","国讯","1947","第442期","7","上海"
"人民的世纪:报道国内外民主消息，记载全世界解放运动:英美报纸自我检讨","M.H.","国讯","1947","第419期","11","上海"
"战局一周:胶东大战又起","潮声","国讯","1947","第440期","2","上海"
"“知我者谓我心忧·不知我者谓我何求.”","江问渔","国讯","1947","第428期","2-3","上海"
"人民的世纪:报道国内外民主消息，记载全世界解放运动:美记者评中国政府","M.H.","国讯","1947","第427期","11","上海"
"医生和病人(续)","白薇","国讯","1947","第420期","10","上海"
"读者之声:希望于国讯者","希元","国讯","1947","第434期","12","上海"
"饥饿的呐喊:[诗歌]","林木","国讯","1947","第437期","6","上海"
"新闻之窗:共产国际复活?","国讯","1947","第435期","11",NA,"上海"
"说亮话:满城风雨近重阳","卫玉","国讯","1947","第431期","封1","上海"
"响应本刊经费公开建议(第八号)","国讯","1947","第436期","12",NA,"上海"
"世界一周:两个和会问题的尴尬","司马天籁","国讯","1947","第442期","10","上海"
"一周间时事研究提纲:杜鲁门主义的再版","石啸冲","国讯","1947","第419期","6","上海"
"苞桑随笔:__烂钞","抱一","国讯","1947","第411期","7","上海"
"人民的世纪:报道国内外民主消息，记载全世界解放运动:华侨洗衣联衣包内夹传单","M.H.","国讯","1947","第442期","11","上海"
"说亮话:万人注目的特客:魏德迈将军","卫玉","国讯","1947","第424期","封1","上海"
"一周间时事研究提纲:缅甸的政治暗杀","石啸冲","国讯","1947","第423期","10","上海"
"对“国讯”的期望:读者投书","余克信 胡志明 王兰","国讯","1947","第413期","7","上海"
"人民的世纪:华莱士巡回演说又获成功","M.H.","国讯","1947","第435期","11","上海"
"团结世界各国，保障和平自由!:今日的联合国(附照片)","扬庶威","国讯","1947","第426期","7-9","上海"
"人民的世纪:报道国内外民主消息，记载全世界解放运动:马来亚承认八政团","M.H.","国讯","1947","第420期","11","上海"
"人民的世纪:报道国内外民主消息，记载全世界解放运动:香港记者声援三报","M.H.","国讯","1947","第417期","11","上海"
"爱护青年","方东旭","国讯","1947","第440期","3","上海"
"人民的世纪:报道国内外民主消息，记载全世界解放运动:恩狄科特论中国局势","M.H.","国讯","1947","第424期","12","上海"
"漫天风雨中的辟难所:今日的香港(附图、照片)","扬庶威","国讯","1947","第422期","5-6","上海"
"人民的世纪:报道国内外民主消息，记载全世界解放运动:沪粤民主促进会合并","M.H.","国讯","1947","第422期","12","上海"
"人民的世纪:报道国内外民主消息，记载全世界解放运动:中国民主促进会宣言","光祖","国讯","1947","第412期","8","上海"
"美元的活动与英国危机(一周时事提要)","石啸冲","国讯","1947","第428期","11","上海"
"人民的世纪:报道国内外民主消息，记载全世界解放运动:李济深驳斥孙科","M.H.","国讯","1947","第422期","12","上海"
"人民的世纪:美第三党出现","M.H.","国讯","1947","第435期","11","上海"
"人民的世纪:旅美华侨请惩处宋子文","M.H.","国讯","1947","第435期","11","上海"
"新闻人物拾遗:最近被刺殉国的朝鲜民族老英雄吕运亨","光祖","国讯","1947","第425期","8-9","上海"
"人民的世纪:报道国内外民主消息，记载全世界解放运动:司徒大使谈时局","M.H.","国讯","1947","第415期","8","上海"
"经济气象台:在华美国工商界领袖对美国贷款表示意见","流水","国讯","1947","第419期","8","上海"
"人民的世纪:报道国内外民主消息，记载全世界解放运动:华莱士谈中国政治","M.H.","国讯","1947","第419期","11","上海"
"新闻人物:杜斌丞其人其事","孤流","国讯","1947","第436期","10-11","上海"
"战局一周:豫鄂皖边战事仍烈","潮声","国讯","1947","第438期","3","上海"
"人民的世纪:报道国内外民主消息，记载全世界解放运动:罗隆基谴责孙科","M.H.","国讯","1947","第431期","11","上海"
"斥中日工业合作论","林焕平","国讯","1947","第441期","3","上海"
"魏德迈声明全文","国讯","1947","第428期","5",NA,"上海"
"人民的世纪:报道国内外民主消息，记载全世界解放运动:民盟支部对学运意见","M.H.","国讯","1947","第416期","8","上海"
"写赠罗隆基联","黄炎培","国讯","1947","第439期","5","上海"
"说亮话:中国人会忘掉“九一八”么?","黄炎培","国讯","1947","第430期","封1","上海"
"美苏远东关系的晴雨计:今日的朝鲜(附图)","扬义旗","国讯","1947","第420期","7-8，12","上海"
"说亮话:苏联十月革命纪念有感","黄炎培","国讯","1947","第437期","封1","上海"
"人民的世纪:报道国内外民主消息，记载全世界解放运动:费孝通论魏德迈来华","M.H.","国讯","1947","第423期","12","上海"
"人民的世纪:瓦尔加论马歇尔计划","M.H.","国讯","1947","第432期","11","上海"
"社会主义制度下的财政","Dymshitz，I. 闵军","国讯","1947","第430期","4","上海"
"说亮话:从此","黄炎培","国讯","1947","第421期","封1","上海"
"人民的世纪:报道国内外民主消息，记载全世界解放运动:本市教授对学运意见","M.H.","国讯","1947","第417期","11","上海"
"人民的世纪:报道国内外民主消息，记载全世界解放运动:杀了人政军首长都没有知道","M.H.","国讯","1947","第418期","11","上海"
"说亮话","黄炎培","国讯","1947","第411期","2","上海"
"人民的世纪:报道国内外民主消息，记载全世界解放运动:美国教授致电司徒","M.H.","国讯","1947","第421期","12","上海"
"人民的世纪:报道国内外民主消息，记载全世界解放运动:星洲侨胞民主呼声","M.H.","国讯","1947","第418期","11","上海"
"战局一周:粤桂南区告警","潮声","国讯","1947","第438期","3","上海"
"天快亮了:[诗歌]","黄炎培","国讯","1947","第412期","4-5","上海"
"谁是暹罗的统治者?","潘光祖","国讯","1947","第434期","9","上海"
"新印度的政党与人物","萨哈林 王民","国讯","1947","第433期","4-5","上海"
"美国党争在外交上的反映","林焕平","国讯","1947","第443期","4-5","上海"
"俞颂华先生逝世(附照片)","国讯","1947","第435期","6",NA,"上海"
"人民的世纪:冯玉祥要求中止压迫民盟","M.H.","国讯","1947","第438期","11","上海"
"战局一周:豫鄂皖边锋火又炽","潮声","国讯","1947","第435期","6","上海"
"新闻人物:法国新任总理休曼","方芳","国讯","1947","第442期","3","上海"
"世界一周:华盛顿·巴黎·罗马·伦敦","司马天籁","国讯","1947","第443期","10","上海"
"人民的世纪:报道国内外民主消息，记载全世界解放运动:旧政治犯呼吁防止战争","M.H.","国讯","1947","第427期","11","上海"
"人民的世纪:报道国内外民主消息，记载全世界解放运动:陶行知逝世周年纪念","M.H.","国讯","1947","第424期","12","上海"
"全世界的大债主:今日的美国(附照片)","扬义旗","国讯","1947","第421期","8-10","上海"
"人民的世纪:报道国内外民主消息，记载全世界解放运动:美报评论中国内战","M.H.","国讯","1947","第419期","11","上海"
"颂与讼","黄炎培","国讯","1947","第444期","封1","上海"
"日本货将泛滥世界市场","Kaim，J.R. 王民","国讯","1947","第444期","11","上海"
"人民的世纪:加民社党抗议飞机售华","M.H.","国讯","1947","第434期","11","上海"
"人民的世纪:中大学生反对保送入学","M.H.","国讯","1947","第434期","11","上海"
"读者投书:答剑平先生:剑平先生:手书敬悉……","国讯","1947","第425期","12",NA,"上海"
"人民的世纪:报道国内外民主消息，记载全世界解放运动:美国人士抗议中国暴行","M.H.","国讯","1947","第419期","11","上海"
"人民的世纪:报道国内外民主消息，记载全世界解放运动:李闻殉难周年","M.H.","国讯","1947","第423期","12","上海"
"美国专家所见的外蒙近情(附照片)","拉铁摩尔 余为群","国讯","1947","第418期","5","上海"
"人民的世纪:报道国内外民主消息，记载全世界解放运动:梁潄溟谈和平提案","M.H.","国讯","1947","第416期","8","上海"
"人民的世纪:报道国内外民主消息，记载全世界解放运动:首都公教人员反内战","M.H.","国讯","1947","第417期","11","上海"
"人民的世纪:报道国内外民主消息，记载全世界解放运动:呼吁民主青年支持中国","M.H.","国讯","1947","第426期","11","上海"
"复员后的中国电影事业","罗明佑","国讯","1947","第442期","9","上海"
"施安娜女士致大美晚报编者函","施安娜","国讯","1947","第423期","9-10","上海"
"战局一周:江南亦非安乐土","潮声","国讯","1947","第438期","3","上海"
"人民的世纪:报道国内外民主消息，记载全世界解放运动:留英学生拒绝参加选举","M.H.","国讯","1947","第442期","11","上海"
"人民的世纪:马西努评论美对华政策","M.H.","国讯","1947","第443期","11","上海"
"今年双十节三首:[诗词]","黄炎培","国讯","1947","第434期","3","上海"
"从西贡看“东洋”(西贡航讯)","蒸","国讯","1947","第432期","8","上海"
"人民的世纪:报道国内外民主消息，记载全世界解放运动:中国当选世界学联副主席","M.H.","国讯","1947","第431期","11","上海"
"诗:韬奋死三年了!","黄炎培","国讯","1947","第420期","2","上海"
"苏联作家们的权益是有保障的","茅盾","国讯","1947","第415期","4","上海"
"一周间时事研究提纲:对外贸易衰落的转捩点","石啸冲","国讯","1947","第425期","10","上海"
"可畏哉“享受”也","江问渔","国讯","1947","第422期","7-8","上海"
"日本:远东的大患","林焕平","国讯","1947","第444期","12","上海"
"饥饿的银河:[诗歌]","李白凤","国讯","1947","第436期","8","上海"
"人民的世纪:报道国内外民主消息，记载全世界解放运动:华侨呼吁美人民阻止援华","M.H.","国讯","1947","第440期","11","上海"
"一周间时事研究提纲:无耻的强辞狡辩","石啸冲","国讯","1947","第424期","11","上海"
"人民的世纪:民盟被取缔后之动态","M.H.","国讯","1947","第438期","11","上海"
"人民的世纪:南乌外长责美援华","M.H.","国讯","1947","第434期","11","上海"
"人民的世纪:报道国内外民主消息，记载全世界解放运动:三民主义联合会宣言","M.H.","国讯","1947","第413期","8","上海"
"时事一周:反对派的阴谋","石啸冲","国讯","1947","第439期","10","上海"
"人民的世纪:报道国内外民主消息，记载全世界解放运动:自华返美军事观察家谈话","M.H.","国讯","1947","第423期","12","上海"
"漫天风雨中的辟难所:今日的香港:海上望香岛·宛然重庆:[照片]","国讯","1947","第422期","6",NA,"上海"
"一位老参政员的私人笔记","方登朋","国讯","1947","第415期","3","上海"
"人民的世纪:报道国内外民主消息，记载全世界解放运动:李济深痛切谈国是","光祖","国讯","1947","第412期","8","上海"
"读者投书:异哉，所谓“中共地下斗争路线纲领”!","萧异兹","国讯","1947","第411期","8","上海"
"人民的世纪:报道国内外民主消息，记载全世界解放运动:救济不应有政治歧视","M.H.","国讯","1947","第441期","11","上海"
"天下繁华第一的纽约市:“美国内幕”之二(附照片)","约翰根室 小鱼","国讯","1947","第425期","8-9","上海"
"人民的世纪:报道国内外民主消息，记载全世界解放运动:学联不满陈案判决","M.H.","国讯","1947","第444期","19","上海"
"“一九四八华莱士”!:论美国新党的诞生和民说运动的开展","潘光祖","国讯","1947","第429期","2-4","上海"
"说亮话:似是而非","江问渔","国讯","1947","第441期","封1","上海"
"人民的世纪:报道国内外民主消息，记载全世界解放运动:苏杂志论新闻自由","M.H.","国讯","1947","第428期","10","上海"
"人民的世纪:旅法华侨通电主和平","M.H.","国讯","1947","第433期","11","上海"
"人民的世纪:报道国内外民主消息，记载全世界解放运动:大公报呼吁和平","M.H.","国讯","1947","第415期","8","上海"
"新闻人物:联合国情报主持人:柯亨(附图)","联沪","国讯","1947","第442期","3","上海"
"长长地三十年:[诗歌]","黄炎培","国讯","1947","第422期","4","上海"
"人民的世纪:报道国内外民主消息，记载全世界解放运动:“六一”殉难学生安葬","M.H.","国讯","1947","第420期","11","上海"
"人民的世纪:报道国内外民主消息，记载全世界解放运动:冯玉祥发表国是声明","M.H.","国讯","1947","第419期","11","上海"
"人民的世纪:报道国内外民主消息，记载全世界解放运动:胡适不满开释皮尔逊","M.H.","国讯","1947","第419期","11","上海"
"华莱士传:三代华莱士","Kingdom，F. 小鱼","国讯","1947","第434期","7","上海"
"从英国现状谈到中英关系","白无垢","国讯","1947","第435期","2-3","上海"
"人民的世纪:报道国内外民主消息，记载全世界解放运动:廖夫人发表感想","M.H.","国讯","1947","第429期","11","上海"
"人民的世纪:报道国内外民主消息，记载全世界解放运动:被捕学生家属的要求","M.H.","国讯","1947","第417期","11","上海"
"人民的世纪:报道国内外民主消息，记载全世界解放运动:美产业职工拥护华莱士","M.H.","国讯","1947","第425期","11","上海"
"困苦中的中国近貌","(美)裴斐 M.H.","国讯","1947","第415期","5-6","上海"
"人民的世纪:报道国内外民主消息，记载全世界解放运动:巴甫洛夫论中苏条约","M.H.","国讯","1947","第426期","11","上海"
"人民的世纪:燕大师生讨论民主","M.H.","国讯","1947","第438期","11","上海"
"英国人的奋斗之路","(英)Politt，H.","国讯","1947","第436期","6","上海"
"人民的世纪:报道国内外民主消息，记载全世界解放运动:被捕学生家属再度具状","M.H.","国讯","1947","第428期","10","上海"
"新闻之窗:“金元荒”","柏舟","国讯","1947","第436期","12","上海"
"新闻人物:印尼副总统哈达","张演","国讯","1947","第433期","10-11","上海"
"关于第三次世界大战问题","筠友","国讯","1947","第426期","3","上海"
"医生和病人","白薇","国讯","1947","第419期","10","上海"
"今日的大连(附图)","(美)史特朗 杨","国讯","1947","第434期","8-9","上海"
"人民的世纪:影城抗议反美活动调查","M.H.","国讯","1947","第437期","11","上海"
"自力更生之一例:苏联建国三十年","高原","国讯","1947","第437期","2","上海"
"越南的慧星:胡志明究竟是谁?","细流","国讯","1947","第417期","10","上海"
"替美国援华打打算盘","金锋","国讯","1947","第444期","13-16","上海"
"一周间时事研究提纲:我们能受美国的支配吗","石啸冲","国讯","1947","第424期","11","上海"
"一周间叶事研究提纲:统治的秘奥","石啸冲","国讯","1947","第413期","6","上海"
"暹罗的不流血政变","Chapman，C. 王民","国讯","1947","第443期","6","上海"
"人民的世纪:美国也想消灭种族隔膜","M.H.","国讯","1947","第438期","11","上海"
"敬告读者:响应本刊经费公开建议","国讯","1947","第431期","12",NA,"上海"
"人民的世纪:华莱士要求杜史会谈","M.H.","国讯","1947","第435期","11","上海"
"茅盾先生访问记:茅盾先生夫妇参观苏联某纺织工厂:[照片]","国讯","1947","第412期","7",NA,"上海"
"人民的世纪:报道国内外民主消息，记载全世界解放运动:东北民报停刊三日","M.H.","国讯","1947","第420期","11","上海"
"一周间时事研究提纲:巴黎会议处在僵持的阶段","石啸冲","国讯","1947","第420期","9","上海"
"新闻之窗:蒲立特其人","国讯","1947","第435期","11",NA,"上海"
"克利浦斯的支票","陈行健","国讯","1947","第435期","4-5","上海"
"黄炎培先生七十寿辰与诸亲友谈话录","鹤如","国讯","1947","第438期","2-3","上海"
"人民的世纪:报道国内外民主消息，记载全世界解放运动:华莱士警告反共叫嚣","M.H.","国讯","1947","第441期","11","上海"
"复撰一联:[诗词]","黄炎培","国讯","1947","第439期","9","上海"
"香港:自由的孤岛(香港航讯)","Zee，W.S. 华","国讯","1947","第438期","7","上海"
"昆明官场现形记(昆明航讯)","Shih，H.P.F. 王民","国讯","1947","第438期","8-9","上海"
"美苏在政治上的强点和弱点","林焕平","国讯","1947","第439期","8","上海"
"当前的出路","国讯","1947","第412期","4-5",NA,"上海"
"人民的世纪:报道国内外民主消息，记载全世界解放运动:美报评孙科谈话","M.H.","国讯","1947","第441期","11","上海"
"苞桑随笔:内有怨女","抱一","国讯","1947","第419期","12","上海"
"旧诗新话:小车班班……","补斋","国讯","1947","第419期","12","上海"
"不会说·不敢说·不必说:在中华工商专科学校演讲","郭沫若 沈鹤如","国讯","1947","第421期","2","上海"
"新闻人物拾遗:新任缅甸临时政府总理的牛泰真","光祖","国讯","1947","第425期","9","上海"
"于案听审记","国讯","1947","第441期","4-5",NA,"上海"
"词:感怀(旧调临江仙)","黄炎培","国讯","1947","第420期","6","上海"
"说亮话:我所推测的苏联","黄炎培","国讯","1947","第418期","封1","上海"
"两大思潮与“三次大战”","林维仁","国讯","1947","第426期","4-5","上海"
"人民的世纪:报道国内外民主消息，记载全世界解放运动:在华外人评对华援助","M.H.","国讯","1947","第425期","11","上海"
"谋求职业不能不劳而获","何清云","国讯","1947","第414期","4","上海"
"人民的世纪:报道国内外民主消息，记载全世界解放运动:华莱士为民主和平呼吁","光祖","国讯","1947","第412期","8","上海"
"法越局势的透视(堤岸航讯)","(越)阮文化","国讯","1947","第437期","7","上海"
"苏联和英美经济复兴的对照","闵军","国讯","1947","第429期","7","上海"
"敬告读者:关于经费公开的建议","国讯","1947","第429期","9",NA,"上海"
"旧把戏的再演与巩固欧洲安全的因素","石啸冲","国讯","1947","第429期","10","上海"
"旧诗新话:二月卖新丝……","补斋","国讯","1947","第429期","4","上海"
"投降两周年·帝国复活了:今日的日本","扬庶威","国讯","1947","第425期","5-6","上海"
"我们对日应有的基本主张","李正文","国讯","1947","第425期","3-4","上海"
"人民的世纪:报道国内外民主消息，记载全世界解放运动:昆明青年公祭李闻","M.H.","国讯","1947","第424期","12","上海"
"人民的世纪:报道国内外民主消息，记载全世界解放运动:路透社谈各报战事消息","M.H.","国讯","1947","第424期","12","上海"
"人民的世纪:报道国内外民主消息，记载全世界解放运动:美进步公民重要决议","M.H.","国讯","1947","第421期","12","上海"
"说亮话:真在驱使失业吗!","黄炎培","国讯","1947","第423期","封1","上海"
"人民的世纪:报道国内外民主消息，记载全世界解放运动:美教授指摘中国政府","M.H.","国讯","1947","第423期","12","上海"
"人民的世纪:报道国内外民主消息，记载全世界解放运动:华侨党员要求澈查孔宋财产","M.H.","国讯","1947","第423期","12","上海"
"千教万教，教人求真，千学万学，学做真人:苦斗中的育才学校:育才学生在劳动中!:[照片]","国讯","1947","第424期","7",NA,"上海"
"人民的世纪:报道国内外民主消息，记载全世界解放运动:华侨响应李冯","M.H.","国讯","1947","第422期","12","上海"
"一周间时事研究提纲:印荷的局势","石啸冲","国讯","1947","第423期","10","上海"
"野村使美回忆录(下)","罗多夫 苏新","国讯","1947","第423期","11","上海"
"人民的世纪:华莱士抨击战争歇斯的里","M.H.","国讯","1947","第432期","11","上海"
"从昆明报纸看云南","Shih，H.P.F. 王民","国讯","1947","第429期","8-9","上海"
"人民的世纪:报道国内外民主消息，记载全世界解放运动:北大教授要求改善生活","M.H.","国讯","1947","第430期","11","上海"
"人民的世纪:报道国内外民主消息，记载全世界解放运动:学联致函世界青年","M.H.","国讯","1947","第427期","11","上海"
"从事教育及与问政治(八月八日下午在青年会讲)","张东荪 TG","国讯","1947","第427期","2-3","上海"
"读者投书:南洋华侨的呼声","李文奎","国讯","1947","第425期","12","上海"
"说亮话:看王外长最后主张","黄炎培","国讯","1947","第432期","封1","上海"
"读者之声:“春色三分二已空”","放翁句","国讯","1947","第433期","12","上海"
"人民的世纪:报道国内外民主消息，记载全世界解放运动:本市学生组学业保障会","M.H.","国讯","1947","第423期","12","上海"
"一周间时事研究提纲:反动势力的回击","石啸冲","国讯","1947","第415期","7","上海"
"威胁下的厦门(厦门通讯)","夏晴","国讯","1947","第414期","5","上海"
"一周间时事研究提纲:和平的烟霭","石啸冲","国讯","1947","第414期","6","上海"
"猪年的中国","Martin，R.P. 文骥","国讯","1947","第427期","5-6","上海"
"苞桑随笔:自箴语(四)","抱一","国讯","1947","第427期","7","上海"
"人民的世纪:报道国内外民主消息，记载全世界解放运动:澳女作家控诉美国","M.H.","国讯","1947","第425期","11","上海"
"纳粹工业家新官升图(附图)","M.H.","国讯","1947","第444期","9","上海"
"人民的世纪:报道国内外民主消息，记载全世界解放运动:特港反法西斯联盟斥英美","M.H.","国讯","1947","第444期","19","上海"
"人民的世纪:民社党报告今后方针","M.H.","国讯","1947","第432期","11","上海"
"泛美洲会议的透视","潘光祖","国讯","1947","第428期","4-5","上海"
"关于“国讯”内容:答胡志明先生等","国讯","1947","第414期","7",NA,"上海"
"人民的世纪:报道国内外民主消息，记载全世界解放运动:和平提案三点办法","M.H.","国讯","1947","第417期","11","上海"
"人民的世纪:报道国内外民主消息，记载全世界解放运动:香港民主派发表宣言","光祖","国讯","1947","第412期","8","上海"
"小星的话:[诗歌]","李白凤","国讯","1947","第438期","8","上海"
"悼俞颂华先生(附照片)","寰澄","国讯","1947","第437期","12","上海"
"人民的世纪:教育联合团体要求民主化","M.H.","国讯","1947","第438期","11","上海"
"常识小言","杞人","国讯","1947","第440期","4-6","上海"
"人民的世纪:报道国内外民主消息，记载全世界解放运动:被放逐之希腊律师的信","M.H.","国讯","1947","第421期","12","上海"
"美国经济萧条的展望(上)","(美)华莱士 文骊","国讯","1947","第433期","2","上海"
"人民的世纪:报道国内外民主消息，记载全世界解放运动:李济琛上书蒋主席","M.H.","国讯","1947","第443期","11","上海"
"全马来亚总罢业的胜利(本刊特约星洲航讯)","云虹","国讯","1947","第439期","9","上海"
"说亮话:往事重提话学潮","卫玉","国讯","1947","第415期","封1","上海"
"苞桑随笔:你们闻得血腥臭么?","抱一","国讯","1947","第417期","2","上海"
"一个美妙的梦:读胡白华“杭州集团农场”之后","周顗","国讯","1947","第416期","4","上海"
"答张先生投书:关于会考与思想问题","国讯","1947","第414期","7",NA,"上海"
"法意的政局与国际背景","石仲子","国讯","1947","第444期","18-19","上海"
"日本的今日与明日","Conde，D. 杨","国讯","1947","第440期","6-7","上海"
"战局一周:皖北锋烟到安庆","潮声","国讯","1947","第436期","2","上海"
"新闻人物:华北军事统帅傅作义","方芳","国讯","1947","第442期","3","上海"
"于子三君之死:冤沉何处?!(于子三君及其成仁后遗体):[照片二幅]","国讯","1947","第440期","4",NA,"上海"
"战后苏联文化发展一斑","Yegorov，P. 文骊","国讯","1947","第430期","5","上海"
"今日的云南(昆明航讯)","Shih，H.P.F. 王民","国讯","1947","第436期","7-8","上海"
"俞颂华先生逝世:俞颂华先生遗像:[照片]","国讯","1947","第435期","6",NA,"上海"
"时事一周:金元的现实主义","石啸冲","国讯","1947","第433期","10","上海"
"“九一八”与本刊--国讯","江问渔","国讯","1947","第431期","10-11","上海"
"人民的世纪:人民团体反对对日贸易 苏代表建议严禁战争宣传","M.H.","国讯","1947","第432期","11","上海"
"当前世界主要矛盾是什么?:九位著名国际问题专家座谈会记录的结论","国讯","1947","第436期","3",NA,"上海"
"时事一周:民主与反动的斗争","石啸冲","国讯","1947","第438期","10","上海"
"外报论民盟事件","麦祥","国讯","1947","第439期","2-3","上海"
"人民的世纪:报道国内外民主消息，记载全世界解放运动:文幼章评中国政府","M.H.","国讯","1947","第440期","11","上海"
"说亮话:漫谈节约","卫玉","国讯","1947","第438期","封1","上海"
"大连海上的悲剧:“今日的大连”续稿","史特朗 杨","国讯","1947","第436期","8","上海"
"说亮话:聪明的办法么?","卫玉","国讯","1947","第436期","封1，2","上海"
"人民的世纪:报道国内外民主消息，记载全世界解放运动:张东荪对民社革新派的意见","M.H.","国讯","1947","第427期","11","上海"
"人民的世纪:报道国内外民主消息，记载全世界解放运动:美名流反对普遍军训","M.H.","国讯","1947","第422期","12","上海"
"一周间时事研究提纲:访加内幕","石啸冲","国讯","1947","第418期","9","上海"
"团结世界各国，保障和平自由!:今日的联合国:联合国会议情形:[照片]","国讯","1947","第426期","8",NA,"上海"
"华尔街与美国大企业:“美国内幕”之一","约翰根室 小鱼","国讯","1947","第424期","5，8","上海"
"向青年学习","臧克家","国讯","1947","第417期","6","上海"
"人民的世纪:报道国内外民主消息，记载全世界解放运动:中国学联成立宣言","M.H.","国讯","1947","第423期","12","上海"
"自欺欺人的考试制度","稼人","国讯","1947","第423期","2","上海"
"希腊的镜子和印尼的榜样","石啸冲","国讯","1947","第427期","7","上海"
"书报评介:“清流万里”(即“文化春秋”):于伶，吴天，陈白尘等集体创作","林焕平","国讯","1947","第444期","17","上海"
"苞桑随笔:惨!惨!","抱一","国讯","1947","第414期","2-3","上海"
"人民的世纪:希民主军吁请联合国援助","M.H.","国讯","1947","第432期","11","上海"
"保卫世界和平与青年利益!:国际青年大会纪详","高歌","国讯","1947","第430期","7-8","上海"
"人民的世纪:报道国内外民主消息，记载全世界解放运动:学生代表赴京请愿","M.H.","国讯","1947","第419期","11","上海"
"一周间时事研究提纲:被粉碎的阴谋","石啸冲","国讯","1947","第414期","6","上海"
"说亮话:关于会考","黄炎培","国讯","1947","第412期","封1","上海"
"人民的世纪:罗辛格论蒲立德建议","M.H.","国讯","1947","第437期","11","上海"
"人民的世纪:报道国内外民主消息，记载全世界解放运动:港九妇女严重抗议","M.H.","国讯","1947","第430期","11","上海"
"教育上的联系作用","江问渔","国讯","1947","第434期","5-6","上海"
"新德里通讯:分治后的印度(附图)","萨哈林 王民","国讯","1947","第432期","5-6","上海"
"人民的世纪:报道国内外民主消息，记载全世界解放运动:各校纪念“一二、一”","M.H.","国讯","1947","第444期","19","上海"
"猪年的中国(下)","Martin，R.P. 文骥","国讯","1947","第428期","9","上海"
"在新开的路上:[诗歌]","林维仁","国讯","1947","第438期","9","上海"
"人民的世纪:记者不满邮电检查","M.H.","国讯","1947","第437期","11","上海"
"读者之声:农村的惨剧","荒野","国讯","1947","第433期","12","上海"
"介绍一个具有特殊性的学校:私立比乐中学","问渔","国讯","1947","第444期","6-7","上海"
"说亮话:说良心","江问渔","国讯","1947","第442期","封1，3","上海"
"战后日本教育的改革","望月","国讯","1947","第440期","9","上海"
"“战贩”列传(1):蒲立特(下篇):及其“明哲”的中国报导","老百姓 MH","国讯","1947","第439期","10-11","上海"
"人民的世纪:旅法华侨反对选举","M.H.","国讯","1947","第443期","11","上海"
"沦陷区收复后的教育:中国教育学会座谈会","黄炎培","国讯","1945","第390期","4","上海"
"澹庐摘记:苏联学术界的进步","国讯","1945","第385期","24",NA,"上海"
"澹庐摘记:战后新世界将怎样好些","国讯","1945","第385期","24-25",NA,"上海"
"陪都鳞爪:抗战胜利……","大愿","国讯","1945","第400期","7","上海"
"公言:划时代的双十节","国讯","1945","第400期","4",NA,"上海"
"法令与执行法令:[画图]","国讯","1945","第388期","23",NA,"上海"
"瞻念前途","潮","国讯","1945","第386期","2","上海"
"经济之页:手工业与工业化","秦柳方","国讯","1945","第395期","7-8","上海"
"短评:旧金山会议成功","华","国讯","1945","第394期","2","上海"
"短评:邱吉尔的慧眼","华","国讯","1945","第388期","3","上海"
"短评:日寇在越建傀儡王国","澹","国讯","1945","第388期","4","上海"
"短评:不容忽视的复员问题","秋","国讯","1945","第400期","9","上海"
"经济之页:工业生产的萎缩情形","秦柳方","国讯","1945","第392期","9","上海"
"短评:日寇的新政党","澹","国讯","1945","第388期","4","上海"
"伦敦来鸿:伦敦飞行炸弹……","黄大能","国讯","1945","第385期","15","上海"
"目前经建方面的几个重要问题","秦柳方","国讯","1945","第404期","12-14","上海"
"谈片:习惯·法律","国讯","1945","第388期","22",NA,"上海"
"由罗斯福死后看美国的民主","小鱼","国讯","1945","第390期","10-11","上海"
"我们不要错过机会","梁公任","国讯","1945","第386期","13-15","上海"
"“八一三”第八周年纪念特辑:重建上海的贸易中心","秦柳方","国讯","1945","第396期","12-13","上海"
"我国抗战中的农民生活","镜民","国讯","1945","第391期","6-7","上海"
"六全代大会之决议","华","国讯","1945","第392期","2","上海"
"短评:法国民意的变化","华","国讯","1945","第396期","3，5","上海"
"新阶段中的世界战局与中国:我们需要一次国内克里米亚会议(自三月十六日至三十一日)(附图)","梁公任","国讯","1945","第389期","11-13","上海"
"论煤荒","周伯棣","国讯","1945","第388期","8","上海"
"短评:“取诸社会还之社会”:吴蕴初捐产于社会公益","澹","国讯","1945","第404期","4-5","上海"
"德国投降以后的日本","邵冲霄","国讯","1945","第392期","7-8","上海"
"公言:接受历史教训","国讯","1945","第391期","2",NA,"上海"
"新年征文(一):我们当前应有的努力:民主·科学","吴藻溪","国讯","1945","第383期","18","上海"
"胜利了:[诗歌]","黄炎培","国讯","1945","第400期","4","上海"
"以合作赢胜利维和平","俞颂华","国讯","1945","第393期","封1","上海"
"论欧洲的两种势力范围","丹尼尔","国讯","1945","第385期","15-19","上海"
"经济之页:今日经济与财政问题之症结:由简化机构增加盐税说起","齐纬","国讯","1945","第388期","9-10","上海"
"延安五日记(续)","黄炎培","国讯","1945","第400期","27-28","上海"
"短评:英政局的趋势","华","国讯","1945","第394期","2-3","上海"
"陪都动态:重庆各地，反对内战之空气……","陈曦","国讯","1945","第404期","6-7","上海"
"时事述评:崎岖险阻的道路(十月十五日--十月二十九日)","引流","国讯","1945","第402期","8-9","上海"
"亚洲与欧洲战局之新进展(附图)","梁公任","国讯","1945","第387期","17-26","上海"
"短论:失业与生产情形","华","国讯","1945","第386期","4","上海"
"漫谈:吾不如老圃","国讯","1945","第387期","26",NA,"上海"
"编辑后记:本期本刊是在内战扩大声中编的……","国讯","1945","第403期","15",NA,"上海"
"本刊四百期特刊纪念文之二:我对本刊的一段经历","张雪澄","国讯","1945","第400期","25-26","上海"
"短评:英国政潮及其由来","澹","国讯","1945","第392期","3，8","上海"
"论日敌政治攻势的阴谋","澹庐","国讯","1945","第395期","6，8","上海"
"短评:浅而易见的几个问题","潮声","国讯","1945","第400期","5","上海"
"关于史迪威","小鱼","国讯","1945","第386期","14-15","上海"
"澹庐摘报:造一个美丽的黄昏","国讯","1945","第384期","21",NA,"上海"
"泛谈世界大局","引流","国讯","1945","第403期","6，15","上海"
"物价飞跃生产萎缩之根因","俞颂华","国讯","1945","第390期","8","上海"
"想对青年们说的一些话","俞颂华","国讯","1945","第384期","12-15","上海"
"从废止死刑看苏联","筠友","国讯","1947","第418期","2","上海"
"人民的世纪:取消非美调查会运动、抗议帝国主义歧视政策","M.H.","国讯","1947","第439期","11","上海"
"人民的世纪:民盟商讨政治计划","M.H.","国讯","1947","第433期","11","上海"
"邵从恩先生(诗)(附照片)","林子木","国讯","1947","第429期","7","上海"
"人民的世纪:报道国内外民主消息，记载全世界解放运动:立法委员呼吁和平","M.H.","国讯","1947","第415期","8","上海"
"“不但造机器，也造人.”","茅盾","国讯","1947","第431期","9","上海"
"人民的世纪:报道国内外民主消息，记载全世界解放运动:军事观察家谈国军战略","M.H.","国讯","1947","第424期","12","上海"
"世界动荡的新阶段","林焕平","国讯","1947","第438期","10-11","上海"
"欢迎(记旅途一瞥)","补斋","国讯","1947","第436期","12","上海"
"人民的世纪:报道国内外民主消息，记载全世界解放运动:美人筹组第三党","M.H.","国讯","1947","第423期","12","上海"
"投诗","淮阴父老","国讯","1947","第441期","5","上海"
"人民的世纪:邓初民讲辛亥革命的任务","M.H.","国讯","1947","第436期","11","上海"
"人民的世纪:参驻会通过对日和约建议、国产厂商对日和约座谈","M.H.","国讯","1947","第432期","11","上海"
"人民的世纪:哈泰要求举行公民投票","M.H.","国讯","1947","第432期","11","上海"
"人民的世纪:马来亚侨胞纪念胜利日","M.H.","国讯","1947","第433期","11","上海"
"人民的世纪:报道国内外民主消息，记载全世界解放运动:燕大教授解决学潮办法","M.H.","国讯","1947","第416期","8","上海"
"送别邵从恩先生","林木","国讯","1947","第444期","5","上海"
"人民的世纪:报道国内外民主消息，记载全世界解放运动:侨报抗议美国虐杀华侨","M.H.","国讯","1947","第413期","8","上海"
"澳门:冒险家的乐园(澳门通讯)","鲍威尔","国讯","1947","第430期","9","上海"
"人民的世纪:报道国内外民主消息，记载全世界解放运动:武大教授会宣言","M.H.","国讯","1947","第417期","11","上海"
"英美与印尼之战","闵军","国讯","1947","第432期","7","上海"
"两条道路和两种斗争(一周时事提要)","石啸冲","国讯","1947","第430期","10-11","上海"
"可以令我们感受刺激和借以为鉴的几件事","江问渔","国讯","1947","第427期","3","上海"
"野村使美回忆录(未完)","罗多夫 苏新","国讯","1947","第422期","11","上海"
"国大后台见闻录:十一月廿一日……","非非","国讯","1947","第442期","9","上海"
"打不得了!","卫玉","国讯","1947","第414期","2-3","上海"
"说亮话:生物都在要求晴和而光明:参政会驻会委员会纪要","黄炎培","国讯","1947","第422期","封1","上海"
"人民的世纪:报道国内外民主消息，记载全世界解放运动:蓉人权保障会通电全国","M.H.","国讯","1947","第442期","11","上海"
"人民的世纪:报道国内外民主消息，记载全世界解放运动:法政府提报业新宪章","M.H.","国讯","1947","第422期","12","上海"
"人民的世纪:报道国内外民主消息，记载全世界解放运动:民盟中委范朴斋等被释","M.H.","国讯","1947","第419期","11","上海"
"人民的世纪:报道国内外民主消息，记载全世界解放运动:小教联抗议开会被禁","M.H.","国讯","1947","第431期","11","上海"
"人民的世纪:报道国内外民主消息，记载全世界解放运动:英议员答大公报问","M.H.","国讯","1947","第418期","11","上海"
"再谈工商业出路","龟溪","国讯","1947","第421期","4-5","上海"
"人民的世纪:报道国内外民主消息，记载全世界解放运动:大公报要求新闻自由","M.H.","国讯","1947","第417期","11","上海"
"人民的世纪:报道国内外民主消息，记载全世界解放运动:参政会和平提案","M.H.","国讯","1947","第415期","8","上海"
"法越之战与美国:“注目越南的独立运动”下篇","Lewis，A. 文骊","国讯","1947","第443期","9","上海"
"人民的世纪:报道国内外民主消息，记载全世界解放运动:美报评蒋主席谈话","M.H.","国讯","1947","第425期","11","上海"
"一个庄严而沈痛的提案:一位老参政员的私人笔记(之二)","方登朋","国讯","1947","第416期","2","上海"
"今日的新疆","Rand，C. 王民","国讯","1947","第435期","7-8","上海"
"论法意两国罢工斗争","石仲子","国讯","1947","第443期","10-11","上海"
"新闻之窗:“马歇尔计划”","柏舟","国讯","1947","第436期","12","上海"
"共产党在做什么?","群生","国讯","1947","第423期","9","上海"
"天下繁华第一的纽约市:“美国内幕”之二:原作者约翰·根室:[照片]","国讯","1947","第425期","8",NA,"上海"
"说亮话:国格和民意","黄炎培","国讯","1947","第425期","封1","上海"
"人民的世纪:报道国内外民主消息，记载全世界解放运动:日本民意测验揭晓","M.H.","国讯","1947","第426期","11","上海"
"美军撤离中国此其时矣","Peffer，N. 蒸","国讯","1947","第426期","5","上海"
"人民的世纪:报道国内外民主消息，记载全世界解放运动:民社党革新派发表时局意见","M.H.","国讯","1947","第425期","11","上海"
"苞桑随笔:自箴语","抱一","国讯","1947","第424期","11","上海"
"人民的世纪:电力工人抗议同工被捕","M.H.","国讯","1947","第433期","11","上海"
"动荡不安中的华南","Powell.J.W. 文骊","国讯","1947","第431期","8-9","上海"
"人民的世纪:报道国内外民主消息，记载全世界解放运动:约大学生向美军提出三要求","M.H.","国讯","1947","第431期","11","上海"
"诗:愿言四首","黄炎培","国讯","1947","第413期","2","上海"
"人民的世纪:报道国内外民主消息，记载全世界解放运动:郝钦斯警告和平不能收买","M.H.","国讯","1947","第444期","19","上海"
"人民的世纪:报道国内外民主消息，记载全世界解放运动:民主同盟招待记者会","光祖","国讯","1947","第412期","8","上海"
"一周间叶事研究提纲:防共试验所","石啸冲","国讯","1947","第413期","6","上海"
"人民的世纪:报道国内外民主消息，记载全世界解放运动:大学生的对日问题意见","M.H.","国讯","1947","第428期","10","上海"
"一发:[诗词]","苏渊雷","国讯","1947","第417期","4","上海"
"人民的世纪:报道国内外民主消息，记载全世界解放运动:华莱士吁请组党","M.H.","国讯","1947","第416期","8","上海"
"人民的世纪:报道国内外民主消息，记载全世界解放运动:中小学教师的意见","M.H.","国讯","1947","第417期","11","上海"
"人民的世纪:报道国内外民主消息，记载全世界解放运动:郭沫若谈保障人权","M.H.","国讯","1947","第413期","8","上海"
"人民的世纪:报道国内外民主消息，记载全世界解放运动:美国民意测验结果","M.H.","国讯","1947","第421期","12","上海"
"人民的世纪:报道国内外民主消息，记载全世界解放运动:巴尔干各国的经济复兴","M.H.","国讯","1947","第421期","12","上海"
"值得重视而且同情的武大教授会宣言","江问渔","国讯","1947","第421期","3","上海"
"美国贷款的能力","Hall，A. 蒸","国讯","1947","第421期","4","上海"
"工商家应该找正当的出路(从工业协会请求说起)","黾溪","国讯","1947","第411期","7","上海"
"一周间时事研究提纲:考虑正多","石啸冲","国讯","1947","第416期","7","上海"
"迎接新的时代:新的五四运动","吴耀宗","国讯","1947","第413期","2-3","上海"
"茅盾先生访问记(附照片)","陈曦","国讯","1947","第412期","7","上海"
"跪在国父遗像面前干什么:一位老参政员的私人笔记(之四)","方登朋","国讯","1947","第418期","7","上海"
"他山之石:自求灾难","王民","国讯","1947","第416期","3","上海"
"答读者萧先生投书:异哉所谓中共地下斗争路线纲领","国讯","1947","第413期","7",NA,"上海"
"人民的世纪:报道国内外民主消息，记载全世界解放运动:农工民主党时局宣言","光祖","国讯","1947","第412期","8","上海"
"旧事新话:在汉朝司马迁史记项羽本纪里有这样一段记载……","补斋","国讯","1947","第413期","3","上海"
"新闻人物偶拾:内幕记者根室与“美国内幕”","方芳","国讯","1947","第428期","3-4","上海"
"人民的世纪:报道国内外民主消息，记载全世界解放运动:平津愤慨沈案原判撤销","M.H.","国讯","1947","第427期","11","上海"
"殖民地解放战争的第一线:今日的印尼","扬庶威","国讯","1947","第424期","9-11","上海"
"一周间时事研究提纲:困难的问题","石啸冲","国讯","1947","第425期","10","上海"
"人民的世纪:报道国内外民主消息，记载全世界解放运动:民盟领袖晤魏德迈","M.H.","国讯","1947","第425期","11","上海"
"魏德迈来华问题:座谈会纪录","鹤如 王民","国讯","1947","第424期","2-3","上海"
"人民的世纪:报道国内外民主消息，记载全世界解放运动:华莱士反对西半球军备统一","M.H.","国讯","1947","第427期","11","上海"
"苞桑随笔:自自箴语(三)","抱一","国讯","1947","第426期","3","上海"
"好战与非战两条路线我们应该走那一条?","俞寰澄","国讯","1947","第411期","2","上海"
"陶行知不死(附照片)","黄炎培","国讯","1947","第424期","6-7","上海"
"“吾志未酬人已苦，东南到处有啼痕!”且看:今日的东北","扬庶威","国讯","1947","第423期","7-8","上海"
"人民的世纪:报道国内外民主消息，记载全世界解放运动:美报反对美国援华","M.H.","国讯","1947","第424期","12","上海"
"人民的世纪:报道国内外民主消息，记载全世界解放运动:张东荪自平抵沪","M.H.","国讯","1947","第423期","12","上海"
"站在恐慌和阴谋之外:今日的苏联","扬庶威","国讯","1947","第429期","5-7","上海"
"人民的世纪:报道国内外民主消息，记载全世界解放运动:港工商界讨论对日贸易","M.H.","国讯","1947","第428期","10","上海"
"自由在中国","国讯","1947","第428期","4",NA,"上海"
"记泛东南亚联盟","林达","国讯","1947","第441期","6","上海"
"战局一周:陇海线张弘不定","潮声","国讯","1947","第435期","6","上海"
"时事一周:欧洲危机与金元的测验","石啸冲","国讯","1947","第436期","10","上海"
"人民的世纪:报道国内外民主消息，记载全世界解放运动:胡志明拒绝越督要求","M.H.","国讯","1947","第431期","11","上海"
"战局一周:胶东激战未已","潮声","国讯","1947","第441期","3","上海"
"人民的世纪:德青年反对分裂德国","M.H.","国讯","1947","第443期","11","上海"
"人民的世纪:报道国内外民主消息，记载全世界解放运动:埃及报纸抨击英美政策","M.H.","国讯","1947","第442期","11","上海"
"夏利富丁给我的印象:印尼总理夏利富丁:[照片]","国讯","1947","第442期","7",NA,"上海"
"日本会十一月政变吗?:平野被革职事件之透视","林焕平","国讯","1947","第440期","7","上海"
"编辑室启:一、高天风高汉诺二先生……","国讯","1947","第439期","8",NA,"上海"
"“战贩”列传(1):蒲立特(中篇):及其“明哲”的中国报导","老百姓 MH","国讯","1947","第438期","9","上海"
"人民的世纪:平津罢课抗议于案","M.H.","国讯","1947","第439期","11","上海"
"晓:这，是什么时候……:[诗歌]","黄炎培","国讯","1947","第438期","12","上海"
"注目越南的独立运动","Lewis，A. 文骊","国讯","1947","第442期","6","上海"
"英缅关系的新发展","叶耳肖夫 苏新","国讯","1947","第441期","8","上海"
"前尘影事话当年","卫玉","国讯","1947","第444期","2-3","上海"
"人民的世纪:华莱士斥美外交政策","M.H.","国讯","1947","第443期","11","上海"
"胡适之又一直觉","陈行健","国讯","1947","第443期","3","上海"
"人民的世纪:报道国内外民主消息，记载全世界解放运动:台湾筹组民主自治同盟","M.H.","国讯","1947","第442期","11","上海"
"人民的世纪:报道国内外民主消息，记载全世界解放运动:拉斯基谈援欧条件","M.H.","国讯","1947","第442期","11","上海"
"人民的世纪:报道国内外民主消息，记载全世界解放运动:营救被捕民主人士","光祖","国讯","1947","第412期","8","上海"
"第三次世界大战因素果能消灭么:调和世界两大思潮的伟大使命","黄炎培","国讯","1947","第420期","3","上海"
"人民的世纪:报道国内外民主消息，记载全世界解放运动:巡回演说获得成功","M.H.","国讯","1947","第418期","11","上海"
"一周间时事研究提纲:新疆事件","石啸冲","国讯","1947","第418期","9","上海"
"论资本主义世界的矛盾","(捷)Kardy 无垢","国讯","1947","第436期","4","上海"
"座谈会纪录:对日贸易与对日和约","王民 沈鹤如","国讯","1947","第431期","4-5","上海"
"青岛:难民和美兵的世界(青岛通讯)","伟夫","国讯","1947","第431期","7","上海"
"时事一周:外交姿态与坚持立场","石啸冲","国讯","1947","第432期","10","上海"
"人民的世纪:宋庆龄否认参加竞选","M.H.","国讯","1947","第432期","11","上海"
"人民的世纪:报道国内外民主消息，记载全世界解放运动:民盟抗议盟员被捕","M.H.","国讯","1947","第429期","11","上海"
"暹罗纵横谈(盘谷通讯)","王民","国讯","1947","第430期","10","上海"
"新印度的领袖","方芳","国讯","1947","第427期","9","上海"
"苞桑随笔:自箴语(五)","抱一","国讯","1947","第428期","5","上海"
"人民的世纪:华莱士斥武力政策","M.H.","国讯","1947","第436期","11","上海"
"华莱士传(三)","Kingdom，F. 小鱼","国讯","1947","第435期","9","上海"
"民主列强的斗鸡场:暹罗","潘光祖","国讯","1947","第433期","5-6","上海"
"“知识分子和农民携手”结果怎样呢?","江问渔","国讯","1947","第432期","3-4","上海"
"今日的英国","扬庶威","国讯","1947","第428期","7-8","上海"
"美国对远东扩张的基地:日本","林焕平","国讯","1947","第436期","5","上海"
"欧洲九国共产党会议宣言客观的阐微","黄炎培","国讯","1947","第436期","6-7","上海"
"人民的世纪:报道国内外民主消息，记载全世界解放运动:农业界呼吁和平","M.H.","国讯","1947","第420期","11","上海"
"英国人为什么欢迎华莱士?","(英)卡通 陈时臬","国讯","1947","第420期","4","上海"
"英国内情和英美关系","(美)波伊 上苑","国讯","1947","第420期","5-6","上海"
"一周间时事研究提纲:法国的阴谋案","石啸冲","国讯","1947","第421期","10","上海"
"医生和病人(续)","白薇","国讯","1947","第421期","11","上海"
"旧诗新话:蚕妇吟","补斋 谢叠山","国讯","1947","第422期","12","上海"
"苞桑随笔:服务箴言:赠某银行同人","抱一","国讯","1947","第423期","11","上海"
"人民的世纪:报道国内外民主消息，记载全世界解放运动:原子科学家发出警告","M.H.","国讯","1947","第421期","12","上海"
"苞桑随笔:他不过说了一句真话","抱一","国讯","1947","第421期","3","上海"
"一周间时事研究提纲:魏德迈来华","石啸冲","国讯","1947","第422期","10","上海"
"人民的世纪:报道国内外民主消息，记载全世界解放运动:人权保障会举行座谈会","M.H.","国讯","1947","第420期","11","上海"
"人民的世纪:报道国内外民主消息，记载全世界解放运动:黄炎培致函参会秘书长","M.H.","国讯","1947","第420期","11","上海"
"送行:[诗歌]","穆歌","国讯","1947","第420期","9","上海"
"人民的世纪:报道国内外民主消息，记载全世界解放运动:马叙伦等再度呼吁和平","M.H.","国讯","1947","第420期","11","上海"
"人民的世纪:印尼总理号召巩固共和国","M.H.","国讯","1947","第443期","11","上海"
"当前世界四大问题:从一本名著看战后的世界","林焕平","国讯","1947","第442期","4-5","上海"
"国父诞辰感言:其何以仰慰中山先生在天之灵?","江问渔","国讯","1947","第439期","2","上海"
"人民的世纪:周鲸文否认协助共党","M.H.","国讯","1947","第435期","11","上海"
"人民的世纪:报道国内外民主消息，记载全世界解放运动:反对勒令停学签名运动","M.H.","国讯","1947","第428期","10","上海"
"人民的世纪:报道国内外民主消息，记载全世界解放运动:暨大解聘教授书面谈话","M.H.","国讯","1947","第426期","11","上海"
"世界一周:新法西斯运动中的变乱","司马天籁","国讯","1947","第440期","10","上海"
"谣言从大巴山那边来(本刊特约成教航讯)","巴客","国讯","1947","第438期","4-6","上海"
"人民的世纪:京沪学生的反应","M.H.","国讯","1947","第439期","11","上海"
"新闻之窗:暹罗的法西斯政变","火凤","国讯","1947","第439期","12","上海"
"军事第一?教育第一?","卫玉","国讯","1947","第423期","2","上海"
"再论“享受”","江问渔","国讯","1947","第423期","6","上海"
"人民的世纪:报道国内外民主消息，记载全世界解放运动:李何联名致书军政人员","M.H.","国讯","1947","第422期","12","上海"
"人民的世纪:报道国内外民主消息，记载全世界解放运动:李滋罗斯论中国经济","M.H.","国讯","1947","第421期","12","上海"
"战局一周:东北密云浓雾","潮声","国讯","1947","第439期","6","上海"
"人民的世纪:昆明学生列队请愿","M.H.","国讯","1947","第439期","11","上海"
"中国经济情况的检讨","Tsao，F.L. 王民","国讯","1947","第428期","6","上海"
"说亮话:此时人类应该发挥最高智慧了","江问渔","国讯","1947","第426期","封1","上海"
"人民的世纪:报道国内外民主消息，记载全世界解放运动:学联向魏德迈提备忘录","M.H.","国讯","1947","第427期","11","上海"
"一年来的学生运动","Tsao，F.L. 蒸","国讯","1947","第439期","4","上海"
"战局一周:东北战局在演变中","潮声","国讯","1947","第438期","2","上海"
"人民的世纪:世界学联向中国学生致敬","M.H.","国讯","1947","第437期","11","上海"
"“黄花心事有谁知”","黄炎培","国讯","1947","第440期","2-3","上海"
"于子三君之死:于子三君惨死遗容:[照片]","国讯","1947","第440期","4",NA,"上海"
"苞桑随笔:勿侮辱青年","抱一","国讯","1947","第422期","2","上海"
"一周间时事研究提纲:野心的复活","石啸冲","国讯","1947","第419期","6","上海"
"中国在美存款究有多少?这些存款是属于谁的?","国讯","1947","第419期","9",NA,"上海"
"人民的世纪:北平教授吁请尊重人权","M.H.","国讯","1947","第439期","11","上海"
"响应本刊经费公开建议(第九号)","国讯","1947","第439期","12",NA,"上海"
"人民的世纪:报道国内外民主消息，记载全世界解放运动:张澜发表书面谈话","M.H.","国讯","1947","第422期","12","上海"
"美国舆论界透露的对华援助的真相与前途","朱凤鸣","国讯","1947","第421期","7","上海"
"人民的世纪:上海工协抗议职工被捕","M.H.","国讯","1947","第434期","11","上海"
"人民的世纪:华莱士再责美政策","M.H.","国讯","1947","第434期","11","上海"
"读者之声:马夷老投书","叙伦","国讯","1947","第434期","12","上海"
"浙大于子三案纪要:淒风苦雨到天堂","王民","国讯","1947","第439期","4","上海"
"战局一周:石庄紧急关头","潮声","国讯","1947","第439期","6","上海"
"人民的世纪:报道国内外民主消息，记载全世界解放运动:学联告同学同胞书","M.H.","国讯","1947","第442期","11","上海"
"民盟自动解散了","潮声","国讯","1947","第438期","2","上海"
"人民的世纪:贝柏提和平计划","M.H.","国讯","1947","第436期","11","上海"
"琼崖·山水·人物:海南岛黎人西侾族女子之耳饰:[照片]","国讯","1947","第419期","9",NA,"上海"
"说亮话:有权的是谁呢?","黄炎培","国讯","1947","第419期","封1","上海"
"人民的世纪:报道国内外民主消息，记载全世界解放运动:卡尔逊遗书忠告","M.H.","国讯","1947","第418期","11","上海"
"人民的世纪:报道国内外民主消息，记载全世界解放运动:人民团体时局宣言","M.H.","国讯","1947","第417期","11","上海"
"爱:幼年的时候……:[诗歌]","李白凤","国讯","1947","第437期","9","上海"
"人民的世纪:美官方对民盟之观感","M.H.","国讯","1947","第438期","11","上海"
"保卫联合国宪章与欧洲的出路","(英)Dutt，P.","国讯","1947","第436期","6","上海"
"“战贩”列传(1):蒲立特(上篇)及其“明哲”的中国报导(附照片)","老百姓 MH","国讯","1947","第437期","9","上海"
"西北高等教育的低落","Jinseng，L.","国讯","1947","第438期","12","上海"
"一周间时事研究提纲:“走向法西斯主义的第一步”","石啸冲","国讯","1947","第420期","9","上海"
"我们应该怪什么?","马寅初 江流","国讯","1947","第419期","3","上海"
"“吃了砒霜药老虎”","张絅伯","国讯","1947","第437期","8","上海"
"当前经济问题的分析","马寅初","国讯","1947","第438期","4","上海"
"人民的世纪:美退伍军人呼吁杜史会晤","M.H.","国讯","1947","第436期","11","上海"
"人民的世纪:民盟马来亚支部成立","M.H.","国讯","1947","第436期","11","上海"
"南朝鲜的现状(汉城航讯)","Deane，H. M.H.","国讯","1947","第442期","8","上海"
"战局一周:长江中心设防","潮声","国讯","1947","第441期","3","上海"
"印尼工人的呼声:给全世界工人的一封公开信","张演","国讯","1947","第442期","8","上海"
"为民盟问题宣言北平各大学教授:对宣布民盟非法应重作决定纵被角散亦须公平处理善后恢弘气度是贤明执政的作风","国讯","1947","第439期","3",NA,"上海"
"漫天风雨话南方:从公报中看南中国的叛乱与匪氛","火凤","国讯","1947","第438期","5","上海"
"今日的福建省","Sheng，C.F. 杨","国讯","1947","第438期","6","上海"
"人民的世纪:民盟总部宣布解散","M.H.","国讯","1947","第439期","11","上海"
"法国内争的新趋向","林焕平","国讯","1947","第437期","5","上海"
"人民的世纪:报道国内外民主消息，记载全世界解放运动:港民主团体电美请勿贷款","M.H.","国讯","1947","第420期","11","上海"
"关于沪市私校收费问题平议","问渔","国讯","1947","第428期","10-11","上海"
"华莱士传(四)","Kingdon，F. 小鱼","国讯","1947","第436期","9","上海"
"时事一周:混乱的国际交响曲","石啸冲","国讯","1947","第437期","10","上海"
"人民的世纪:黑人攻击美国歧视","M.H.","国讯","1947","第436期","11","上海"
"人民的世纪:李济琛检讨辛亥革命","M.H.","国讯","1947","第436期","11","上海"
"物价问题面面观","陈行健","国讯","1947","第439期","5","上海"
"人民的世纪:报道国内外民主消息，记载全世界解放运动:保民主青年决积极奋斗","M.H.","国讯","1947","第440期","11","上海"
"南朝鲜的政情","但尼 王民","国讯","1947","第433期","6-7","上海"
"人民的世纪:报道国内外民主消息，记载全世界解放运动:世界学联支援中国学运","M.H.","国讯","1947","第441期","11","上海"
"世界经济危机临近了","Kaim，J.R. 杨","国讯","1947","第439期","7","上海"
"人民的世纪:浙大一学生惨死狱中","M.H.","国讯","1947","第438期","11","上海"
"战局一周:石庄情势转紧张","潮声","国讯","1947","第438期","3","上海"
"战局一周:陇海东段突告紧张","潮声","国讯","1947","第439期","6","上海"
"人民的世纪:报道国内外民主消息，记载全世界解放运动:浙大学生罢课抗议陈案处判","M.H.","国讯","1947","第441期","11","上海"
"战局一周:平汉线山雨欲来、皖北形势复紧","潮声","国讯","1947","第441期","2-3","上海"
"共产党的经济攻势:平均地权","Zee，W.S. 侯朗如","国讯","1947","第441期","2-3","上海"
"王任叔事件纪实(吧城通信)","一苇","国讯","1947","第432期","4","上海"
"九一八的教训","岳光","国讯","1947","第431期","2","上海"
"人民的世纪:报道国内外民主消息，记载全世界解放运动:学联号召维护中国尊严","M.H.","国讯","1947","第429期","11","上海"
"战局一周:鲁东战火犹炽","潮声","国讯","1947","第436期","2","上海"
"人民的世纪:报道国内外民主消息，记载全世界解放运动:美对华政策的选择","M.H.","国讯","1947","第428期","10","上海"
"人民的世纪:报道国内外民主消息，记载全世界解放运动:美舆论评中国局势","M.H.","国讯","1947","第416期","8","上海"
"人民的世纪:民盟被宣布为非法组织","M.H.","国讯","1947","第437期","11","上海"
"说亮话:若要人不知除非己莫为","卫玉","国讯","1947","第440期","封1","上海"
"人民的世纪:报道国内外民主消息，记载全世界解放运动:政院通令保障人权","M.H.","国讯","1947","第429期","11","上海"
"美国的远东政策","仲子","国讯","1948","第452期","8","上海"
"世界一周:看西欧集团","司马天籁","国讯","1948","第448期","4","上海"
"人民的世纪:报道国内外民主消息，记载全世界解放运动:同济风潮继续中","M.H.","国讯","1948","第447期","2","上海"
"人民的世纪:苏联完成复员工作","M.H.","国讯","1948","第456期","8","上海"
"文化绿短波:名教授李广田三月廿四日在北平清华大学讲“谈报告文学”……","许寂","国讯","1948","第456期","14","上海"
"我在“解放区”的生活:一个被“解放”的老百姓看到的乡村生活与内战","杨珉华","国讯","1948","第451期","9-10","上海"
"人民的世纪:报道国内外民主消息，记载全世界解放运动:中大学生罢课扩大","M.H.","国讯","1948","第445期","2","上海"
"亮话:怀念中山先生","国讯","1948","第453期","封1",NA,"上海"
"纪念国际妇女节:需要行动与力量:为三八节作","陈时臬","国讯","1948","第452期","4","上海"
"对日问题座谈会","杨卫玉 杨珉华 丘山","国讯","1948","第449期","2-3","上海"
"人民的世纪:民盟三中全会闭幕","M.H.","国讯","1948","第449期","9","上海"
"人民的世纪:义工人抗议美舰驻义","M.H.","国讯","1948","第448期","4","上海"
"一周影剧:“人间地狱”……","谷方","国讯","1948","第454期","15","上海"
"我国币制可以在今日改进否","张絅伯","国讯","1948","第447期","6","上海"
"人民的世纪:浙大学生普选顺利完成","M.H.","国讯","1948","第455期","6","上海"
"人民的世纪:上海工协会为九龙事件宣言","M.H.","国讯","1948","第448期","3","上海"
"书报评介:“无尽的爱 :侣伦著","方东旭","国讯","1948","第450期","12","上海"
"一周影剧:还得转向人生跃动的脉膊","梅朶","国讯","1948","第457期","15","上海"
"人民的世纪:罗马尼亚新宪法草案公布","M.H.","国讯","1948","第454期","8","上海"
"人民的世纪:港民主人士致书赞扬华莱士","M.H.","国讯","1948","第454期","7","上海"
"亮话:给国人留些面子吧!","国讯","1948","第454期","封1",NA,"上海"
"人民的世纪:报道国内外民主消息，记载全世界解放运动:同济自治会改选风潮","M.H.","国讯","1948","第446期","2","上海"
"一九四八年的希望:一九四八年的希望:我对于一九四八年的希望是……","蔡尚思","国讯","1948","第445期","8","上海"
"人民的世纪:申九工人吁求援手","M.H.","国讯","1948","第452期","7","上海"
"人民的世纪:报道国内外民主消息，记载全世界解放运动:冯玉祥将作巡行演说","M.H.","国讯","1948","第447期","3","上海"
"一九四八年的希望:鉴往知来","林焕平","国讯","1948","第445期","10","上海"
"新闻人物:新任苏联大使罗申少将","方芳","国讯","1948","第452期","5","上海"
"新闻人物:战贩列传(2):伊登，麦克马宏，布洛克斯……","李惠林","国讯","1948","第445期","20","上海"
"东南西北:关于希特勒犹在人间的传说……","国讯","1948","第453期","10-11",NA,"上海"
"人民的世纪:平津学生集会民主广场","M.H.","国讯","1948","第450期","11","上海"
"以民族工业为中心问题来讨论","陈伯康","国讯","1948","第455期","2","上海"
"书报评介:“学习国文的新路”:孙起孟，庞翔勋合著","方东旭","国讯","1948","第448期","12","上海"
"人民的世纪:美名流反对援华","M.H.","国讯","1948","第457期","9","上海"
"战局一周:是役也鞍山继辽阳陷落","潮声","国讯","1948","第451期","8","上海"
"在国军的后方","Schoyer，B.P. 王民","国讯","1948","第447期","8","上海"
"敬向读者坦白申诉","国讯","1948","第453期","2",NA,"上海"
"人民的世纪:美劳联警告暴风雨将届","M.H.","国讯","1948","第449期","9","上海"
"随想录:一、不能祈祷","徐中玉","国讯","1948","第455期","14","上海"
"参考资料:土地改革方案","国讯","1948","第457期","6-7",NA,"上海"
"防止日本法西斯复活","石仲子","国讯","1948","第454期","10","上海"
"复谭后的中大","怡波","国讯","1948","第447期","7-8","上海"
"人民的世纪:世青联盟代表团将访中国","M.H.","国讯","1948","第454期","8","上海"
"民主来到云南","Shih，H.P.F. 王民","国讯","1948","第445期","16-17","上海"
"反对左倾冒险:“共匪”的职工运动新方针","微知","国讯","1948","第451期","7","上海"
"东西南北:这几天上海各报纷纷发表缅甸记者团的报告……","梅朶","国讯","1948","第455期","16","上海"
"纪念国际妇女节:三八节谈国际妇联","红花","国讯","1948","第452期","2-3","上海"
"人民的世纪:学生的控诉和责问","M.H.","国讯","1948","第452期","7","上海"
"人民的世纪:报道国内外民主消息，记载全世界解放运动:东京廿万工人大会","M.H.","国讯","1948","第445期","3","上海"
"一九四八年的希望:一九四八年的希望:风调雨顺，国泰民安","俞寰澄","国讯","1948","第445期","5","上海"
"太平洋的“战略美女”:华丽岛·台湾(上)","(苏)Galin，A. 火凤","国讯","1948","第451期","13","上海"
"人民的世纪:希腊民主军逼近雅典","M.H.","国讯","1948","第455期","7","上海"
"闲了:看超山梅花作:[诗歌]","黄炎培","国讯","1948","第452期","15","上海"
"响应本刊经费公开建议(第十二号)","国讯","1948","第447期","12",NA,"上海"
"从大巴山设防看川局(本刊特约成都通讯)","巴客","国讯","1948","第447期","10","上海"
"人民的世纪:美各工会领袖反对援华","M.H.","国讯","1948","第453期","6-7","上海"
"把握解决时局问题的关键:研究中国的土地问题","集纳者","国讯","1948","第446期","6","上海"
"马来亚解放运动领袖群像:马来亚统一战线领导人狄古鲁斯:[照片]","国讯","1948","第445期","18",NA,"上海"
"重庆二三事","吕汉","国讯","1948","第456期","13","上海"
"江上","苏枫","国讯","1948","第454期","14","上海"
"纪念国际妇女节:“三八”妇女节感想","景宋","国讯","1948","第452期","2","上海"
"T.V.宋访问香港","王思曙","国讯","1948","第445期","16","上海"
"台湾的统治与人民(下期续完)","Lanne，D.Y. 王民","国讯","1948","第450期","8","上海"
"“共军”什么时候渡长江","Lee，F. 杨珉华","国讯","1948","第450期","6，8，10","上海"
"亮话:救济问题","国讯","1948","第448期","封1",NA,"上海"
"宋子文重建粤军","过客","国讯","1948","第445期","16-17","上海"
"人民的世纪:保警同情工人学生","M.H.","国讯","1948","第451期","9","上海"
"人民的世纪:英民众不让法西斯演说","M.H.","国讯","1948","第451期","10","上海"
"人民的世纪:民盟缅支部成立","M.H.","国讯","1948","第448期","3","上海"
"发行特种贸易券计划","于彦威","国讯","1948","第446期","5","上海"
"战局一周:山雨欲来看战局","潮声","国讯","1948","第449期","8-9","上海"
"人民的世纪:何香凝等声援沪上事件","M.H.","国讯","1948","第451期","9","上海"
"战局一周:新春带来的战讯","潮声","国讯","1948","第450期","10","上海"
"上海劳资关系现状","荒漠","国讯","1948","第450期","3","上海"
"马来亚解放运动领袖群像:马来共产党代表张明今:[照片]","国讯","1948","第445期","18",NA,"上海"
"“独立”后的缅甸","Ivanov，K. 王民","国讯","1948","第454期","13","上海"
"美国经济恐慌的前奏曲","王思曙","国讯","1948","第451期","4-5","上海"
"亮话:不幸的三天","国讯","1948","第449期","封1",NA,"上海"
"人民的世纪:东南亚洲青年大会","M.H.","国讯","1948","第449期","9","上海"
"关于征兵","民声","国讯","1948","第450期","6-7","上海"
"台湾近貌","能","国讯","1948","第449期","10","上海"
"喊不出声音的人:记死去的陆濠和活着的陆濠们:[诗歌]","何慢","国讯","1948","第455期","5","上海"
"人民的世纪:美大学生要求停止援华","M.H.","国讯","1948","第451期","10","上海"
"美国态度和片山内阁","林焕平","国讯","1948","第449期","4","上海"
"一周影剧:“马路英雄”:这也算是暴露吗?","梅朶","国讯","1948","第457期","15","上海"
"文化短讯:上海:白报纸涨到三百五十万一令排印装订工资一律上腾……","红柳","国讯","1948","第452期","14","上海"
"迎一九四八年:[诗歌]","黄炎培","国讯","1948","第445期","2","上海"
"人民的世纪:国行员工呼吁恢复待遇","M.H.","国讯","1948","第453期","6","上海"
"日本的劳工生活与工会运动","王民","国讯","1948","第451期","6-7","上海"
"论金融新风暴","石仲子","国讯","1948","第452期","4","上海"
"新闻人物:华莱士的新助手泰勒","方芳","国讯","1948","第452期","5","上海"
"本刊经济公开四个月来的总结","国讯","1948","第447期","12",NA,"上海"
"人民的世纪:报道国内外民主消息，记载全世界解放运动:民盟在港召开大会","M.H.","国讯","1948","第446期","2","上海"
"书报春秋:“写作进修读本”:孙起孟、顾诗灵、蒋仲仁编著","林焕平","国讯","1948","第456期","15-16","上海"
"人民的世纪:政府颁布戡乱治罪条例","M.H.","国讯","1948","第455期","6","上海"
"人民的世纪:萧伯纳赞扬华莱士","M.H.","国讯","1948","第452期","7","上海"
"关于“中国经济”问题的商榷","陈行健","国讯","1948","第448期","8","上海"
"文化线:论“人性解放”运动","谢东平","国讯","1948","第452期","13","上海"
"文化短讯:香港:大公报香港版……","红柳","国讯","1948","第453期","14-15","上海"
"读者之声:国家行局员工的呼号","振声","国讯","1948","第455期","16","上海"
"人民的世纪:美对华政策五项决议","M.H.","国讯","1948","第449期","9","上海"
"人民的世纪:世界青年周在法开始","M.H.","国讯","1948","第456期","8","上海"
"人民的世纪:人权保障会向各界呼吁","M.H.","国讯","1948","第450期","11","上海"
"人民的世纪:美文艺界斥责非美活动会","M.H.","国讯","1948","第451期","9","上海"
"黄伯樵先生之一生(附照片)","秦翰才","国讯","1948","第451期","15","上海"
"艺术·艺术家·艺术运动","温肇桐","国讯","1948","第452期","14-15","上海"
"读者之声:和谣与美援","陈子久","国讯","1948","第452期","16","上海"
"参考资料:四、“共区”关于土地改革与整党实施办法的新指示(下期续完)","国讯","1948","第454期","6",NA,"上海"
"华莱士竞选总统(附照片)","石仲子","国讯","1948","第448期","6","上海"
"时代的悲剧(特写):同济自治会改选的风波","杨祖之","国讯","1948","第448期","11-12","上海"
"中国农村土地改革之研究","朱绍文","国讯","1948","第446期","6","上海"
"一九四八年的希望:国讯第十八年","冷遹","国讯","1948","第445期","10","上海"
"人民的世纪:金大学生成立学保会","M.H.","国讯","1948","第453期","6","上海"
"人民的世纪:报道国内外民主消息，记载全世界解放运动:五校发表劝募寒衣成绩","M.H.","国讯","1948","第446期","3","上海"
"人民的世纪:东京十万民众大游行","M.H.","国讯","1948","第455期","6","上海"
"历史的路只有一条","郭沫若","国讯","1948","第456期","9-10","上海"
"世界需要和平","望月","国讯","1948","第445期","11-12","上海"
"人民的世纪:报道国内外民主消息，记载全世界解放运动:专科学生向政府要书读","M.H.","国讯","1948","第447期","2","上海"
"人民的世纪:报道国内外民主消息，记载全世界解放运动:美以美教会要求和平措施","M.H.","国讯","1948","第447期","3","上海"
"人民的世纪:暹罗马来人发动民族运动","M.H.","国讯","1948","第450期","11","上海"
"人民的世纪:津工业家怀疑救济特捐","M.H.","国讯","1948","第452期","7","上海"
"马来亚解放运动领袖群像:马来觉醒妇女协会主席仄·珊晒亚:[照片]","国讯","1948","第445期","18",NA,"上海"
"人民的世纪:泰勒请麦帅魏德迈辞职","M.H.","国讯","1948","第453期","7","上海"
"对日问题中的三个错误意见","李正文","国讯","1948","第448期","5","上海"
"人民的世纪:华莱士抨击杜鲁门主义","M.H.","国讯","1948","第454期","7","上海"
"每周一谈:谓所行宪也者原来如此!","小詹","国讯","1948","第457期","2","上海"
"旧诗新话:黄仲则句、袁子才句","补斋","国讯","1948","第446期","11","上海"
"青岛:谁的天下?(本刊特约青岛通讯)","伟夫","国讯","1948","第447期","9","上海"
"人民的世纪:报道国内外民主消息，记载全世界解放运动:美进步势力拥护华莱士","M.H.","国讯","1948","第447期","3","上海"
"一九四八年的希望:一九四八年的希望:我以沉痛的心情送走了一九四七年……","马寅初","国讯","1948","第445期","4","上海"
"人民的世纪:纪念国父逝世发表的口号","M.H.","国讯","1948","第454期","7","上海"
"朝鲜职工运动视察记","王民","国讯","1948","第450期","4-5","上海"
"人民的世纪:蒙古共和国实施五年计划","M.H.","国讯","1948","第450期","11","上海"
"人民的世纪:埃及发生大暴动","M.H.","国讯","1948","第457期","9","上海"
"芦田均当选首相的内幕(附图)","林焕平","国讯","1948","第452期","9","上海"
"从民族资产阶级和劳工的处境，论今后的劳资合作问题","李丹","国讯","1948","第450期","2","上海"
"香港人士看和谣(香港通讯)","胡光","国讯","1948","第455期","9","上海"
"小黄村","(美)马丁 王民","国讯","1948","第448期","9-10","上海"
"人民的世纪:华北八大学致函丁文渊","M.H.","国讯","1948","第453期","6","上海"
"新闻人物:高德华:捷克的总理","雷遇春","国讯","1948","第457期","11","上海"
"世界一周:美国援华与希腊局势","司马天籁","国讯","1948","第445期","11","上海"
"法国在越南的泥足(西贡通讯)","(越)阮文化","国讯","1948","第455期","11-12","上海"
"远东局势的新变化","刘以德","国讯","1948","第452期","8","上海"
"谈“养士”","徐中玉","国讯","1948","第451期","14","上海"
"人民的世纪:报道国内外民主消息，记载全世界解放运动:中大罢课抗议校方措施","M.H.","国讯","1948","第446期","2-3","上海"
"编辑部启:一、本刊欢迎投寄地方通讯及内幕新闻……","国讯","1948","第455期","2",NA,"上海"
"编辑部启:朱绛先生……","国讯","1948","第445期","3",NA,"上海"
"从恋爱到结婚:谈解放区里的爱情(下)","(英)林赛 绿韵","国讯","1948","第457期","14-15","上海"
"世界一周:两条战绩的斗争","司马天籁","国讯","1948","第453期","7","上海"
"人民的世纪:英共青年批评工党政策","M.H.","国讯","1948","第457期","8","上海"
"一周影剧:怎样建立真正人民的友谊:评英国片“商女恨”","梅朶","国讯","1948","第456期","15","上海"
"战局一周:春雷催紧了战鼓","潮声","国讯","1948","第454期","7","上海"
"纪念国际妇女节:三八节感言","胡子婴","国讯","1948","第452期","3","上海"
"人民的世纪:美记者看中菲局势","M.H.","国讯","1948","第449期","9","上海"
"敬谢读者的热诚援助","国讯","1948","第455期","2",NA,"上海"
"书报评介:“世界史初步”:曹伯韩著","方东旭","国讯","1948","第451期","16","上海"
"一九四八年的希望:自己岗位上的希望","贾观仁","国讯","1948","第445期","8","上海"
"人民的世纪:报道国内外民主消息，记载全世界解放运动:拉铁摩尔反对援华","M.H.","国讯","1948","第447期","3","上海"
"不平鸣(三首):[诗歌]","黄炎培","国讯","1948","第446期","10","上海"
"学生竟殴市长乎?","潮声","国讯","1948","第449期","12","上海"
"一九四八年的希望:两点希望、希望一解","徐铸成 孙起孟","国讯","1948","第445期","9","上海"
"香港:国外的政治竞技场","王思曙 王民","国讯","1948","第447期","5","上海"
"雾之浦:卅七年一月八日上海夜景:[诗歌]","黄炎培","国讯","1948","第448期","2","上海"
"申论今后的劳资合作","李丹","国讯","1948","第451期","6-7","上海"
"论芦田内阁","林焕平","国讯","1948","第454期","9","上海"
"人民的世纪:南韩民主派抨击调查团","M.H.","国讯","1948","第450期","11","上海"
"光明伟大的同情与自由:纪念步惠廉先生(附照片)","黄炎培","国讯","1948","第447期","7","上海"
"人民的世纪:武大师生呼吁和平运动","M.H.","国讯","1948","第448期","3","上海"
"对日和约的两种态度","(苏)皮德尔斯基 苏新","国讯","1948","第445期","13","上海"
"新年词:一九四八年中华民国三十七年到临了……","国讯","1948","第445期","封1",NA,"上海"
"一九四八年的希望:一九四八年的希望:接国讯社函嘱就本题写“三言两语”……","潘震亚","国讯","1948","第445期","6","上海"
"一九四八年的希望:新年的希望","赵超构","国讯","1948","第445期","8","上海"
"人民的世纪:报道国内外民主消息，记载全世界解放运动:保民主青年同盟成立","M.H.","国讯","1948","第445期","3","上海"
"人民的世纪:报道国内外民主消息，记载全世界解放运动:清华学生再提反饥饿","M.H.","国讯","1948","第445期","3","上海"
"上海职业青年周记要","张敏","国讯","1948","第453期","11","上海"
"人民的世纪:民盟宣布今后方针","M.H.","国讯","1948","第451期","9","上海"
"人民的世纪:上海学生纪念“三·廿九”","M.H.","国讯","1948","第456期","8","上海"
"同济“一二九”案前后(附照片)","杨祖之","国讯","1948","第449期","6-7，5","上海"
"救济失学问题座谈会","杨珉华 孙蕴 丘山","国讯","1948","第451期","2-3","上海"
"人民的世纪:报道国内外民主消息，记载全世界解放运动:华莱士宣布竞选总统","M.H.","国讯","1948","第445期","2","上海"
"一九四八年的希望:新年世界展望","张志让","国讯","1948","第445期","9","上海"
"书报评介:从“中国作家”谈到文坛上的二三问题","方东旭","国讯","1948","第445期","19","上海"
"人民的世纪:张东荪未入社经研究会","M.H.","国讯","1948","第455期","6","上海"
"一九四八年的希望:人民大翻身年","方兴严","国讯","1948","第445期","6","上海"
"人民的世纪:报道国内外民主消息，记载全世界解放运动:菲农民领袖责罗哈斯","M.H.","国讯","1948","第447期","3","上海"
"人民的世纪:报道国内外民主消息，记载全世界解放运动:平津八大学反对自治会规则","M.H.","国讯","1948","第445期","2-3","上海"
"中国教育改革焦点何在?(征文当选)","邱克勤","国讯","1948","第455期","4","上海"
"纪念国际妇女节:三八妇女节的首创者蔡特金","彭慧","国讯","1948","第452期","2","上海"
"马来亚解放运动领袖群像:马来国民党主席巴哈努丁博士:[照片]","国讯","1948","第445期","18",NA,"上海"
"青岛危乎?华北危乎?(青岛通讯)","伟夫","国讯","1948","第455期","8-9","上海"
"人民的世纪:报道国内外民主消息，记载全世界解放运动:印工人抗议反民主法案","M.H.","国讯","1948","第446期","3","上海"
"人民的世纪:报道国内外民主消息，记载全世界解放运动:加轮不为中国运军火","M.H.","国讯","1948","第445期","3","上海"
"应“嗄”的一声:沈阳归客谈","黄炎培","国讯","1948","第454期","9","上海"
"一九四八年的希望:一九四八年的希望:(一)我愿……:[诗歌]","朱绍文","国讯","1948","第445期","4","上海"
"人民的世纪:美对华政策会反对援华","M.H.","国讯","1948","第448期","3","上海"
"一九四八年的希望:一九四八年的展望","李正文","国讯","1948","第445期","9","上海"
"通讯:苏北一瞥:民众已到了求生不得求死不能的地步","蒿目","国讯","1948","第452期","10","上海"
"马来亚解放运动领袖群像:泛马联合行动委员会主席陈祯禄:[照片]","国讯","1948","第445期","18",NA,"上海"
"文化短讯:中华全国文艺协会香港分会近举行春季文艺讲座……","红柳","国讯","1948","第454期","14","上海"
"亮话:工商之癌","国讯","1948","第455期","封1",NA,"上海"
"人民的世纪:报道国内外民主消息，记载全世界解放运动:美劳工学名支持华莱士","M.H.","国讯","1948","第447期","3","上海"
"希望上海工商界领袖来集体研究","马廷杰","国讯","1948","第455期","2","上海"
"人民的世纪:华侨相率再出洋","M.H.","国讯","1948","第455期","6","上海"
"编辑部启:一、土地问题特辑……","国讯","1948","第457期","9",NA,"上海"
"人民的世纪:菲游击队惊人发展","M.H.","国讯","1948","第449期","9","上海"
"人民的世纪:北韩宣布朝鲜新宪法","M.H.","国讯","1948","第450期","11","上海"
"世界一周:华盛顿的难题","司马天籁","国讯","1948","第446期","2","上海"
"人民的世纪:报道国内外民主消息，记载全世界解放运动:法民主政团援助民主希腊","M.H.","国讯","1948","第446期","3","上海"
"人民的世纪:留港民主派反对美借款","M.H.","国讯","1948","第450期","11","上海"
"你们都已经太晚了:悼圣雄甘地","黄炎培","国讯","1948","第449期","12","上海"
"一九四八年的希望:不能没有希望","张明养","国讯","1948","第445期","9","上海"
"编辑部启:(一)本刊增辟“文化线”栏……","国讯","1948","第452期","15",NA,"上海"
"人民的世纪:华莱士正式主张第三党","M.H.","国讯","1948","第448期","4","上海"
"五斗歌","黄炎培","国讯","1948","第456期","6","上海"
"同济学生的一个声明","国讯","1948","第455期","7",NA,"上海"
"人民的世纪:希民主军捷报频传","M.H.","国讯","1948","第457期","9","上海"
"正视九龙事件","孙殿伟","国讯","1948","第447期","5","上海"
"自由主义运动的批判在香港(香港通讯)","胡光","国讯","1948","第456期","12-13","上海"
"参考资料:一、中央督导各省实施土地改革计划","国讯","1948","第454期","4",NA,"上海"
"论张嘉璈的金融政策","华生","国讯","1948","第448期","7","上海"
"人民的世纪:旅法华侨反对美援","M.H.","国讯","1948","第457期","8","上海"
"晓光(诗)","黄炎培","国讯","1948","第454期","14","上海"
"马来亚解放运动领袖群像(续)(附照片)","南星","国讯","1948","第447期","11","上海"
"斥扶日谬论","林焕平","国讯","1948","第450期","7","上海"
"马来亚解放运动领袖群像(上篇已完)(附照片)","南星","国讯","1948","第445期","18-19","上海"
"人民的世纪:锡兰实行自治","M.H.","国讯","1948","第449期","9","上海"
"旧诗新话:汉王粲七哀诗中有这样几句","补斋","国讯","1948","第445期","15","上海"
"战局一周:风雨晦螟看战局","潮声","国讯","1948","第446期","3","上海"
"人民的世纪:报道国内外民主消息，记载全世界解放运动:义成立大众民主阵线","M.H.","国讯","1948","第445期","2","上海"
"书报评介:“郭沫若与鲁迅先生”:从“跨着东海”谈起:郭沫若等著","国讯","1948","第453期","15",NA,"上海"
"目前苏北政情(苏北通讯)","蕴平","国讯","1948","第452期","11","上海"
"世界一周:谜与阴谋的策略","司马天籁","国讯","1948","第447期","2","上海"
"浙东的匪患(浙东通讯)","霖萍","国讯","1948","第453期","9","上海"
"上海学生抗暴大示威纪要(附照片)","丘山","国讯","1948","第447期","4","上海"
"读者之声:又一次学生自治会的灾害","柏戈","国讯","1948","第454期","16","上海"
"美苏外交战的新展开","石仲子","国讯","1948","第449期","4-5","上海"
"人民的世纪:美人一致反对征兵","M.H.","国讯","1948","第456期","8","上海"
"和难战也不容易","陈行健","国讯","1948","第457期","4","上海"
"编辑部启:一、土地问题特辑(下)因时间性稿件拥到……","国讯","1948","第456期","4",NA,"上海"
"艰难的日子在开封","谢静安","国讯","1948","第447期","9-10","上海"
"人民的世纪:柏林群众亦有大游行","M.H.","国讯","1948","第455期","6-7","上海"
"东南亚各国青年大会纪详(印度加尔各答航信)","林莽","国讯","1948","第453期","12","上海"
"云南的土匪","Winkle，H. 王民","国讯","1948","第452期","10-11","上海"
"亮话:学费与教育","国讯","1948","第450期","封1",NA,"上海"
"人民的世纪:同济学生晋京请愿受阻","M.H.","国讯","1948","第449期","9","上海"
"各方面对中国土地问题意见","狄超白 陆诒 李伯球","国讯","1948","第446期","10","上海"
"人民的世纪:“国大”的离奇插曲","M.H.","国讯","1948","第456期","7-8","上海"
"人民的世纪:上海工协电星洲工人致敬","M.H.","国讯","1948","第452期","7","上海"
"论“儒主政治”","子久","国讯","1948","第448期","2","上海"
"参考资料:二、中央本年度农业土地贷款计划","国讯","1948","第454期","4",NA,"上海"
"战局一周:东北一片呼救声","潮声","国讯","1948","第452期","6","上海"
"“八一三”第八周年纪念特辑:抗战胜利后我国出版业的远景","傅彬然","国讯","1945","第396期","11","上海"
"时事解剖:从蔚蓝中的黯澹冲向光明的前途(自三月一日至十五日止)","梁公任","国讯","1945","第388期","12-15，7","上海"
"时事解剖:胜利与和平都不能分割(自四月十六日至三十日)(附图)","梁公任","国讯","1945","第391期","10-12","上海"
"南洋华侨团结问题","张礼千","国讯","1945","第385期","13-14","上海"
"经济之页:解救航业危机","秦柳方","国讯","1945","第393期","9-10","上海"
"英国保守党与工党的政见:建立一个新的英国","阿特里","国讯","1945","第395期","10-11","上海"
"大学毕业了怎么办?","邵嘉陵","国讯","1945","第394期","8-9","上海"
"时事解剖:团结合作，协调进步的浪潮激荡着整个世界(自六月十六日至三十日)","梁公任","国讯","1945","第395期","12-13，11","上海"
"各地通讯:逆流下的沙城:榆林","尚青禾","国讯","1945","第392期","13","上海"
"赶快团结粉碎敌寇企图","国讯","1945","第389期","2",NA,"上海"
"短评:旧金山会议与美国舆论","华","国讯","1945","第392期","3","上海"
"严密注意日本的阴谋","李凌飞","国讯","1945","第400期","18-19","上海"
"新年征文(一):我们当前应有的努力:明年为中国的民主胜利年","张西曼","国讯","1945","第383期","16","上海"
"都江学扎","黄炎培","国讯","1945","第384期","16-17","上海"
"理想政治与现实政治","严问天","国讯","1945","第387期","11-13","上海"
"昆明通讯:农民小市民的生活不解决，胜利与和平都将落空","李善卷","国讯","1945","第396期","18","上海"
"短评:希姆拉会议感言","澹","国讯","1945","第396期","3","上海"
"短评:团结前途的曙光","华","国讯","1945","第393期","2","上海"
"我们当前的重大课题","国讯","1945","第390期","2",NA,"上海"
"经济之页:生产迟滞与物价飞跃","齐纬","国讯","1945","第387期","16-17","上海"
"短评:用于建设方面的原子能","华","国讯","1945","第404期","4","上海"
"青年征文:怎样做个技术人材","肇世","国讯","1945","第386期","24-25","上海"
"大众呼声:为团结事进一方","千里","国讯","1945","第390期","14","上海"
"新年征文(三):我理想中之战后中国:创立经济的民主","祝世康","国讯","1945","第383期","22","上海"
"岩楼之夜:[诗歌]","黄炎培","国讯","1945","第404期","14","上海"
"短评:历史永远重复吗?","辉","国讯","1945","第402期","4-5","上海"
"关于赫尔利","小鱼","国讯","1945","第383期","14-15","上海"
"中国新闻记者信条(初稿)、读中国新闻记者信条致马星野函","马星野 黄炎培","国讯","1945","第384期","18-19","上海"
"我们应该护全国的领袖","潮声","国讯","1945","第384期","4-5","上海"
"韬奋逝世一周年哀词","黄炎培","国讯","1945","第396期","7","上海"
"日本何时无条件投降?","澹庐","国讯","1945","第393期","4","上海"
"生活需求自由与职业介绍:序职业介绍之理论与实施","黄炎培","国讯","1945","第393期","7","上海"
"职业学校中一位青年发明家","国讯","1945","第393期","9-10",NA,"上海"
"哀悼罗斯福总统:循着民主巨星照耀的道路继续前进!","梁公任","国讯","1945","第389期","3","上海"
"东南亚的大陆战场","张礼千","国讯","1945","第389期","10","上海"
"短评:美苏关系与世界大局","澹","国讯","1945","第404期","3","上海"
"短评:杜邱史柏林会议","澹","国讯","1945","第395期","2","上海"
"短论:迎接将来的胜利","辉","国讯","1945","第386期","3-4","上海"
"民主运动要下乡","镜民","国讯","1945","第396期","6-7","上海"
"庆祝胜利的国庆日:我们应该怎样想怎样做","俞颂华","国讯","1945","第400期","8-9","上海"
"战火中的苏联学校与儿童","爱思金 罗贝慈","国讯","1945","第390期","5-7","上海"
"新年征文(一):我们当前应有的努力:气象已更新作风勿照旧","树鹃","国讯","1945","第383期","19-20","上海"
"新年征文(三):我理想中之战后中国:各党休战，通力合作","夏炎德","国讯","1945","第383期","21","上海"
"编辑后记:自从美国总统罗斯福逝世……","国讯","1945","第394期","6",NA,"上海"
"短评:战后的边疆问题","新","国讯","1945","第390期","3，10","上海"
"争主动，打敌寇","国讯","1945","第384期","3",NA,"上海"
"新年征文(一):我们当前应有的努力:“践履笃实”","薛光前","国讯","1945","第383期","16","上海"
"新年征文(一):我们当前应有的努力:从速改正毛病!","陆诒","国讯","1945","第383期","18","上海"
"对和平建国的几点希望","俞颂华","国讯","1945","第403期","4","上海"
"短评:旧金山会议","华","国讯","1945","第391期","3","上海"
"世界一周:烟幕掩蔽不住真实","司天马籁","国讯","1948","第451期","8","上海"
"人民的世纪:报道国内外民主消息，记载全世界解放运动:美码头工人亦将拒运军火","M.H.","国讯","1948","第446期","3","上海"
"一九四八年的希望:一九四八年的希望:除了大家觉悟恢复和平……","夏炎德","国讯","1948","第445期","4","上海"
"人民的世纪:报道国内外民主消息，记载全世界解放运动:川大学生要求保障人权","M.H.","国讯","1948","第445期","3","上海"
"纵横话川局(本刊特约成都航讯)","巴客","国讯","1948","第453期","8-9","上海"
"“解放区”的土地改革","国讯","1948","第457期","6",NA,"上海"
"一九四八年的希望:一九四八年的希望:(一)全面停止内战……","施复亮","国讯","1948","第445期","6","上海"
"共匪土地改革目睹记","勉之","国讯","1948","第454期","2-3","上海"
"美国教育现状(纽约通讯)","陈选善","国讯","1948","第455期","11","上海"
"目前世界两大政治思潮是否有调和可能","白莽","国讯","1948","第453期","5","上海"
"人民的世纪:报道国内外民主消息，记载全世界解放运动:学生要求解决学费问题","M.H.","国讯","1948","第446期","2","上海"
"人民的世纪:报道国内外民主消息，记载全世界解放运动:浙大发生打人事件","M.H.","国讯","1948","第445期","3-4","上海"
"每周一谈:从美苏的冷战谈起","小詹","国讯","1948","第456期","2","上海"
"新第三方面的政治主张","国讯","1948","第456期","2-4",NA,"上海"
"战局一周:春暖花开战雾重重","潮声","国讯","1948","第456期","7","上海"
"响应本刊经费公开建议(第十一号)","国讯","1948","第445期","11",NA,"上海"
"浮力与实益","黄炎培","国讯","1948","第455期","3","上海"
"成长中的美国民主统一点战线(纽约通讯)(附照片)","冯一民","国讯","1948","第455期","10-11","上海"
"越南的法国人","Roth，A. 杨珉华","国讯","1948","第455期","13","上海"
"亮话:挽求民族危机与抗议九龙事件","国讯","1948","第447期","封1",NA,"上海"
"亮话:学生的伟大同情:由募寒衣到助学金运动","国讯","1948","第446期","封1",NA,"上海"
"人民的世纪:报道国内外民主消息，记载全世界解放运动:学联谈“修正自治会规则”","M.H.","国讯","1948","第446期","3","上海"
"书报评介:社会科学与实际社会:英国崩斯著","方东旭","国讯","1948","第446期","12","上海"
"一九四八年的希望:一九四八年的希望:假使中国尽三十七年一年之内……","沈嗣庄","国讯","1948","第445期","9","上海"
"亮话:到底给予老百姓们的是什么","国讯","1948","第456期","封1",NA,"上海"
"内战论","范承祥","国讯","1948","第456期","5-6","上海"
"一周影剧:评“黛绿年华”、“仙履奇缘”:一部非常有趣的苏联童话片","梅朶","国讯","1948","第455期","15","上海"
"人民的世纪:华莱士呼吁制止战争狂","M.H.","国讯","1948","第455期","7","上海"
"人民的世纪:史特朗文幼章反对援华","M.H.","国讯","1948","第448期","4","上海"
"一九四八年的希望:一九四八年的希望:一九四八年开始……","方显廷","国讯","1948","第445期","4","上海"
"太平洋的“战略美女”:华丽岛·台湾(下)","(苏)Galin，A. 火凤","国讯","1948","第452期","12","上海"
"美国经济恐慌与战争","望月","国讯","1948","第452期","5","上海"
"人民的世纪:报道国内外民主消息，记载全世界解放运动:美大学生争取集会自由","M.H.","国讯","1948","第445期","3","上海"
"对日和会问题:中国面临抉择","林焕平","国讯","1948","第445期","13-14","上海"
"亮话:土地改革决定一切","国讯","1948","第457期","封1",NA,"上海"
"通讯:中大的悲剧","怡波","国讯","1948","第445期","14","上海"
"谈谈“学生自治会规则”","白莽","国讯","1948","第445期","15","上海"
"随想录:二、路","徐中玉","国讯","1948","第455期","14","上海"
"旧诗新话:近年来苏北一带人民……","补斋","国讯","1948","第454期","15","上海"
"中国农村土地改革之研究","朱绍文","国讯","1948","第448期","7-8","上海"
"人民的世纪:华莱士派布隆克区获胜","M.H.","国讯","1948","第451期","9-10","上海"
"人民的世纪:华莱士援华违反民意","M.H.","国讯","1948","第452期","7","上海"
"读者之声:谈救济特捐","孙殿伟","国讯","1948","第453期","16","上海"
"论“土地法大纲”及“土地改革方案”","聂犇","国讯","1948","第457期","5","上海"
"平沪的教授们不要上当","曾昭抡","国讯","1948","第455期","3","上海"
"人民的世纪:港九妇女声援上海三事件","M.H.","国讯","1948","第450期","11","上海"
"世界一周:杜鲁门的好战政策","司马天籁","国讯","1948","第456期","8","上海"
"一九四八年的希望:为万世开太平","叶圣陶","国讯","1948","第445期","7","上海"
"人民的世纪:报道国内外民主消息，记载全世界解放运动:新加坡工人抵制运军火加轮","M.H.","国讯","1948","第446期","3","上海"
"亮话:纪念妇女节","国讯","1948","第452期","封1",NA,"上海"
"从形式到内容:台湾一瞥","Barnes，H. M.H.","国讯","1948","第449期","11","上海"
"人民的世纪:“民促会”又告分立、保卫自治学生组联防","M.H.","国讯","1948","第456期","7","上海"
"不堪回忆的参政会","黄炎培","国讯","1948","第457期","3","上海"
"一九四八年的希望:一九四八年的希望:流光如矢……","张絅伯","国讯","1948","第445期","5","上海"
"广州最大的丑闻","Cath，J. 杨华","国讯","1948","第445期","17","上海"
"人民的世纪:报道国内外民主消息，记载全世界解放运动:希腊临时民主政府成立","M.H.","国讯","1948","第445期","2","上海"
"嗄!:自从发表了上海二月分工人生活指数比较战前高……","黄炎培","国讯","1948","第453期","2","上海"
"东北的战局","王民","国讯","1948","第453期","10","上海"
"世界一周:帝国主义者的分裂政策","司马天籁","国讯","1948","第449期","8-9","上海"
"人民的世纪:报道国内外民主消息，记载全世界解放运动:劳协学联电加工人致敬","M.H.","国讯","1948","第446期","3","上海"
"扶日援华与控制世界:论美国最近在远东和西欧新攻势","林焕平","国讯","1948","第453期","3","上海"
"同济“一二九”案前后:一·二九不幸事件几个镜头:[照片四幅]","国讯","1948","第449期","7",NA,"上海"
"读者之声:反对美国扶助日本","范士宏","国讯","1948","第455期","16","上海"
"论中国的土地改革","施复亮","国讯","1948","第454期","2","上海"
"坚定地和是是非非的群众站在一起:三十七年三月廿一日在中华工商专科学校演讲记","黄炎培","国讯","1948","第456期","3","上海"
"人民的世纪:约大学生揭露民意调查内幕","M.H.","国讯","1948","第453期","6","上海"
"人民的世纪:美学生焚宪抗议歧视","M.H.","国讯","1948","第449期","9","上海"
"编辑部启:(一)李丹……","国讯","1948","第451期","7",NA,"上海"
"过去一年的国际形势","石仲子","国讯","1948","第445期","12","上海"
"世界一周:美帝国主义“冷战”","司马天籁","国讯","1948","第457期","9","上海"
"儿童节看中国儿童","孙蕴","国讯","1948","第457期","3","上海"
"“文艺的新方向”:荃麟乃超等著","方东旭","国讯","1948","第455期","14-15","上海"
"欧洲往那里去?","林焕平","国讯","1948","第455期","5","上海"
"人民的世纪:报道国内外民主消息，记载全世界解放运动:香港成立国民党革命委员会","M.H.","国讯","1948","第446期","2","上海"
"一九四八年的希望:祝国讯","杜守素","国讯","1948","第445期","10","上海"
"一九四八年的希望:“我已经胜了世界”:展望一九四八年","吴辉宗","国讯","1948","第445期","7","上海"
"纪念国际妇女节:如此纪念“三八”","海尼","国讯","1948","第452期","2","上海"
"恫吓与援华的奥秘","司马天籁","国讯","1948","第455期","6","上海"
"一九四八年的希望:希望","陈望道","国讯","1948","第445期","8","上海"
"人民的世纪:英属黄金海岸要求自治","M.H.","国讯","1948","第454期","8","上海"
"印度向那里去(新德里通讯)","Shah，H. 王民","国讯","1948","第453期","13","上海"
"战局一周:春云乍展的春战场","潮声","国讯","1948","第457期","8","上海"
"四川的马奇诺防线(重庆航讯)","江仁弘","国讯","1948","第455期","8","上海"
"世界一周:扩张政策的目标","司马天籁","国讯","1948","第450期","10-11","上海"
"人民的世纪:德国人民争取统一和平、伊拉克学生反对英伊同盟","M.H.","国讯","1948","第448期","4","上海"
"美国物价跌落的影响","李筠友","国讯","1948","第450期","7","上海"
"人民的世纪:旅杭学生公祭予子三","M.H.","国讯","1948","第457期","8","上海"
"人民的世纪:苦难中的东北学府","M.H.","国讯","1948","第457期","8","上海"
"马来亚解放运动领袖群像:全马马来农民协会主席慕沙·亚末:[照片]","国讯","1948","第445期","18",NA,"上海"
"记行宪国大中的绝食代表","浦熙修","国讯","1948","第457期","12-13","上海"
"人民的世纪:日本全国工潮澎湃","M.H.","国讯","1948","第456期","8","上海"
"东南亚青年团结起来了:东南亚各国青年大会纪详续篇","林莽","国讯","1948","第456期","10-11","上海"
"马来亚解放运动领袖群像:马来共产党巫人代表甘马路晒门:[照片]","国讯","1948","第445期","18",NA,"上海"
"战局一周:岁尾年头谈战局","潮声","国讯","1948","第445期","3","上海"
"“一·四”:浙大不幸事件纪要","国讯","1948","第446期","11",NA,"上海"
"论苏联币制改革","李正文","国讯","1948","第446期","4","上海"
"参考资料:“共区”关于土地改革与整党实施办法的新指示(续第四五四期)","国讯","1948","第457期","7",NA,"上海"
"人民的世纪:“美国是和平的威胁”","M.H.","国讯","1948","第457期","9","上海"
"谣言和事实:“苏联见闻录”序","茅盾","国讯","1948","第457期","14","上海"
"许昌争夺战(许昌通讯)","苏枫","国讯","1948","第451期","11-12","上海"
"再谈币制改革问题","张炯伯","国讯","1948","第451期","5","上海"
"日本国内矛盾的激荡","东阳","国讯","1948","第452期","9","上海"
"编辑部启:一、崇明于民……","国讯","1948","第450期","10",NA,"上海"
"年忌前夕看台湾","扬弃","国讯","1948","第449期","10-11","上海"
"中国的政治战","文骊","国讯","1948","第449期","5","上海"
"人民的世纪:平津罢教罢课罢工","M.H.","国讯","1948","第457期","8","上海"
"亮话:和谈!不太迟么?不太早么?","国讯","1948","第451期","封1",NA,"上海"
"诗:悼褚慧僧先生辅成立(五首)","黄炎培","国讯","1948","第457期","3","上海"
"人民的世纪:麦克阿瑟毕竟还要民主面具","M.H.","国讯","1948","第455期","7","上海"
"从恋爱到结婚:谈“解放区”里的爱情(待续)","(英)林赛 绿韵","国讯","1948","第456期","14","上海"
"人民的世纪:学生要读书，教师要吃饭","M.H.","国讯","1948","第448期","3","上海"
"上海学生抗暴大示威纪要:上海二万学生大示威的阵容:[照片]","国讯","1948","第447期","4",NA,"上海"
"人民的世纪:报道国内外民主消息，记载全世界解放运动:学生抗议九龙拆屋事件","M.H.","国讯","1948","第446期","3","上海"
"世界一周:民主的胜利和华府的焦急","司马天籁","国讯","1948","第452期","6-7","上海"
"人民的世纪:美一团体力促反对援华","M.H.","国讯","1948","第452期","7","上海"
"母哭子:苏北灌云灾区实写之一:[诗歌]","朱仲琴","国讯","1948","第453期","14-15","上海"
"政治民主与经济民主:复华桢先生","黄炎培","国讯","1948","第453期","16","上海"
"人民的世纪:民盟在港发表声明","M.H.","国讯","1948","第452期","7","上海"
"人民的世纪:德人要求公民投票决统一","M.H.","国讯","1948","第452期","7","上海"
"人民的世纪:欧洲华侨有反美举动","M.H.","国讯","1948","第455期","6","上海"
"读者服务:中华业余图书馆征求读者简讯","国讯","1948","第453期","16",NA,"上海"
"人民的世纪:东南亚青年大会开幕","M.H.","国讯","1948","第451期","10","上海"
"申新不幸事件纪详","云仙","国讯","1948","第450期","4-5","上海"
"人民的世纪:清寒学生提出要求三点","M.H.","国讯","1948","第450期","11","上海"
"日本现内阁的危机","林焕平","国讯","1948","第448期","5-6","上海"
"一周战局:大雪坚冰压不住战火蔓延","潮声","国讯","1948","第448期","3","上海"
"编辑部启:一、本刊出版第十八年纪念征文……","国讯","1948","第448期","3",NA,"上海"
"中共现阶段之“土地改革”运动","国讯","1948","第446期","7",NA,"上海"
"人民的世纪:美进步公民会拥护华莱士","M.H.","国讯","1948","第448期","4","上海"
"人民的世纪:报道国内外民主消息，记载全世界解放运动:二万学生抗暴示威游行","M.H.","国讯","1948","第447期","2","上海"
"人民的世纪:报道国内外民主消息，记载全世界解放运动:国际学联发动救济运动","M.H.","国讯","1948","第447期","3","上海"
"中国目前改革币制问题","石仲子","国讯","1948","第446期","4-5","上海"
"一九四八年的希望:一九四八年的希望:我希望在一九四八年……","吴泽","国讯","1948","第445期","9","上海"
"人民的世纪:古巴学生不容侵犯主权","M.H.","国讯","1948","第449期","9","上海"
"黄伯樵先生之一生:伯樵先生遗像:[照片]","国讯","1948","第451期","15",NA,"上海"
"对于中共土地法的看法、参考资料:中共的“土地法大纲”原文","国讯","1948","第446期","8-9",NA,"上海"
"人民的世纪:报道国内外民主消息，记载全世界解放运动:西大为狱中同学募捐","M.H.","国讯","1948","第447期","2","上海"
"为什么西德占领区不实行土地改革","巴甫洛夫","国讯","1948","第454期","3-4","上海"
"编辑部启:一、前期本刊方芳“新任苏联大使罗申少将”一文……","国讯","1948","第454期","8",NA,"上海"
"布拉格的春雷:捷克新民主势力是怎样获胜的","高向华","国讯","1948","第457期","10-11","上海"
"又要和读者诸君告别了","?","国讯","1948","第457期","1页","上海"
"人民的世纪:南京成立永久助学会","M.H.","国讯","1948","第456期","7","上海"
"人民的世纪:共产党也说保护工商","M.H.","国讯","1948","第456期","7","上海"
"战局一周:压得东来西又跷","潮声","国讯","1948","第447期","3","上海"
"一九四八年的希望:穷则变变则通","包达三","国讯","1948","第445期","4","上海"
"两个美国·两条路线·两极斗争","林焕平","国讯","1948","第456期","4-5","上海"
"旧诗新话:除夕诗","补齐","国讯","1948","第450期","9","上海"
"战争与和平的斗争","石仲子","国讯","1948","第450期","9","上海"
"人民的世纪:印度左翼成立统一战线","M.H.","国讯","1948","第451期","10","上海"
"战局一周:西北风云也变了!","潮声","国讯","1948","第453期","6","上海"
"人民的世纪:美国公民斥杜鲁门","M.H.","国讯","1948","第455期","7","上海"
"论九龙城惨案","石仲子","国讯","1948","第447期","4","上海"
"一九四八年的希望:一九四八年我的希望","彭慧","国讯","1948","第445期","10","上海"
"郭沫若论上海及其他(香港通讯)","徐学纯","国讯","1948","第453期","14","上海"
"新闻人物:芦田内阁人物志","国讯","1948","第454期","10",NA,"上海"
"涨风吹遍五羊城(广州航讯)","之谷","国讯","1948","第454期","12","上海"
"台湾的统治与人民(下)","Lanne，D.Y. 王民","国讯","1948","第451期","12","上海"
"胜利途上的越南人民(提岸通讯)","曾忆萍","国讯","1948","第455期","12","上海"
"中国的币制可以在今日改进否","侯国聪","国讯","1948","第453期","4","上海"
"同济学案听审记","丘山","国讯","1948","第454期","11-12","上海"
"人民的世纪:美国干涉加强了西国人民反抗","M.H.","国讯","1948","第453期","7","上海"
"战局一周:战火烧到大江边","潮声","国讯","1948","第455期","7","上海"
"打·骂","复庵","国讯","1948","第457期","2","上海"
"从义大利选举看世界","石仲子","国讯","1948","第457期","4","上海"
"人民的世纪:北大同学营救邓特","M.H.","国讯","1948","第456期","7","上海"
"参考资料:三、毛泽东关于土地改革与保障中小资产阶级的文告","国讯","1948","第454期","5-6",NA,"上海"
"人民的世纪:何香凝谈女女节感想","M.H.","国讯","1948","第454期","8","上海"
"人民的世纪:报道国内外民主消息，记载全世界解放运动:北非独立运动","M.H.","国讯","1948","第446期","3","上海"
"一九四八年的希望:我准备为中国历史写新页","吴绎","国讯","1948","第445期","5","上海"
"一九四八年的希望:一九四八年的希望:一九四七年随着伦敦外长会议的破裂与美国援欧法案的通过而匆匆消逝了……","沈体兰","国讯","1948","第445期","8","上海"
"短评:对日莫存幻想","华","国讯","1945","第391期","3","上海"
"汉皋来鸿:(上略)国军已进驻二月……","黄河清","国讯","1945","第402期","9","上海"
"短论:要打几个胜仗","华","国讯","1945","第386期","3","上海"
"时事解剖:胜利才获得了一半(自五月一日至五月十五日)","梁公任","国讯","1945","第392期","11-13","上海"
"青年征文:我爱读的书","周斧冰","国讯","1945","第386期","22-25","上海"
"安定·安定·安定:安定第一","光军","国讯","1945","第400期","11-13","上海"
"短评:还政于民","心","国讯","1945","第394期","3","上海"
"科学的营养","俞焕文","国讯","1945","第386期","20","上海"
"旧金山会议之性质","国讯","1945","第389期","16",NA,"上海"
"编辑后记:就目下国内的情形论……","国讯","1945","第389期","15",NA,"上海"
"经济之页:谈日用品物价","问梁","国讯","1945","第385期","8-9","上海"
"短评:怀念收复区同胞、不要忽视了生产","华","国讯","1945","第400期","5-6","上海"
"献给本届参政员，展望参政会潮声:吁请参政会促成三件事","澹庐","国讯","1945","第394期","4","上海"
"经济复员的前提与条件","陶大镛","国讯","1945","第402期","10-11","上海"
"老百姓再不能流血了","黄炎培","国讯","1945","第402期","5","上海"
"短评:国际现势与中国","华","国讯","1945","第403期","2-3","上海"
"新年征文(一):我们当前应有的努力:怎样迎接胜利之神","陶大镛","国讯","1945","第383期","19","上海"
"短评:能使不肖公仆逍遥法外么?","光","国讯","1945","第403期","2","上海"
"民主国家的军队","马歇尔","国讯","1945","第386期","16","上海"
"重庆动态:重庆人称抗战胜利为“放火炮”……","陈曦","国讯","1945","第403期","4","上海"
"高等教育的“量”与“质”","童润之","国讯","1945","第403期","9","上海"
"短评:“和平以后”","澹","国讯","1945","第402期","3","上海"
"短评:巨头会议与世界和平","华","国讯","1945","第404期","3-4","上海"
"农民的休养生息","秦柳方","国讯","1945","第402期","12-13，7","上海"
"为制止内战危机呼吁","俞颂华","国讯","1945","第402期","6-7","上海"
"短评:物价·工潮·煤荒","澹","国讯","1945","第402期","4","上海"
"短评:慎选收复区派遣人员","光","国讯","1945","第400期","5","上海"
"怎样复兴抗战后的金融事业","王沿津","国讯","1945","第396期","13","上海"
"短评:恢复交通","华","国讯","1945","第402期","3","上海"
"和平建设中之资本问题","王沿津","国讯","1945","第400期","17","上海"
"大学教育上的几个问题","周伯棣","国讯","1945","第385期","10-12","上海"
"短评:两种不正确的估计","澹","国讯","1945","第392期","8","上海"
"短论:读敌情报告感言","华","国讯","1945","第386期","4","上海"
"经济之页:由投机热狂说到诱导游资","齐纬","国讯","1945","第389期","8-9","上海"
"编辑后记:在春节中……","国讯","1945","第386期","6",NA,"上海"
"“八一三”第八周年纪念特辑:对于复兴抗战后上海出版业我的一点意见","吴清友","国讯","1945","第396期","10","上海"
"从军青年联语","友非","国讯","1945","第385期","15","上海"
"青年征文:怎样培养民主精神","尔咸","国讯","1945","第386期","21-22","上海"
"黔桂道上:[画图]","陈封雄","国讯","1945","第384期","19","上海"
"团结·和平·稳定","炎","国讯","1945","第388期","2","上海"
"谈片:失业问题","国讯","1945","第388期","22",NA,"上海"
"短评:争取新闻自由","华","国讯","1945","第389期","4","上海"
"南温泉客馆岁度:[诗词]","黄炎培","国讯","1945","第384期","19","上海"
"信箱:铲除贪污","胡大庆","国讯","1945","第384期","20-21","上海"
"短评:今后的朝鲜","炎培","国讯","1945","第389期","4","上海"
"短评:我们要把握现实","澹","国讯","1945","第389期","4，16","上海"
"本刊的新使命","国讯","1945","第400期","3",NA,"上海"
"英国保守党与工党的政见:请听从邱吉尔先生","阿希敦","国讯","1945","第395期","9-10","上海"
"纽约通讯:美国的社会经济及其他","国讯","1945","第391期","13",NA,"上海"
"乡长可拉壮丁以泄忿吗:是民主问题，是役政问题","戚陈德珍","国讯","1945","第388期","21","上海"
"短评:美国对日战略方针","华","国讯","1945","第388期","3","上海"
"回念中山先生的最后主张","引流","国讯","1945","第388期","6-7","上海"
"短评:宋院长访苏","华","国讯","1945","第395期","2","上海"
"大众呼声:大后方的买人卖人买卖人","隐民","国讯","1945","第392期","14","上海"
"法西斯军官对厌战的士兵说……:[画图]","国讯","1945","第388期","15",NA,"上海"
"大众+呼声:被裁人员怎样过活","谢尚光","国讯","1945","第388期","20","上海"
"苏联的复兴工作:重建工作中文化，首要地位","但维斯","国讯","1945","第396期","14-15","上海"
"成都通讯:未来的黄金西部:刘文辉主席谈西康","陈亦丹","国讯","1945","第394期","13","上海"
"茅盾先生五十寿言","俞颂华 杨卫玉 炎培","国讯","1945","第394期","6","上海"
"黄炎培先生致国共两党代表函","黄炎培","国讯","1945","第402期","封1","上海"
"短评:旧金山会议成功以后","华","国讯","1945","第395期","2-3","上海"
"一九四四年的世界要人","肯明斯","国讯","1945","第385期","20-23","上海"
"编辑后记:上期本刊，承各界读者欢迎……","国讯","1945","第384期","10",NA,"上海"
"短评:波茨坦会议","华","国讯","1945","第396期","2-3","上海"
"怎样复兴抗战后的文化事业","茅盾","国讯","1945","第396期","9","上海"
"中华职业教育社简史","杨卫玉","国讯","1945","第391期","14-15","上海"
"从物价与民生说到革命对象","俞颂华","国讯","1945","第391期","4-5","上海"
"杜鲁门与柏林会议","小鱼","国讯","1945","第394期","5-6","上海"
"造福全民的美国农业部:协助农民为全国谋衣食·发展地利增加原料生产","国讯","1945","第391期","8-9",NA,"上海"
"菁园四绝:[诗词]","黄炎培","国讯","1945","第388期","21","上海"
"团结与召开国大问题:评参政会对国大问题之决议","澹","国讯","1945","第396期","封1","上海"
"从国庆纪念谈到严惩汉奸","张明养","国讯","1945","第400期","14","上海"
"愿中国无内战·世界不反苏","俞颂华","国讯","1945","第392期","4-5","上海"
"短评:中东的悲剧","澹","国讯","1945","第393期","3","上海"
"谈片:贫富失均","国讯","1945","第388期","22-23",NA,"上海"
"短评:欢迎美报界代表团来华","华","国讯","1945","第388期","3-4","上海"
"“前进，永远向前进!”:悼罗曼罗兰","国讯","1945","第389期","14-15",NA,"上海"
"联合国会议的前夕","刘尊棋","国讯","1945","第386期","5-6","上海"
"时事解剖:国际协调决定国内结团(自七月一日至十五日)","梁公任","国讯","1945","第396期","15-18","上海"
"时事解剖:满天云雾渐开朗(自六月一日至十五日)","梁公任","国讯","1945","第394期","11-12","上海"
"论黄金政策的得失","李凌飞","国讯","1945","第389期","6-7","上海"
"短评:政府与民众","梁","国讯","1945","第391期","3","上海"
"旧金山会议前的应有努力:记镇江旅渝同乡会时事府谈","国讯","1945","第386期","12-13",NA,"上海"
"战局蠡测","张礼千","国讯","1945","第383期","9","上海"
"反攻胜利的三大前提","俞颂华","国讯","1945","第384期","8-10","上海"
"短评:苏美与苏日关系","澹","国讯","1945","第395期","3","上海"
"延安五日记(待续)","黄炎培","国讯","1945","第395期","4-5","上海"
"短评:宪政的先决问题","辉","国讯","1945","第387期","3","上海"
"编辑后记:过了新年……","国讯","1945","第385期","9",NA,"上海"
"经济之页:目前大后方的物价问题","问梁","国讯","1945","第386期","17-19","上海"
"经济之页:收复区的善后救济","秦柳方","国讯","1945","第394期","10","上海"
"时事解剖:还有一段艰难而曲折的路程(自五月十六日至三十一日)","梁公任","国讯","1945","第393期","11","上海"
"短评:英苏关系","澹","国讯","1946","第409/410期","4-5","上海"
"短评:要得民心须重民生","华","国讯","1946","第405期","4","上海"
"联合国必需圆满建成","夏孟辉","国讯","1946","第407/408期","11-12","上海"
"消灭思想的法西斯形式","孙起孟","国讯","1946","第405期","14","上海"
"短评:亚洲不安之因","澹","国讯","1946","第409/410期","5","上海"
"救济农村经济恐慌","何锦明","国讯","1946","第407/408期","13-14","上海"
"政治协商会议特辑之一:为什么不走这一条康庄大道","黄炎培","国讯","1946","第405期","15-16","上海"
"胜利第一年","光","国讯","1946","第405期","2","上海"
"大众呼声:对于国共商谈的期望:青年学生的呼吁","谢默衣","国讯","1946","第406期","15","上海"
"短评:真戏真做与假做","华","国讯","1946","第409/410期","5","上海"
"解决当前经济问题的关键","秦柳方","国讯","1946","第407/408期","15-16","上海"
"短评:谁是顽固分子","华","国讯","1946","第409/410期","5","上海"
"迎民国卅五年","俞颂华","国讯","1946","第405期","5-7","上海"
"毒焰余尽话厦门","曾尚贤","国讯","1946","第409/410期","26","上海"
"编辑后记:从本期的时事述评“新春看世局”……","国讯","1946","第407/408期","27-28",NA,"上海"
"在重庆见到的政治动态","俞颂华","国讯","1946","第409/410期","6","上海"
"治协商会议便笺","黄炎培","国讯","1946","第406期","2","上海"
"重庆点滴:较场口悲剧演出时……","陈曦","国讯","1946","第409/410期","12","上海"
"兰州通讯:新春话兰州:西北通讯之一","袁尘影","国讯","1946","第407/408期","28","上海"
"陪都动态:去年年初……","国讯","1946","第405期","10-13",NA,"上海"
"渝市花絮","国讯","1946","第406期","11-12",NA,"上海"
"莫忘建设抗战时的大后方","俞湘文","国讯","1946","第409/410期","23","上海"
"解除农民痛苦·复兴农村经济:农民节重庆报纸的迫切呼吁","湘文","国讯","1946","第409/410期","11-12","上海"
"短评:杜鲁门对华政策之声明","华","国讯","1946","第405期","3-4","上海"
"整军方案公布以后","夏孟辉","国讯","1946","第409/410期","16-17","上海"
"天赋民权与闻国是:民主建国会在渝成立:期表达公正不偏之主张:民主建国会成立宣言","国讯","1946","第405期","20-22",NA,"上海"
"联合国诞生与最近世界局势","澹庐","国讯","1946","第406期","8-9","上海"
"短评:阳光及不到下面","澹","国讯","1946","第407/408期","5","上海"
"好转中的中国局势","俞颂华","国讯","1946","第409/410期","13","上海"
"论中间派","施复亮","国讯","1946","第405期","12-13","上海"
"复员中的农村实况","锦明","国讯","1946","第409/410期","10","上海"
"为大批没饭吃的人呼吁","湘文","国讯","1946","第409/410期","20-21","上海"
"政治协商会议特辑之二:政治协商会议与国防新案:为联合增刊而作","张东荪","国讯","1946","第405期","17-18","上海"
"悼郁达夫与羊枣","俞颂华","国讯","1946","第407/408期","27","上海"
"沪渝纪行(未完待续)","少之","国讯","1946","第407/408期","29-30","上海"
"谈美棉贷款","秦柳方","国讯","1946","第406期","10","上海"
"北平通信:天津与天津人","张胆","国讯","1946","第406期","14-15","上海"
"优越感","孙起孟","国讯","1946","第407/408期","26","上海"
"短评:中外局势好转","澹","国讯","1946","第405期","3","上海"
"短评:雾重庆里的感觉","澹","国讯","1946","第409/410期","4","上海"
"编辑后记:本刊原名“救国通讯”……","国讯","1946","第405期","16",NA,"上海"
"澈底解决日本的农业土地问题","李善丰","国讯","1946","第407/408期","17-18","上海"
"中国农业改革问题:论所谓“国农民工”并质马毓萃先生","杨声远","国讯","1946","第409/410期","17-20","上海"
"政治协商会议特辑之三:政治协商会议的成败关键","俞颂华","国讯","1946","第405期","19","上海"
"投“标”圈乡长","汤","国讯","1946","第407/408期","32","上海"
"短评:工潮","潮声","国讯","1946","第407/408期","3","上海"
"短评:苛法废止以后","光","国讯","1946","第407/408期","5-6","上海"
"广州通讯:今日广州","洛思","国讯","1946","第409/410期","25-26","上海"
"短评:谁能不负责任?","光","国讯","1946","第406期","5","上海"
"全国国民要负起双重责任","国讯","1946","第409/410期","封1",NA,"上海"
"国际时事述评:世界和平机构联合国首次大会(二)","赤峰","国讯","1946","第409/410期","7-9","上海"
"当前美国的罢工和失业","姜庆湘","国讯","1946","第407/408期","22-25","上海"
"旁听者的报导:政治协商会议成就如何?","李凌飞","国讯","1946","第407/408期","19-21","上海"
"短评:怎样使今年大吉大利","澹","国讯","1946","第405期","3","上海"
"迎一九四六年:[诗歌]","黄炎培","国讯","1946","第406期","3","上海"
"短评:第二步怎么办","光","国讯","1946","第406期","4","上海"
"重庆花絮:重庆现无新闻检查……","国讯","1946","第407/408期","18-21",NA,"上海"
"天赋民权与闻国是:民主建国会在渝成立:期表达公正不偏之主张:民主建国会政纲","国讯","1946","第405期","22-24",NA,"上海"
"昆明航讯:云南人民渴望和平:枯竭的农村还在抽壮丁","胡钊","国讯","1946","第406期","13-14","上海"
"以信心和韧力迎此新年","孙起孟","国讯","1946","第405期","8-9","上海"
"短评:藏富于民","华","国讯","1946","第407/408期","6","上海"
"四强间最近紧张的关系","赤峰","国讯","1946","第409/410期","14-15","上海"
"建国的基本问题","夏孟辉","国讯","1946","第405期","10-11","上海"
"短评:惭愧欢迎马歇尔","光","国讯","1946","第407/408期","4","上海"
"渝文化界对政治协商会议的陈辞","国讯","1946","第406期","16",NA,"上海"
"大众呼声:对时局建议","蒋克仁","国讯","1946","第407/408期","31-32","上海"
"世界和平机构联合国首次大会(一):内部各重要机构成立的经过，伊朗问题使大会遭逢重大试验","赤峰","国讯","1946","第407/408期","8-11","上海"
"三强合作与中国","国讯","1946","第407/408期","2",NA,"上海"
"短评:今后的科学建设","华","国讯","1946","第406期","5","上海"
"陪都民主的风云晴雨","凌飞","国讯","1946","第409/410期","24-25","上海"
"公言:中年人太惭愧了","国讯","1946","第409/410期","2",NA,"上海"
"渝沪纪行(续)","少之","国讯","1946","第409/410期","27-32","上海"
"大学教育怎样民主化?","陶大镛","国讯","1946","第409/410期","22","上海"
"短评:怀念中山先生","光","国讯","1946","第409/410期","3","上海"
"编辑后记:人心厌乱……","国讯","1946","第409/410期","9",NA,"上海"
"短评:宪法与宪政","光","国讯","1946","第409/410期","3","上海"
"时事评述:新春看世局","引流","国讯","1946","第407/408期","7-8","上海"
"短评:陈光甫氏谈中国需要休养生息","华","国讯","1946","第406期","4-5","上海"
"短评:澈底编遣重建新军","光","国讯","1946","第407/408期","5","上海"
"短评:胜利后的工农","澹","国讯","1946","第409/410期","3-4","上海"
"今后进步的关键在那里","国讯","1946","第407/408期","封1",NA,"上海"
"以客观眼光看政治协商会议","俞颂华","国讯","1946","第406期","6-7","上海"
"短评:马寅初谈制止经济内战","华","国讯","1946","第407/408期","3-4","上海"
"短评:边疆问题","光","国讯","1946","第407/408期","4-5","上海"
"天赋民权与闻国是:民主建国会在渝成立:期表达公正不偏之主张:民主建国会组织原则","国讯","1946","第405期","24",NA,"上海"
"人民的世纪:报道国内外民主消息，记载全世界解放运动:学生家属补呈答辩理由","M.H.","国讯","1947","第425期","11","上海"
"中大竞选制是怎样被破坏的","怡波","国讯","1947","第444期","7","上海"
"战局一周:丰沛酝酿大战","潮声","国讯","1947","第440期","2","上海"
"战局一周:平保又来警报、鲁东怒潮起伏","潮声","国讯","1947","第435期","6","上海"
"人民的世纪:报道国内外民主消息，记载全世界解放运动:民主远东会纪念珍珠港","M.H.","国讯","1947","第444期","19","上海"
"人民的世纪:报道国内外民主消息，记载全世界解放运动:五校学生组联合会","M.H.","国讯","1947","第426期","11","上海"
"战局一周:狂风暴雨八方来","潮声","国讯","1947","第436期","2","上海"
"说亮话:睁着眼睛看日本","卫玉","国讯","1947","第420期","封1","上海"
"人民的世纪:报道国内外民主消息，记载全世界解放运动:学生家长进言当局","M.H.","国讯","1947","第426期","11","上海"
"华莱士传(附照片)","Kingdom，F. 小鱼","国讯","1947","第433期","9","上海"
"人民的世纪:报道国内外民主消息，记载全世界解放运动:星侨报反对管制","M.H.","国讯","1947","第425期","11","上海"
"人民的世纪:报道国内外民主消息，记载全世界解放运动:大公报时事测验","M.H.","国讯","1947","第413期","8","上海"
"人民的世纪:报道国内外民主消息，记载全世界解放运动:菲侨胞看“总动员令”","M.H.","国讯","1947","第425期","11","上海"
"为学潮事忠告国务会议:读者投书","陈澄","国讯","1947","第414期","7","上海"
"一周间时事研究提纲:和平与战争","石啸冲","国讯","1947","第417期","9","上海"
"人民的世纪:报道国内外民主消息，记载全世界解放运动:邵从恩表示三愿","M.H.","国讯","1947","第442期","11","上海"
"印尼共和国首都日惹之行:印尼总理夏利富丁:[照片]","国讯","1947","第441期","7",NA,"上海"
"战局一周:榆林还在激战","潮声","国讯","1947","第440期","2","上海"
"世界经济恐慌与美国援欧计划","华尔嘉","国讯","1947","第419期","4-5","上海"
"人民的世纪:报道国内外民主消息，记载全世界解放运动:李济琛书面谈话","M.H.","国讯","1947","第415期","8","上海"
"一周间时事研究提纲:巴黎经济会议","石啸冲","国讯","1947","第422期","10","上海"
"人民的世纪:报道国内外民主消息，记载全世界解放运动:“肩负历史的任务”","M.H.","国讯","1947","第416期","8","上海"
"人民的世纪:报道国内外民主消息，记载全世界解放运动:东南亚民族运动蓬勃","M.H.","国讯","1947","第422期","12","上海"
"人民的世纪:波印代表要求荷印双方撤军","M.H.","国讯","1947","第435期","11","上海"
"人民的世纪:李林绍演说科学与民主","M.H.","国讯","1947","第433期","11","上海"
"说亮话:我与民盟","黄炎培","国讯","1947","第439期","封1，3","上海"
"千人同声哭英灵:记俞颂华先生追悼会","朱绛","国讯","1947","第444期","5","上海"
"论魏德迈的中国报告书(上篇完)","(美)Stewart，M.S. 文骊","国讯","1947","第443期","4","上海"
"人民的世纪:湖大学生反对保送入学","M.H.","国讯","1947","第437期","11","上海"
"响应本刊经费公开建议(第十号)","国讯","1947","第443期","4",NA,"上海"
"俞颂华先生传(附照片)","国讯","1947","第442期","4-5",NA,"上海"
"玄武湖秋感三绝(卅六年十一月二日作):[诗词]","国讯","1947","第439期","9",NA,"上海"
"今日的印度","扬义旗","国讯","1947","第417期","7-8","上海"
"正视北疆的动乱(附图)","潘光祖","国讯","1947","第418期","3-4","上海"
"人民的世纪:报道国内外民主消息，记载全世界解放运动:曼谷侨胞声援祖国学生","M.H.","国讯","1947","第419期","11","上海"
"关于学校英文教学问题:答复薛众先生(来信已刊大公报，从略)","江问渔","国讯","1947","第425期","7","上海"
"为世界和平民主而斗争的国际组织","方苞","国讯","1947","第426期","8-9","上海"
"一封对施安娜女士反响的信","林安鹏","国讯","1947","第423期","9","上海"
"人民的世纪:罗隆基答覆董显光","M.H.","国讯","1947","第434期","11","上海"
"人民的世纪:报道国内外民主消息，记载全世界解放运动:民盟南总强调继续活动","M.H.","国讯","1947","第440期","11","上海"
"人民的世纪:报道国内外民主消息，记载全世界解放运动:农工民主党属望魏德迈","M.H.","国讯","1947","第426期","11","上海"
"人民的世纪:港九追悼杜斌丞","M.H.","国讯","1947","第439期","11","上海"
"人民的世纪:报道国内外民主消息，记载全世界解放运动:留英学总会慰问国内同学","M.H.","国讯","1947","第420期","11","上海"
"新闻人物:“大规模奸匪间谍案主犯”余心清是怎样的人","方芳","国讯","1947","第439期","2-3，6","上海"
"一周间时事研究提纲:转捩的新阶段","石啸冲","国讯","1947","第416期","7","上海"
"本刊经费公开建议响应第一声","吴希白","国讯","1947","第430期","3","上海"
"人民的世纪:报道国内外民主消息，记载全世界解放运动:浙大成立子三图书馆","M.H.","国讯","1947","第444期","19","上海"
"人民的世纪:报道国内外民主消息，记载全世界解放运动:华莱士责华尔街与军人勾结","M.H.","国讯","1947","第440期","11","上海"
"中国民族的良心","国讯","1947","第412期","2",NA,"上海"
"一叶知秋话南京(南京通讯)","盛天","国讯","1947","第431期","7","上海"
"人民的世纪:报道国内外民主消息，记载全世界解放运动:国立大学学生五项要求","M.H.","国讯","1947","第427期","11","上海"
"世界一周:包围与反击","司马天籁","国讯","1947","第444期","18","上海"
"人民的世纪:报道国内外民主消息，记载全世界解放运动:苏联不愿战争","M.H.","国讯","1947","第440期","11","上海"
"一周间时事研究提纲:可能是露骨的干涉","石啸冲","国讯","1947","第424期","11","上海"
"人民的世纪:报道国内外民主消息，记载全世界解放运动:大公报建议警宪不带枪","M.H.","国讯","1947","第428期","10","上海"
"德国如何再度趋向胜利?:他们不让我们解散德国卡迭尔(附图)","Martin，J.S. 杨","国讯","1947","第444期","8-10","上海"
"人民的世纪:报道国内外民主消息，记载全世界解放运动:美民主行动政团外交政策宣言","M.H.","国讯","1947","第444期","19","上海"
"马来亚人民的怒吼:新加坡特约航讯","南星","国讯","1947","第437期","10-11","上海"
"战局一周:两广匪患未已","潮声","国讯","1947","第440期","3","上海"
"人民的世纪:浙大教授怀疑于案","M.H.","国讯","1947","第439期","11","上海"
"千教万教，教人求真，千学万学，学做真人:苦斗中的育才学校(附照片)","鹤如","国讯","1947","第424期","6-8","上海"
"说亮话:怎样安慰外国朋友?","黄炎培","国讯","1947","第417期","封1","上海"
"一周间时事研究提纲:也是类似","石啸冲","国讯","1947","第416期","7","上海"
"战局一周:陕北风云突紧","潮声","国讯","1947","第438期","2-3","上海"
"人民的世纪:报道国内外民主消息，记载全世界解放运动:全国学联纪念一二九","M.H.","国讯","1947","第444期","19","上海"
"说亮话:看看自己","黄炎培","国讯","1947","第441期","封1","上海"
"独立斗争中的缅甸","晓笛","国讯","1947","第433期","6-7","上海"
"自由列车","文骊","国讯","1947","第434期","2-3","上海"
"张园(颂华先生):[诗词]","黄炎培","国讯","1947","第437期","2","上海"
"人民的世纪:平教援学生抗议逮捕事件","M.H.","国讯","1947","第434期","11","上海"
"人民的世纪:报道国内外民主消息，记载全世界解放运动:侨报抗议美以军火售华","M.H.","国讯","1947","第427期","11","上海"
"新闻人物:印尼副总理干尼博士","张演","国讯","1947","第434期","10-11","上海"
"万不能再打下去了","江问渔","国讯","1947","第418期","8","上海"
"本刊香港版复刊词","国讯","1947","第434期","2-3",NA,"上海"
"谈自学","白里奚","国讯","1947","第443期","2","上海"
"新闻人物:暹罗新总理:阿巴旺","方芳","国讯","1947","第440期","12","上海"
"美国经济萧条的展望(下)","(美)华莱士 文骊","国讯","1947","第434期","6","上海"
"人民的世纪:克利夫兰报评孙科声明","M.H.","国讯","1947","第434期","11","上海"
"马来亚的新动态","维洛夫 苏新","国讯","1947","第432期","9","上海"
"论魏德迈的中国报告书(下篇)","Stewart，M.S. 文骊","国讯","1947","第444期","14-15","上海"
"今日的外蒙古(附照片)","扬义旗","国讯","1947","第418期","6-7，12","上海"
"战局一周:京沪沿路警戒","潮声","国讯","1947","第441期","3","上海"
"人民的世纪:报道国内外民主消息，记载全世界解放运动:民主建国会最近动态","光祖","国讯","1947","第412期","8","上海"
"人民的世纪:报道国内外民主消息，记载全世界解放运动:美民主人士纷电中国政府","M.H.","国讯","1947","第422期","12","上海"
"人民的世纪:希民主军日趋壮大","M.H.","国讯","1947","第437期","11","上海"
"中外大事分类记(五月一日至五月十日):五月一日政治:鲁境国军进驻新泰……","M.H.","国讯","1947","第414期","8","上海"
"闭上了我的眼睛:[诗歌]","林木","国讯","1947","第428期","9","上海"
"风雨中的歌声:[诗歌]","晓笛","国讯","1947","第440期","5","上海"
"中国需要非政治性的援助","Falconer，D.B. 文骊","国讯","1947","第426期","4-6","上海"
"战局一周:又一惊人消息","潮声","国讯","1947","第435期","6","上海"
"意大利的经济改革:“欧洲建设新生活的故事”之三","(美)Mecklin，J. 文骊","国讯","1947","第443期","5","上海"
"日本政争的丑角:平野力三","Y.S.W","国讯","1947","第440期","9","上海"
"说亮话:念大局","卫玉","国讯","1947","第433期","封1","上海"
"说话难","江问渔","国讯","1947","第426期","10","上海"
"战局一周:上期本刊“战局一周”的末段……","潮声","国讯","1947","第444期","3","上海"
"昆明学生的抗议","Young，J. 王民","国讯","1947","第444期","4","上海"
"民主被仁慈的独裁引入歧途的一课:最后的一个大时代巨头","根室 王民","国讯","1947","第418期","10","上海"
"人民的世纪:报道国内外民主消息，记载全世界解放运动:巴特勒发表时局意见","M.H.","国讯","1947","第415期","8","上海"
"人民的世纪:报道国内外民主消息，记载全世界解放运动:桂省大事捕人","M.H.","国讯","1947","第424期","12","上海"
"今日的外蒙古:外蒙首都的新型学校:[照片]","国讯","1947","第418期","6",NA,"上海"
"阳光·物价及其他(昆明通讯)","胡钊","国讯","1945","第386期","18-19","上海"
"时事解剖:一九四四年的国际(附图)","沙溪","国讯","1945","第383期","10-15","上海"
"苏日关系变化与敌阁更迭","颂俞华","国讯","1945","第389期","5，16","上海"
"公言:学术建国偃武修文","华","国讯","1945","第402期","2","上海"
"缔造持久和平呢布置再一次战争呢?:论处置轴心国问题","梁公任","国讯","1945","第400期","22-23","上海"
"民主政治与自由经济","吴斐丹","国讯","1945","第404期","10-11","上海"
"新中国远景光明:为庆祝胜利的双十节而作","陶大镛","国讯","1945","第400期","10","上海"
"民主","黄炎培","国讯","1945","第389期","8-9","上海"
"澹庐摘报:独山之宫","国讯","1945","第384期","21",NA,"上海"
"“八一三”第八周年:纪念特辑引言","国讯","1945","第396期","8",NA,"上海"
"新年征文(二):怎样解除民间疾苦:人心有关","丁一","国讯","1945","第383期","20","上海"
"短评:前途的抉择","纲","国讯","1945","第387期","3","上海"
"昆明通讯:昆明的青年怎样纪念自己的节日","黎平","国讯","1945","第393期","12-13","上海"
"云南的人民代表怒吼了:云南第二届第三次参议会见闻记","万影","国讯","1945","第384期","11","上海"
"亚洲大陆战争的趋势","澹庐","国讯","1945","第387期","10-11，15","上海"
"论政治常识的重要","邓初民","国讯","1945","第384期","4-6","上海"
"短评:经济管制的条","华","国讯","1945","第390期","10","上海"
"金店和书店(贵阳来鸿)","吴荣甲","国讯","1945","第383期","23-24","上海"
"文化三章","黄炎培","国讯","1945","第389期","9","上海"
"六参政员奔走团结","华","国讯","1945","第395期","封1","上海"
"中国民主前途感言","侯外庐","国讯","1945","第400期","12-13","上海"
"谈谈春荒与救济农村","齐纬","国讯","1945","第392期","10","上海"
"经济之页:从物价高涨说到改善民生","齐纬","国讯","1945","第390期","9","上海"
"短评:人民的呼声","光","国讯","1945","第403期","2","上海"
"短评:矛盾的世界","澹","国讯","1945","第403期","3","上海"
"工厂与民主座谈会","尚丁","国讯","1945","第403期","12-14","上海"
"当前重要的政治问题","俞颂华","国讯","1945","第388期","5-7","上海"
"沦陷后的平汉线(河南通讯)","千里","国讯","1945","第385期","21-23","上海"
"难民与游资(经济之页)","问梁","国讯","1945","第383期","23-24","上海"
"江问渔先生六十寿言","黄炎培","国讯","1945","第383期","25","上海"
"短评:罗斯福未及广播的遗言","华","国讯","1945","第390期","3","上海"
"编辑后记:在着手编辑这期双十节特大号的时候……","国讯","1945","第400期","14",NA,"上海"
"短评:革命目标","澹","国讯","1945","第400期","6，8","上海"
"战后上海之教育","杨卫玉","国讯","1945","第396期","10","上海"
"“八一三”第八周年:“八一三”第八周年","俞颂华","国讯","1945","第396期","8","上海"
"战后教育向哪里走?","董渭川","国讯","1945","第403期","10-11","上海"
"延安五日记(续)","黄炎培","国讯","1945","第396期","4-5","上海"
"编辑后记:举世瞩目的联合国会议……","国讯","1945","第387期","12",NA,"上海"
"在湘西(湘西通讯)","申迟","国讯","1945","第388期","17-18","上海"
"团结高于一切","国讯","1945","第387期","2",NA,"上海"
"欢迎马歇尔来华:兼论中国今后的军事制度","俞颂华","国讯","1945","第404期","6-7","上海"
"澹庐摘报:幻想最要不得","国讯","1945","第384期","21",NA,"上海"
"美国大军怎样东来?","雷诺斯","国讯","1945","第393期","5-6","上海"
"为转捩当前局势献言","黄炎培 杨卫玉 冷遹","国讯","1945","第383期","3-5","上海"
"新年征文(一):我们当前应有的努力:争取胜利的条件","吴清友","国讯","1945","第383期","17","上海"
"编辑后记:关于国内的政治问题……","国讯","1945","第388期","11",NA,"上海"
"轴心的内幕:[画图]","国讯","1945","第385期","19",NA,"上海"
"新年征文(三):我理想中之战后中国:我希望","明养","国讯","1945","第383期","21","上海"
"本刊沪版复刊词:本刊于民国二十年十二月二十三日……","杨卫玉","国讯","1945","第400期","2","上海"
"旧金山联合国会议前瞻","引流","国讯","1945","第387期","4-5","上海"
"政治协商会议以后该做些甚么","鲁山","民主周刊(北平)","1946","第4/5期","16","北平"
"天津学生第二次请愿游行记","任民","民主周刊(北平)","1946","第3期","15-16","北平"
"愤怒的蓉城(成都通讯)","安奇","民主周刊(北平)","1946","第4/5期","24","北平"
"重庆同版业对政治协商会议意见书","民主周刊(北平)","1946","创刊号","15-16",NA,"北平"
"时评:吉田内阁将倒台","韦","民主周刊(北平)","1946","第15期","8","北平"
"论口是心非与阳奉阴违","潘大逵","民主周刊(北平)","1946","第4/5期","14-15","北平"
"中美商约:各方意见的集纳","民主周刊(北平)","1946","第14期","6-9",NA,"北平"
"妇女们应该怎样应付今后的危局","刘清扬","民主周刊(北平)","1946","第13期","17","北平"
"东北问题答客问","华伞","民主周刊(北平)","1946","第4/5期","4-7","北平"
"综合报导:人民的怒火:抗派·抗征·抗捐·反抓丁","民主周刊(北平)","1946","第14期","12-15",NA,"北平"
"要好的权利","乐水","民主周刊(北平)","1946","创刊号","5-6","北平"
"“解放区”的两个问题","何方","民主周刊(北平)","1946","第4/5期","29","北平"
"起床以后","李公朴","民主周刊(北平)","1946","第7期","7","北平"
"时评:可纪念的日子","方","民主周刊(北平)","1946","第15期","9","北平"
"向天津学联致敬","莹","民主周刊(北平)","1946","第3期","3","北平"
"政治协商会议五项协议:宪法草案分组委员会报告","民主周刊(北平)","1946","第3期","20",NA,"北平"
"复员二万里:由山国的小城出发","冷铁","民主周刊(北平)","1946","第14期","16","北平"
"孙中原被绑案真象大白","民主周刊(北平)","1946","第10期","20",NA,"北平"
"国民党出卖中国主权","霞玲","民主周刊(北平)","1946","第15期","10","北平"
"察哈尔的现状","文茂","民主周刊(北平)","1946","第3期","14-15","北平"
"人民的眼睛是雪亮的:国内时局谈","Y","民主周刊(北平)","1946","第15期","12-13","北平"
"昆明近事","林慧","民主周刊(北平)","1946","第3期","12-13","北平"
"反对重选国大代表的理由何在","韩静","民主周刊(北平)","1946","创刊号","4","北平"
"谣言与物价","胜","民主周刊(北平)","1946","第4/5期","2-3","北平"
"谈东北问题","明","民主周刊(北平)","1946","第4/5期","1","北平"
"为本刊及昆明四刊物横遭阴谋破坏对玩火者警告·向人民伸诉","民主周刊(北平)","1946","第3期","11",NA,"北平"
"罗隆基教授评宪草","民主周刊(北平)","1946","第15期","5",NA,"北平"
"陪都各界人士成立李闻惨案后援会，发表宣言提出六项要求","民主周刊(北平)","1946","第10期","22-23",NA,"北平"
"对东北问题的看法","秉刚","民主周刊(北平)","1946","第4/5期","7-8","北平"
"时评:祝联大校庆","民主周刊(北平)","1946","第13期","3",NA,"北平"
"谈判小景:[画图]","丁丙莉","民主周刊(北平)","1946","第13期","封一","北平"
"北平文化界致张表方先生的慰问信","吴晗 沈浮 陈北鸥","民主周刊(北平)","1946","第10期","21","北平"
"政治协商会议五项协议:政府组织分组委员会报告","民主周刊(北平)","1946","第3期","17",NA,"北平"
"昆明民主周刊，学生报社，时代评论社，中国周报社:为横遭阴谋破坏警告各界人士书","民主周刊(北平)","1946","第3期","21",NA,"北平"
"国民大会的法律问题","孟南","民主周刊(北平)","1946","第3期","5-7","北平"
"哭杨潮","夏衍","民主周刊(北平)","1946","第3期","8-9","北平"
"切实保障人权!:为李公朴先生被特务殴打提出严重控告!","普","民主周刊(北平)","1946","第3期","2-3","北平"
"保障人民自由权利的具体办法","湘汀","民主周刊(北平)","1946","第2期","13","北平"
"时评:认清危局","民主周刊(北平)","1946","第14期","2",NA,"北平"
"如何调整五五宪草中之权与能?:修宪问题讨论之一","潘大逵","民主周刊(北平)","1946","第7期","12-15","北平"
"西安通讯:青年人的灾难","国新","民主周刊(北平)","1946","第7期","18","北平"
"团结所有爱好民主的青年:北大师大校友会主办时事演讲会记:附照片","民主周刊(北平)","1946","第4/5期","23-24",NA,"北平"
"反动势力的垂死挣扎","欧阳倩","民主周刊(北平)","1946","第7期","8-9","北平"
"读者的呼籲:建立人民的通讯社和广播电台","林慧 刘中育 王兴","民主周刊(北平)","1946","第4/5期","26","北平"
"政治协商会议五项协议:军事问题分组委员会报告","民主周刊(北平)","1946","第3期","19-20",NA,"北平"
"惟我独尊(收复区怪现象之一):[画图]","C.L.","民主周刊(北平)","1946","第3期","3","北平"
"论军队国家化","吴晗","民主周刊(北平)","1946","第3期","4-5","北平"
"关于爱国游行示威","良","民主周刊(北平)","1946","第4/5期","2","北平"
"中国民主同盟对于当前时局意见","民主周刊(北平)","1946","第10期","5，24",NA,"北平"
"时评:华北人民的东西还给华北人民","山","民主周刊(北平)","1946","第2期","4","北平"
"“石沉大海”:[画图]","沈同衡","民主周刊(北平)","1946","第2期","封一","北平"
"时评:法国政潮:民主政治的一面镜子","民主周刊(北平)","1946","第3期","2",NA,"北平"
"中国民主同盟纲领(民国三十四年十月临时全国代表大会通过)","民主周刊(北平)","1946","第4/5期","33-34",NA,"北平"
"时评:黄浦江飘来太阳旗","民主周刊(北平)","1946","第14期","3",NA,"北平"
"昆明各界大游行(昆明通讯):庆祝政协成功，抗议二一零惨案，坚持严惩一二一祸首","民主周刊(北平)","1946","第4/5期","20-21",NA,"北平"
"保障学术自由:论和平建国纲领关于教育的一条","潘光旦","民主周刊(北平)","1946","第7期","4-6","北平"
"政治协商会议的本质及前途","王立果","民主周刊(北平)","1946","创刊号","10-13","北平"
"赵匡胤和他的奴才","耿章","民主周刊(北平)","1946","第15期","11-13","北平"
"“贼”梳官箆","醒牛","民主周刊(北平)","1946","第2期","12","北平"
"写给学科学的青年们","曾昭抡","民主周刊(北平)","1946","创刊号","8-9","北平"
"军队整编方案","民主周刊(北平)","1946","第4/5期","31-32",NA,"北平"
"内战便是毁灭!","丕强","民主周刊(北平)","1946","第10期","9-10","北平"
"时评:良好的开始","民主周刊(北平)","1946","第13期","3",NA,"北平"
"参政员们犯了罪","民主周刊(北平)","1946","第7期","3",NA,"北平"
"从伦敦会议到莫斯科会议","费孝通","民主周刊(北平)","1946","创刊号","12-13","北平"
"时评:官逼民反","民主周刊(北平)","1946","第14期","3",NA,"北平"
"诺言必须兑现!","松","民主周刊(北平)","1946","第2期","2","北平"
"时评:我们不是战败国","民主周刊(北平)","1946","第10期","3",NA,"北平"
"介绍几本宣扬民主的小册子","南风","民主周刊(北平)","1946","第7期","10-11","北平"
"无恥的说谎","宋云彬","民主周刊(北平)","1946","第4/5期","27-28","北平"
"做官与从事政治","曾昭抡","民主周刊(北平)","1946","第2期","5","北平"
"开封通讯:寂寞沙城奏","翼青","民主周刊(北平)","1946","第7期","16-17","北平"
"希腊政治问题","菲立浦·约但 赵克文(Jordan，P.)","民主周刊(北平)","1946","第2期","15-16","北平"
"时评:火山要爆发了","匡","民主周刊(北平)","1946","第15期","9","北平"
"天真的抗议","民主周刊(北平)","1946","第4/5期","30",NA,"北平"
"释放政治犯再不能拖延了:兼为羊棗先生的暴死集中营控诉!:附图","闻一多 李源 吴晗","民主周刊(北平)","1946","第2期","8-9","北平"
"时局感言","张申府","民主周刊(北平)","1946","第13期","16","北平"
"我们对于当前时局的意见","民主周刊(北平)","1946","第10期","6-8",NA,"北平"
"我和闻一多先生最后的一次见面","冠英","民主周刊(北平)","1946","第10期","14-15","北平"
"由进军东北说到停战命令","郭启蒙","民主周刊(北平)","1946","创刊号","5","北平"
"(二一○)血案中受伤民主老战士李公朴先生访问记","力扬","民主周刊(北平)","1946","第4/5期","25-26","北平"
"国民大会:[诗歌]","光未然","民主周刊(北平)","1946","第2期","10-11","北平"
"一手包办:[画图]","丁丙","民主周刊(北平)","1946","第14期","封一","北平"
"贫困的华北","曾昭抡","民主周刊(北平)","1946","第4/5期","8","北平"
"半日闻见录","笑白","民主周刊(北平)","1946","第4/5期","30","北平"
"重庆新华日报被特务捣毁目击记","黄秋","民主周刊(北平)","1946","第4/5期","22","北平"
"不要重蹈历史的覆辙","沈茂坊","民主周刊(北平)","1946","第13期","6","北平"
"美国大兵要还乡:附图","柏罗特","民主周刊(北平)","1946","第3期","10","北平"
"应贯澈停战命令","仁","民主周刊(北平)","1946","创刊号","3","北平"
"时评:停战令下以后","民主周刊(北平)","1946","第2期","3",NA,"北平"
"物价狂涨:附图","西","民主周刊(北平)","1946","第4/5期","3","北平"
"时评:“立孔教为国教”","蟹","民主周刊(北平)","1946","第15期","9","北平"
"欢迎克利浦斯夫人","刘清扬","民主周刊(北平)","1946","第14期","10-11","北平"
"如是我闻:北平见闻录","子冈","民主周刊(北平)","1946","第2期","17-18","北平"
"“民意”","真民","民主周刊(北平)","1946","第2期","18","北平"
"联大抵平同学会、燕大学生自治会为美愚兵无理枪击，中国学生严重抗议书","民主周刊(北平)","1946","第10期","21",NA,"北平"
"时评:不成功便成仁","民主周刊(北平)","1946","第13期","2-3",NA,"北平"
"时评:宪草的悲喜剧","俊","民主周刊(北平)","1946","第15期","9","北平"
"政协协进会记者李学民遭特务毒打事件(陪都航讯)","民主周刊(北平)","1946","第2期","12",NA,"北平"
"如此“互惠”的中美商约","刘清扬","民主周刊(北平)","1946","第14期","4-5","北平"
"继承“五四”和“一二九”的精神","刘清扬","民主周刊(北平)","1946","第15期","6-7","北平"
"美国的人民运动","民主周刊(北平)","1946","第13期","15",NA,"北平"
"时评:心劳日绌的把戏","子","民主周刊(北平)","1946","第15期","8","北平"
"张澜主席发表谈话:坚决拒绝参加一党国大，决为争取和平民主奋斗到底","民主周刊(北平)","1946","第13期","16-17",NA,"北平"
"“国大”召开后:[画图]","泗蒂","民主周刊(北平)","1946","第15期","9","北平"
"瀋阳见闻:一个友人的来信","钱尤","民主周刊(北平)","1946","第7期","6","北平"
"要漂亮一点","芜","民主周刊(北平)","1946","创刊号","3","北平"
"祝越南联合政府成立","峙","民主周刊(北平)","1946","创刊号","3","北平"
"重庆市人民和平促进会发表呼籲和平宣言","民主周刊(北平)","1946","第10期","24",NA,"北平"
"闻一多先生传","吴晗","民主周刊(北平)","1946","第10期","10-12","北平"
"这次和平攻势的原因在那里?","胡冈","民主周刊(北平)","1946","第13期","7","北平"
"立即实现自由诺言，人民不能再等待了(每周陪都航讯)","民主周刊(北平)","1946","创刊号","6-7",NA,"北平"
"军警宪兵特务横行，竟搜查黄炎培住宅","民主周刊(北平)","1946","第2期","2",NA,"北平"
"时评:闻案并未了结","民主周刊(北平)","1946","第10期","2-3",NA,"北平"
"决战前的和平谈判?","一波","民主周刊(北平)","1946","第13期","8-9","北平"
"忆闻一多师","昭琛","民主周刊(北平)","1946","第10期","12-13","北平"
"时评:故意的混淆","于","民主周刊(北平)","1946","第15期","8","北平"
"一年来驻华美军暴行录:附图","民主周刊(北平)","1946","第13期","10-15",NA,"北平"
"祇有人民自己组织起来才能保障人民的自由:论人民自由保障委员会的组织","胡钊","民主周刊(北平)","1946","第7期","10-11","北平"
"论解决时局的基础方案","吴晗","民主周刊(北平)","1946","第13期","4-5","北平"
"要求取消“特种营养”的登记办法","兴","民主周刊(北平)","1946","第4/5期","2","北平"
"从人民立场批评五五宪草","胡冈","民主周刊(北平)","1946","第4/5期","9-13","北平"
"杂感集","小鱼","民主周刊(北平)","1946","第14期","11","北平"
"谁是国家?","仰山","民主周刊(北平)","1946","第2期","14","北平"
"美国的罢工风潮","胡克","民主周刊(北平)","1946","第3期","11","北平"
"我嘲笑:[诗歌]","光未然","民主周刊(北平)","1946","第3期","12-13","北平"
"复员二万里(续)","民主周刊(北平)","1946","第15期","16",NA,"北平"
"论新基础","刘恢之","民主周刊(北平)","1946","第15期","3-4","北平"
"中国民主同盟南方总支部成立大会宣言","民主周刊(北平)","1946","创刊号","14",NA,"北平"
"青年党与民主同盟","陈意","民主周刊(北平)","1946","第2期","15-16","北平"
"政治协商会议五项协议:施政纲领分组委员会报告","民主周刊(北平)","1946","第3期","17-19",NA,"北平"
"从收复区看中国前途:由苏北现状谈到国共两党的作风","静远","民主周刊(北平)","1946","第4/5期","17-19","北平"
"我又会见了司徒先生:司徒雷登与学生运动","民主周刊(北平)","1946","第14期","5",NA,"北平"
"时评:死马当做活马医","民主周刊(北平)","1946","第13期","2",NA,"北平"
"如是我闻","良","民主周刊(北平)","1946","第13期","9","北平"
"时评:印度的独立","民主周刊(北平)","1946","第10期","4，15",NA,"北平"
"时评:不提旧账和不提联合政府","民主周刊(北平)","1946","第2期","3-4",NA,"北平"
"对政治协商会议请提出你的主张和要求","民主周刊(北平)","1946","创刊号","9",NA,"北平"
"政治协商会议的重大难关:评国民党代表对扩大政府组织的基本观念","尚钺","民主周刊(北平)","1946","第2期","10-11","北平"
"民盟的态度:拥护政协，反对内战","民主周刊(北平)","1946","第15期","2",NA,"北平"
"论扩大政府组织方案","吴晗","民主周刊(北平)","1946","第2期","6-7","北平"
"国民党必须立即放弃破坏和平、民主、团结的企图","民主周刊(北平)","1946","第7期","2",NA,"北平"
"时评:共和党优胜之后","民主周刊(北平)","1946","第14期","2",NA,"北平"
"民主同盟北平市支部发言人对于“国大”问题之谈话","民主周刊(北平)","1946","第14期","9",NA,"北平"
"昆明教育界致政治协商会议代电","民主周刊(北平)","1946","第2期","19",NA,"北平"
"时评:索性大家来把账算清一下","文","民主周刊(北平)","1946","第2期","5","北平"
"时评:新不平等条约","民主周刊(北平)","1946","第14期","2-3",NA,"北平"
"恐怖统治着北平","民主周刊(北平)","1946","第7期","3",NA,"北平"
"宪法与宪政","胡冈","民主周刊(北平)","1946","第15期","4","北平"
"命令、法律与民主","平新","民主周刊(北平)","1946","第13期","20","北平"
"一位美国记者的赤区纵横谈:附图","钟行","民主周刊(北平)","1946","第13期","18-19","北平"
"热心读者同情本刊","民主周刊(北平)","1946","第7期","20",NA,"北平"
"保障人权·忠实报道!:重庆新闻从业员二二一人意见","民主周刊(北平)","1946","第4/5期","27-28",NA,"北平"
"闻案惩凶是一大骗局:枪决匪徒代替凶犯","民主周刊(北平)","1946","第10期","19",NA,"北平"
"政治协商会议五项协议:国民大会分组委员会报告","民主周刊(北平)","1946","第3期","20",NA,"北平"
"躲开点大象来了!:[画图]","民主周刊(北平)","1946","第3期","封一",NA,"北平"
"时评:法国人民胜利","民主周刊(北平)","1946","第14期","2",NA,"北平"
"民盟华北总支部慰问张澜主席函","民主周刊(北平)","1946","第10期","22",NA,"北平"
"羊棗先生是怎样死的??","民主周刊(北平)","1946","第3期","8-9",NA,"北平"
"时评:民盟主席张澜被殴","民主周刊(北平)","1946","第10期","2",NA,"北平"
"发刊词:民主周刊，是中国民主同盟的正式刊物","民主周刊(北平)","1946","创刊号","2",NA,"北平"
"张垣人物","漫步","民主周刊(北平)","1946","第7期","19-20","北平"
"风平浪大烽火急:国际关系的“倒口令”","民主周刊(北平)","1946","第15期","14-15",NA,"北平"
"九月六日北平益世报社论抗议美军暴行","民主周刊(北平)","1946","第10期","22-23",NA,"北平"
"时评:预祝民盟二中全会","子","民主周刊(北平)","1946","第15期","8","北平"
"时评:抗议美军暴行","民主周刊(北平)","1946","第10期","3-4",NA,"北平"
"中国民主同盟四川省支部为特务击伤:张澜主席事件川康绥靖公署、四川省政府之备忘录","民主周刊(北平)","1946","第10期","16-17",NA,"北平"
"梁漱溟同志在上海民盟记者招待会上报告昆明凶案调查经过","民主周刊(北平)","1946","第10期","18-19",NA,"北平"
"輓聯選輯：不實現聯合政府屠殺人民事件勢將永無上境……","林陵蓉 馮乃超 章伯鈞","民主(重庆)","1945","特别增刊","2","重庆"
"救救老百姓","舜生","民主(重庆)","1945","第1期","0","重庆"
"美國對華政策的偏差","李及","民主(重庆)","1945","第7期","2","重庆"
"成都學生聲援昆明學生遊行記","民主(重庆)","1945","特别增刊","3",NA,"重庆"
"茶餘談屑：康，梁是清末著稱的維新人物……","肥遯","民主(重庆)","1945","第7期","3","重庆"
"遠東和平的條件","林煥平","民主(重庆)","1945","第7期","1-2","重庆"
"民主信箱：反映廣大人民的呼聲","民主(重庆)","1945","第14期","3",NA,"重庆"
"給畫繪者：聽陶行知先生演講而作：[詩歌]","彭松","民主(重庆)","1945","第13期","3","重庆"
"我們要求立即停止内戰","翦伯贊","民主(重庆)","1945","第7期","0","重庆"
"美國不應參加中國内戰","若愚","民主(重庆)","1945","第7期","2","重庆"
"對“一二，一”慘案的感想","努生","民主(重庆)","1945","特别增刊","2","重庆"
"十月革命替人類開闢了到達永久和平的道路：紀念蘇聯十月革命廿八週年","簫明","民主(重庆)","1945","第6期","2","重庆"
"經濟一週：反對買辦路線！","民主(重庆)","1945","第3期","2",NA,"重庆"
"聞昆明學生因反内戰而流血有感：[詩歌]","陶行知","民主(重庆)","1945","第11期","0","重庆"
"向馬歇爾元帥致辭","百辭","民主(重庆)","1945","第11期","1","重庆"
"中國民主同盟三代表談片：團結之道","曾昭掄","民主(重庆)","1945","第4期","2","重庆"
"中國民主同盟三代表談片：怎樣才能軍隊國家化","張志龢","民主(重庆)","1945","第4期","2","重庆"
"中國民主同盟臨時代表大會的任務","民主(重庆)","1945","第2期","0",NA,"重庆"
"國事應求澈底全盤解决","羅努生","民主(重庆)","1945","第1期","1","重庆"
"造成有聲的中國","方與嚴","民主(重庆)","1945","第2期","2","重庆"
"軍隊與民主：軍中生活雜感","辛海","民主(重庆)","1945","第8期","3","重庆"
"崇高的悼念：陪都各界追悼昆明死難師生大會記","羅涵先","民主(重庆)","1945","第12期","2","重庆"
"經濟一週：危機的根源在那裏","民主(重庆)","1945","第1期","3",NA,"重庆"
"邏輯與政治（續完）","張申府","民主(重庆)","1945","第2期","3","重庆"
"國難野記","愚公","民主(重庆)","1945","第3期","2","重庆"
"把武訓先生解放出來：為武訓先生誕辰一百零七週年紀念而寫","陶行知","民主(重庆)","1945","第10期","1","重庆"
"遙祭：紀念強兄端妹在黔桂綫上死難一週年","高克奇","民主(重庆)","1945","第11期","3","重庆"
"由抽象的民主到具體的民主","灕流","民主(重庆)","1945","第8期","1","重庆"
"陪都各界反對內戰聯合會成立大會宣言","民主(重庆)","1945","第9期","1",NA,"重庆"
"我們一定替你們報仇","何懼","民主(重庆)","1945","特别增刊","2","重庆"
"汛論是非曲直","胡經緯","民主(重庆)","1945","第13期","3","重庆"
"中國婦女聯誼會為制止内戰緊急呼籲","民主(重庆)","1945","第7期","3",NA,"重庆"
"如何挽救當前危機","梁漱溟","民主(重庆)","1945","第11期","1","重庆"
"特寫：闗聯着中國未來的命運：中國民主同盟臨會大會開幕誌盛","民主(重庆)","1945","第2期","3",NA,"重庆"
"中國救國會祭昆明反內戰：被害師生哀詞","民主(重庆)","1945","第12期","0",NA,"重庆"
"頌體育節：[詩歌]","郭沬若","民主(重庆)","1945","第1期","2","重庆"
"昆明慘案眞相","民主(重庆)","1945","特别增刊","0",NA,"重庆"
"關於政治協商會議所議的事件","張東蓀","民主(重庆)","1945","第14期","0","重庆"
"平凡的認識與起碼的期望","章乃器","民主(重庆)","1945","第13期","2-3","重庆"
"立刻停止内戰：[詩歌]","陶行知","民主(重庆)","1945","第6期","3","重庆"
"想想曲：[詩歌]","陳志中","民主(重庆)","1945","第7期","0","重庆"
"“立此存照”","茅盾","民主(重庆)","1945","第3期","1","重庆"
"世界和平新時期的展望","于蒪","民主(重庆)","1945","第6期","1","重庆"
"中國民主同盟臨時全國代表大會宣言","民主(重庆)","1945","特别增刊","3",NA,"重庆"
"對於今天時局的認識","民主(重庆)","1945","第10期","0",NA,"重庆"
"中國必須成爲獨立國家","民主(重庆)","1945","第11期","0",NA,"重庆"
"通訊：冬降昆明","冯克","民主(重庆)","1945","第5期","3","重庆"
"我們是武訓的隊伍（武訓舞之收場插曲）：[詩歌]","陶行知","民主(重庆)","1945","第11期","3","重庆"
"用人民自己的力量來制止內戰！","少之","民主(重庆)","1945","第9期","2","重庆"
"讓人民自己：[詩歌]","徐郎","民主(重庆)","1945","第3期","0","重庆"
"經濟一週：復員聲中話煤荒","觀察者","民主(重庆)","1945","第5期","1","重庆"
"題贈民主星期刊：民主大同盟……：[題詞]","馮玉祥","民主(重庆)","1945","第6期","0","重庆"
"美國對華政策的歧路","百辭","民主(重庆)","1945","第7期","2-3","重庆"
"救救青年！","奥凱","民主(重庆)","1945","特别增刊","0","重庆"
"論大衆文藝問題","駱聞","民主(重庆)","1945","第10期","3","重庆"
"編後記：本期有力揚先生的“人民的聲音”和羅涵先先生的“人民的控訴”送兩篇文章……","民主(重庆)","1945","第9期","3",NA,"重庆"
"黄炎培先生答覆本刊記者之訪問：關于國共在收復區軍事衝突問題……","民主(重庆)","1945","第6期","0",NA,"重庆"
"還要爭取言論自由","陳翰伯","民主(重庆)","1945","第5期","2","重庆"
"談原子能與人類的和平幸福","金向凡","民主(重庆)","1945","第8期","1","重庆"
"曾琦先生來函：初民先生大鑒：屢次相遇未獲……","曾琦","民主(重庆)","1945","第4期","3","重庆"
"我們為什麽主張聯合政府","沈若谷","民主(重庆)","1945","第13期","1","重庆"
"勝利帶來了一切","陶行知","民主(重庆)","1945","第4期","2","重庆"
"關於“軍隊國家化”","馬哲民","民主(重庆)","1945","第1期","0-1","重庆"
"魯斯在南京","王少燕","民主(重庆)","1945","第6期","3","重庆"
"邏輯與政治（未完）","張申府","民主(重庆)","1945","第1期","3","重庆"
"民主陣營中的團結和鬥爭","若愚","民主(重庆)","1945","第3期","1","重庆"
"馮玉祥先生四賣興學","民主(重庆)","1945","第14期","3",NA,"重庆"
"如何才能全面而澈底的消弭内戰","民主(重庆)","1945","第7期","0",NA,"重庆"
"用擴大反内戰運動來撫慰死者","沈志遠","民主(重庆)","1945","特别增刊","2","重庆"
"雜感（六則）：孔子曰：“名不正則言不順。”……","朝華","民主(重庆)","1945","第12期","3","重庆"
"糾正英國東方政策","百辭","民主(重庆)","1945","第3期","1","重庆"
"論政治協商會議","雨生","民主(重庆)","1945","第14期","1","重庆"
"把民主力量組織起來","范華農","民主(重庆)","1945","第3期","0","重庆"
"建立人民的東北！","百辭","民主(重庆)","1945","第9期","1","重庆"
"反對内戰","民主(重庆)","1945","第6期","0",NA,"重庆"
"“清議”辨","侯外廬","民主(重庆)","1945","第5期","1","重庆"
"論當前的内戰危機","項黎","民主(重庆)","1945","第6期","0","重庆"
"從一九四五年看一九四六年：民主與反民主的鬥爭","簡樸","民主(重庆)","1945","特别增刊","0","重庆"
"民主運動的檢討與展望","周知","民主(重庆)","1945","特别增刊","1","重庆"
"民主與團結不可分","章伯鈞","民主(重庆)","1945","第2期","0","重庆"
"中國民主同盟重慶市支部成立宣言","民主(重庆)","1945","第2期","2",NA,"重庆"
"人民的控訴：陪都各界反對內戰聯合合成立大會雜寫","羅涵先","民主(重庆)","1945","第9期","3","重庆"
"一個小地主小資本家眼中的解放區","何方","民主(重庆)","1945","第13期","1-2","重庆"
"海外歸鴻：羣文化人的踪影","沈茲九","民主(重庆)","1945","第14期","2","重庆"
"農村破產","王少燕","民主(重庆)","1945","第4期","0","重庆"
"中國民主同盟臨時会國代表大會的總結","民主(重庆)","1945","第4期","0",NA,"重庆"
"通訊：成都的民選","屠西","民主(重庆)","1945","第4期","3","重庆"
"宜興尹瘦石為余銹象自題一律時余行年五十有九矣：[詩詞]","柳亞子","民主(重庆)","1945","第3期","3","重庆"
"談談戲劇檢查","吳祖光","民主(重庆)","1945","第5期","2","重庆"
"眞理之歌：[詩歌]","陳志中","民主(重庆)","1945","第8期","0","重庆"
"經濟危機與國内和平","姜慶湘","民主(重庆)","1945","第10期","1","重庆"
"陪都各界追悼昆明被難師生大會記","高克奇","民主(重庆)","1945","特别增刊","1","重庆"
"政治一週：國共商談問題","民主(重庆)","1945","第1期","3",NA,"重庆"
"由民主同盟看政治協商會議","馬哲民","民主(重庆)","1945","第5期","1","重庆"
"確立我們的人生觀","莫同堯","民主(重庆)","1945","第10期","2","重庆"
"民主的死對頭：官僚主義與官僚作風","范華農","民主(重庆)","1945","第6期","2","重庆"
"中國民主同盟臨時全國代表大會政治報告","民主(重庆)","1945","特别增刊","0-2",NA,"重庆"
"為“一二，一”慘案作","茅盾","民主(重庆)","1945","特别增刊","2","重庆"
"中國必須成爲統一國家","民主(重庆)","1945","第12期","0",NA,"重庆"
"專家改治與官僚政治","鄭振鐸","民主(重庆)","1945","第4期","1","重庆"
"刊前小言：十二月一日，昆明聯大等校師生……","民主(重庆)","1945","特别增刊","0",NA,"重庆"
"為發展民營企業而奮鬥","笪移今","民主(重庆)","1945","第14期","2","重庆"
"政府改組方案之料度及批評","梁漱溟","民主(重庆)","1945","第14期","0","重庆"
"范旭東先生之死：追思死去的范先生，愛護活着的范先生","陶行知","民主(重庆)","1945","第3期","3","重庆"
"看報偶談","葉聖陶","民主(重庆)","1945","第4期","2","重庆"
"民主運動簡訊：據確息：中國民主同盟臨時全國代表大會經多時籌備已决定於最近正式在渝召開……","民主(重庆)","1945","第1期","1",NA,"重庆"
"黎庶之談内戰","民主(重庆)","1945","第6期","2",NA,"重庆"
"悲憤的抗議","蕭明","民主(重庆)","1945","第11期","3","重庆"
"半山偶感","高克奇","民主(重庆)","1945","第14期","3","重庆"
"民主信箱：榮譽軍人呼聲","民主(重庆)","1945","第14期","3",NA,"重庆"
"生活教育社紀念武訓先生誕辰一年計劃","民主(重庆)","1945","第13期","3",NA,"重庆"
"集謠偶談：話說明太祖命沐英征服了洮州……","薛汕","民主(重庆)","1945","第11期","2","重庆"
"讀畫小記","阿凌","民主(重庆)","1945","第14期","2","重庆"
"現行地方民選制度平議","黄道庸","民主(重庆)","1945","第8期","2","重庆"
"不忍見的廣州（通訊）","余剡溪","民主(重庆)","1945","第11期","1","重庆"
"一羣老百姓的呼聲","柏有仁","民主(重庆)","1945","第11期","3","重庆"
"自由導報為遭當局查禁書面聲明","民主(重庆)","1945","第14期","3",NA,"重庆"
"月半雜感：“禽獸之所以異于衣冠禽獸”","茅盾","民主(重庆)","1945","第1期","2","重庆"
"月半雜感：平等、自由在蘇聯","民主(重庆)","1945","第1期","2",NA,"重庆"
"談美軍登陸津沽","羅隆基","民主(重庆)","1945","第2期","1","重庆"
"悼歌：你們倒下了……：[詩歌]","方揚","民主(重庆)","1945","特别增刊","3","重庆"
"國難野記：清談之風始於晉……","愚公","民主(重庆)","1945","第2期","3","重庆"
"“拖”：有一種戰術，叫做“拖”……","荃麟","民主(重庆)","1945","第2期","3","重庆"
"中國民主同盟代表什麽人的利益","琳","民主(重庆)","1945","第3期","0","重庆"
"經濟一週：危機伸到農村了","民主(重庆)","1945","第4期","3",NA,"重庆"
"美國問題中國問題與中國婦女問題","馬寅初","民主(重庆)","1945","第1期","2","重庆"
"人民世紀與婦女解放","李公樸","民主(重庆)","1945","第4期","2-3","重庆"
"一線的希望在那裏：爲反對內戰作：[詩歌]","黄炎培","民主(重庆)","1945","第9期","1","重庆"
"人生意義的檢討：元旦感作","司馬星","民主(重庆)","1945","第14期","1","重庆"
"讀報有感：爲論客着急","燕士","民主(重庆)","1945","第9期","3","重庆"
"談死亡綫上工業界的自救之道","沈志遠","民主(重庆)","1945","第3期","2","重庆"
"國難野記","愚公","民主(重庆)","1945","第4期","1","重庆"
"假如我是當權的國民黨","張棟舉","民主(重庆)","1945","第10期","2-3","重庆"
"莫吞原子彈：[詩歌]","陶行知","民主(重庆)","1945","第10期","3","重庆"
"感事兩首：[詩詞]","柳亞子","民主(重庆)","1945","第3期","3","重庆"
"三強外長會議與中國民主問題","司馬星","民主(重庆)","1946","第15期","1","重庆"
"對政治協商會議的幾點建議：並獻給全國民主戰士和全國人民","蕭明","民主(重庆)","1946","第17期","2","重庆"
"關於共同綱領中的經濟財政問題","方治平","民主(重庆)","1946","第18-19期","6-7","重庆"
"嚴重的關頭","鄧初民","民主(重庆)","1946","第25期","0","重庆"
"經濟上必需改革的幾件大事","方治平","民主(重庆)","1946","第17期","1","重庆"
"太平洋的暖流","羅涵先","民主(重庆)","1946","第16期","3","重庆"
"關於共同綱領中的軍事問題","司馬星","民主(重庆)","1946","第18-19期","5","重庆"
"實現民主與剷除“三才”","吳奔星","民主(重庆)","1946","第17期","7","重庆"
"保衛政協决議","民主(重庆)","1946","第26期","0",NA,"重庆"
"貴州：行幫政治的標本","竹江","民主(重庆)","1946","第38期","3","重庆"
"關於改組政府·共同施政綱領和軍事整編問題","項藜","民主(重庆)","1946","第17期","0","重庆"
"杭州三日記：民主浪濤中的幾星泡沬","王念默","民主(重庆)","1946","第25期","3","重庆"
"爲統一與和平而努力的中國民主同盟","曹錫珍","民主(重庆)","1946","第18-19期","12-13","重庆"
"田漢先生：談戲劇運動","王少燕","民主(重庆)","1946","第23期","3","重庆"
"關於共同綱領中的文化教育問題","高克奇","民主(重庆)","1946","第18-19期","6","重庆"
"鬼聲四起！：這裏沒有民主","田水","民主(重庆)","1946","第18-19期","9，11","重庆"
"憂鬱的白沙鎮","斯慈","民主(重庆)","1946","第26期","2","重庆"
"從檢討國共會談紀要說到政治協商會議的前途","若愚","民主(重庆)","1946","第15期","1","重庆"
"鬼聲四起！：這裏沒有民主","田水","民主(重庆)","1946","第18期","3","重庆"
"感情與理智","司馬星","民主(重庆)","1946","第23期","2","重庆"
"必須繼績戰鬥：總結抗戰戲劇運動一感","魏易誠","民主(重庆)","1946","第25期","2","重庆"
"發展交化教育的幾個障礙","周哲","民主(重庆)","1946","第18期","2","重庆"
"中國農歌：一片片灰黑的泥土，從闪光的犂尖翻起……：[詩歌]","民主(重庆)","1946","第26期","3",NA,"重庆"
"關於民主","向豁","民主(重庆)","1946","第17期","7","重庆"
"瘋人的詩","冬池","民主(重庆)","1946","第38期","3","重庆"
"讓我來説句良心話","林乃","民主(重庆)","1946","第17期","4","重庆"
"正唇小集：綸巾羽扇的策士誠惶誠恐地說……","斯璜翦","民主(重庆)","1946","第15期","3","重庆"
"政治協商會議成敗的關鍵","笪移今","民主(重庆)","1946","第17期","1","重庆"
"北平災黎向天哭訴","曾其途","民主(重庆)","1946","第17期","5","重庆"
"民主的序幕：政治協商會議揭幕誌盛","李戰林","民主(重庆)","1946","第17期","1","重庆"
"論共同綱領的重要性","鄧初民","民主(重庆)","1946","第18-19期","3，5","重庆"
"國民大會代表必須重選","司馬星","民主(重庆)","1946","第18-19期","2","重庆"
"不放棄任何機會爭取和平的實現","鄧初民","民主(重庆)","1946","第38期","0","重庆"
"我在這裏只要求一件事","民主(重庆)","1946","第16期","0",NA,"重庆"
"關於共同綱領中的政治問題","若愚","民主(重庆)","1946","第18期","0-1","重庆"
"以為歌：[詩歌]","陶行知","民主(重庆)","1946","第18期","2","重庆"
"分贓和掉包","鄉下人","民主(重庆)","1946","第18期","3","重庆"
"無可奈何而歌","薛汕","民主(重庆)","1946","第25期","2-3","重庆"
"用不著武力解決","俞白克","民主(重庆)","1946","第17期","4","重庆"
"“改組政府”問題舌戰誌：所謂政治民主化","李戰林","民主(重庆)","1946","第18期","2","重庆"
"半山偶感：之二","高克奇","民主(重庆)","1946","第23期","3","重庆"
"刊物必須調整（民主信箱）","趙懷春","民主(重庆)","1946","第38期","3","重庆"
"國民大會與法統","何為","民主(重庆)","1946","第18-19期","2，7","重庆"
"“秀才管兵”平議","袁西華","民主(重庆)","1946","第15期","2","重庆"
"張莘夫與李兆麟","尙羣","民主(重庆)","1946","第26期","0","重庆"
"勿妄想中立，侈言公平：為“中立與公平”論者進一解","邁之","民主(重庆)","1946","第38期","2-1","重庆"
"寄語政治協商會議","左昂","民主(重庆)","1946","第17期","6","重庆"
"法國大選的透視","向凡","民主(重庆)","1946","第38期","2","重庆"
"人民文化運動","高克奇","民主(重庆)","1946","第15期","3","重庆"
"論國民大會","鄧初民","民主(重庆)","1946","第18-19期","1","重庆"
"破桌子（贛西童謠）","蒲青","民主(重庆)","1946","第18-19期","8","重庆"
"“改組政府”問題舌戰誌：所謂政治民主化","李戰林","民主(重庆)","1946","第18-19期","7-8","重庆"
"發展文化教育的幾個障礙","周哲","民主(重庆)","1946","第18-19期","14","重庆"
"中原士氣","逸文","民主(重庆)","1946","第38期","3","重庆"
"民主同盟代表團連寫：寫在陪都國府路三百號","奥凱","民主(重庆)","1946","第17期","3","重庆"
"把自由還給我們：[詩歌]","陶行知","民主(重庆)","1946","第17期","3","重庆"
"小偷：寫鄧初民先生意","駱聞","民主(重庆)","1946","第25期","0","重庆"
"與駱聞先生談大衆文藝","林敏","民主(重庆)","1946","第18-19期","13","重庆"
"關於共同綱領中的政治問題：人民權利·中央機構·地方自治","若愚","民主(重庆)","1946","第18-19期","4-5","重庆"
"擁護整軍協議成功","鄧初民","民主(重庆)","1946","第23期","0","重庆"
"讀了十教授“論今日國是”以後","施復亮","民主(重庆)","1946","第16期","1","重庆"
"文藝工作者與勞動生產結合起來","高克奇","民主(重庆)","1946","第16期","2","重庆"
"剔亮人民的眼睛","華慶","民主(重庆)","1946","第26期","1","重庆"
"關於共同綱領中的文化教育問題","高克奇","民主(重庆)","1946","第18期","1-2","重庆"
"小統計（一月十日至三月十八日）：（一）諾言：一月十日：政治協商會議開幕……","民主(重庆)","1946","第26期","1",NA,"重庆"
"新世界與新中國","鄧初民","民主(重庆)","1946","第15期","0","重庆"
"裁兵與國防","張志龢","民主(重庆)","1946","第18-19期","8","重庆"
"國際一週述評：從本月五日到十二日這一週間……","向凡","民主(重庆)","1946","第25期","0-1","重庆"
"天津市學生聯合會成立宣言","民主(重庆)","1946","第18期","3",NA,"重庆"
"無花果：[詩歌]","旦尼","民主(重庆)","1946","第16期","2","重庆"
"謊話的時代該終結了","司馬星","民主(重庆)","1946","第17期","3","重庆"
"英國式之言論自由：海德公園頌","陶行知","民主(重庆)","1946","第16期","1","重庆"
"向民主小姐求愛：[詩歌]","陶行知","民主(重庆)","1946","第15期","2","重庆"
"論“中國政治之路”","劉唯公","民主(重庆)","1946","第17期","6","重庆"
"把握時局的發展規律","司馬星","民主(重庆)","1946","第25期","1","重庆"
"國際一週述評（從三月十三日至三月十九日）：邱吉爾挑撥戰爭的反蘇演說……","向凡","民主(重庆)","1946","第26期","1-2","重庆"
"關於共同綱领中的軍事問題","司馬星","民主(重庆)","1946","第18期","1","重庆"
"新環境與新學習","劉文茵","民主(重庆)","1946","第26期","2","重庆"
"集體討論：論東北問題","蕭明","民主(重庆)","1946","第23期","1","重庆"
"沁園春：[詩詞]","聖徒","民主(重庆)","1946","第16期","0","重庆"
"通俗短劇：家庭糾紛","呆霞","民主(重庆)","1946","第16期","2-3","重庆"
"地方文化的建立·堅持與發展問題","高克奇","民主(重庆)","1946","第17期","3","重庆"
"當前的東北問題","閻寶航","民主(重庆)","1946","第23期","0-1","重庆"
"民主作風與文藝大衆化","高克奇","民主(重庆)","1946","第25期","3","重庆"
"心花跳荡：[詩歌]","白薇","民主(重庆)","1946","第23期","2","重庆"
"論脚踏實地","劉文茵","民主(重庆)","1946","第25期","1","重庆"
"民主信箱：是社會生活决定生活慾望：答柏溪中央大學分校何若先生","民主(重庆)","1946","第26期","2",NA,"重庆"
"外國語教育的國際化民主化和創設世界語課程","許壽真","民主(重庆)","1946","第18-19期","10-11","重庆"
"根絕反民主力量有意無意的支持者","李志","民主(重庆)","1946","第23期","2","重庆"
"和戰之間","秦今","民主(重庆)","1946","第38期","1","重庆"
"“對知識青年獻言”之獻言","夏迪蒙","民主(重庆)","1946","第17期","4","重庆"
"對共同綱領教育部分的意見","民主(重庆)","1946","第17期","5",NA,"重庆"
"鞏固和平與實現民請","民主(重庆)","1946","第17期","0",NA,"重庆"
"編者小言：本刊創刊三月，承蒙大家愛護……","民主(重庆)","1946","第17期","6",NA,"重庆"
"教授","林辰","民主(重庆)","1946","第17期","7","重庆"
"滿江紅（八則）：[詩詞]","伊人","民主(重庆)","1946","第17期","1-2","重庆"
"對五五憲草的意見","民主(重庆)","1946","第17期","5",NA,"重庆"
"關於共同綱領中的經濟財政問題","方治平","民主(重庆)","1946","第18期","1","重庆"
"實現民主的聯合政府","若愚","民主(重庆)","1946","第16期","0","重庆"
"民主軍歌：[歌曲]","洗星海 李公樸","民主(重庆)","1946","第17期","0","重庆"
"才進民主幼稚園：會議程序討論誌","李戰林","民主(重庆)","1946","第17期","2","重庆"
"從美國的外交攻勢說，到它片面的援華政策","蕭明","民主(重庆)","1946","第38期","1","重庆"
"論共同綱領的重要性","鄧初民","民主(重庆)","1946","第18期","0","重庆"
"老百姓該起來了","范華農","民主(重庆)","1946","第17期","2","重庆"
"廣東通訊：東江的故事：王友班、却爾與小鬼……","于明","民主(重庆)","1946","第26期","3","重庆"
"實踐諾言與履行協定","司馬星","民主(重庆)","1946","第26期","0","重庆"
"創刊半年致讀者","民主(重庆)","1946","第26期","0",NA,"重庆"
"北平通訉：甦生了的古城","陸青","民主(重庆)","1945","第12期","3","重庆"
"實行民主根絕內戰","琳","民主(重庆)","1945","第8期","0","重庆"
"中國外交的戲","北人","民主(重庆)","1945","第8期","3","重庆"
"論中美兩國關係：致英國杜威博士函","陶行知","民主(重庆)","1945","第7期","3","重庆"
"四萬五千萬人的大公司四萬五千萬人做老板","陶行知","民主(重庆)","1945","第2期","0","重庆"
"五外長會議之基本問題","宣諦之","民主(重庆)","1945","第2期","1","重庆"
"哭：我在陪都各界人士集會的大會場裏……","鄧初氏","民主(重庆)","1945","第9期","3","重庆"
"毋我則和平","潘光旦","民主(重庆)","1945","第3期","3","重庆"
"迎接政治協商會議","民主(重庆)","1945","第13期","0",NA,"重庆"
"中國民主同盟三代表談片：怎樣安慰關懷着我們的人們","范樸齋","民主(重庆)","1945","第4期","2","重庆"
"學習怎樣運用自由","(英)馬可里 陶行知","民主(重庆)","1945","第2期","1","重庆"
"原子彈與世界和平：評原子彈會議","施艾","民主(重庆)","1945","第10期","0","重庆"
"迎接一九四六年","琳","民主(重庆)","1945","第14期","0","重庆"
"援助越南和印度尼西亞人民的獨立運動","李及","民主(重庆)","1945","第6期","3","重庆"
"大處小處之間","冶人","民主(重庆)","1945","第8期","1-2","重庆"
"“慘勝”與“慘敗”","王少燕","民主(重庆)","1945","第5期","2","重庆"
"政治協商會議之路：[詩歌]","陶行知","民主(重庆)","1945","第13期","0","重庆"
"茶餘談屑：清末歐風東漸……","肥遯","民主(重庆)","1945","第6期","3","重庆"
"輓聯選輯：要獨裁殘殺學生之政府從來没有好結果……","李公樸 鄧初民 楊佑賢","民主(重庆)","1945","特别增刊","3","重庆"
"民主信箱：故都的暗影","洛明","民主(重庆)","1945","第14期","3","重庆"
"民之所好三首：[詩歌]","陶行知","民主(重庆)","1945","第5期","3","重庆"
"人民的聲音：陪都各界反對內戰聯合會成立大會記","力揚","民主(重庆)","1945","第9期","2","重庆"
"民主同盟全會談屑","涵先","民主(重庆)","1945","第3期","3","重庆"
"論政治協商會議","若愚","民主(重庆)","1945","第5期","0","重庆"
"行動：至高無上的悼念","駱聞","民主(重庆)","1945","特别增刊","3","重庆"
"昆明學生為“一二，一”事件告各界同胞書","民主(重庆)","1945","特别增刊","1",NA,"重庆"
"茶餘談屑","肥遯","民主(重庆)","1945","第5期","3","重庆"
"民族解放與世界和平","吳清友","民主(重庆)","1945","第5期","0","重庆"
"新年的希望：[詩歌]","陶行知","民主(重庆)","1945","第14期","1","重庆"
"誰是美國的朋友","民主(重庆)","1945","第12期","1-2",NA,"重庆"
"魯迅與民族性研究","許壽裳","民主(重庆)","1945","第6期","1","重庆"
"讓我向美利堅人民和兵土們傾訴","蕭明","民主(重庆)","1945","第7期","1","重庆"
"論所謂自主·獨立·中間的立場：兼論“從超出問題來解決問題”向我敬佩的梁漱溟先生就教","鄧初民","民主(重庆)","1945","第11期","2","重庆"
"讀了左舜生先生“從制止内戰談到政治協商會議”以後","鄧初民","民主(重庆)","1945","第12期","1","重庆"
"經濟一週：敷衍不是辦法","民主(重庆)","1945","第2期","2",NA,"重庆"
"月半雜感：“復员”與“復原”","茅盾","民主(重庆)","1945","第1期","2","重庆"
"國共商談初步結果發表以後","石梅","民主(重庆)","1945","第4期","0","重庆"
"通訊：嚴冬到了成都","屠西","民主(重庆)","1945","第8期","3","重庆"
"最近經濟措施的檢討","方治平","民主(重庆)","1945","特别增刊","2","重庆"
"文化運動的檢討與期望","項黎","民主(重庆)","1945","特别增刊","3","重庆"
"人民事業萬歲","莊稼","民主(重庆)","1945","特别增刊","0-3","重庆"
"代發刊詞：本刊將於近日發行……","民主(重庆)","1945","第1期","0",NA,"重庆"
"特寫：歷史的里程碑民主同盟臨全代會圆滿閉幕","羅涵先","民主(重庆)","1945","第4期","3","重庆"
"慶祝陳嘉庚先生安全囘到新嘉坡歌：[詩歌]","陶行知","民主(重庆)","1945","第9期","0","重庆"
"東北問題應該政治解决","民主(重庆)","1945","第9期","0",NA,"重庆"
"慘案在陪都的反響","民主(重庆)","1945","特别增刊","1-3",NA,"重庆"
"編者小言：新年是一個總結一切事業的里程碑……","民主(重庆)","1945","特别增刊","3",NA,"重庆"
"讀報有感：内戰與内亂","燕士","民主(重庆)","1945","第10期","3","重庆"
"贈芳仇一首君來書時多傷時之語：[詩詞]","柳亞子","民主(重庆)","1945","第3期","3","重庆"
"敬向政治協商會議民間代表諸公致辭","范華農","民主(重庆)","1945","第12期","2","重庆"
"催粮","耿农","民主:桂林版","1947","第36期","10-11","桂林"
"一年来的教育文化","洛如","民主:桂林版","1947","第36期","7","桂林"
"老师日记","悲声","民主:桂林版","1947","第36期","27","桂林"
"一年来的政治与军事","慕容苗","民主:桂林版","1947","第36期","2-3","桂林"
"“一二、一”纪念日在烈士墓前","民主:桂林版","1947","第36期","22-23",NA,"桂林"
"民主是人民事业开展的源泉:介绍韬奋著:事业管理与职业修养","杨弘","民主:桂林版","1947","第36期","19-20","桂林"
"“顶好”两首:[诗歌]","波浪","民主:桂林版","1947","第36期","25","桂林"
"马歇尔的回国和出任国务卿","慕容苗","民主:桂林版","1947","第36期","29","桂林"
"欧洲新生与英美","张志和","民主:桂林版","1947","第36期","8-9","桂林"
"新兴美术的趋势","雨田","民主:桂林版","1947","第36期","16","桂林"
"一年来的弱小民族","周明养","民主:桂林版","1947","第36期","13-15","桂林"
"美国的经济情形与世界政治","黄春生","民主:桂林版","1947","第36期","9-10","桂林"
"苏联的五年计划","许虚","民主:桂林版","1947","第36期","11-12","桂林"
"经验和教训","何兆坤","民主:桂林版","1947","第36期","17，24","桂林"
"回来罢，孩子!:[诗歌]","元白","民主:桂林版","1947","第36期","6","桂林"
"休刊辞:本刊和读者们相见，转瞬又是一年多了","民主:桂林版","1947","第36期","1",NA,"桂林"
"关于吴满有:诗潮社第一次座谈会纪录","民主:桂林版","1947","第36期","23-25",NA,"桂林"
"我所见的“二五减租”","为民","民主:桂林版","1947","第36期","28","桂林"
"“布利乔夫”读后","小燄","民主:桂林版","1947","第36期","21-22","桂林"
"罪恶的创造者","林峰","民主:桂林版","1947","第36期","26","桂林"
"怎样才是民主的宪法:在桂林师范学院讲","张映南 李瑶","民主:桂林版","1947","第36期","4-6","桂林"
"各大都市的残冬图绘","陋之","民主:桂林版","1947","第36期","18","桂林"
"再论扩大民主阵线","民主:桂林版","1947","第36期","30",NA,"桂林"
"一周间:“纠缠战”的阶段","民主:桂林版","1946","第31期","3",NA,"桂林"
"我们需要永久和平","民主:桂林版","1946","第14期","1",NA,"桂林"
"中国民主同盟政协代表对当前时局发表书面谈话:制止内战重开政协挽救危局:参加联合政府，不做入幕客卿","民主:桂林版","1946","第18期","3",NA,"桂林"
"桂林有些什么学校?宜入何校","民主:桂林版","1946","第18期","12",NA,"桂林"
"起来，中华民国的人民:[诗歌]","薛建才","民主:桂林版","1946","第31期","6-7","桂林"
"呵，七七!好像一把剑剌进我的心!","伊人","民主:桂林版","1946","第15期","5-6，12","桂林"
"凯旋(独幕广场剧)","王时颖","民主:桂林版","1946","第21期","10-11","桂林"
"关于当前的教育文化诸问题","欧振文","民主:桂林版","1946","第29期","5-6","桂林"
"儆告歪曲事实的韦廷之","民主:桂林版","1946","第26期","12",NA,"桂林"
"哥哥，回来呀!:[歌曲]","戈风","民主:桂林版","1946","第31期","12","桂林"
"一个被无理开除的女学生的控诉","民主:桂林版","1946","第19期","12",NA,"桂林"
"心里的话","廖婴","民主:桂林版","1946","第33期","10","桂林"
"仅可“喝水”的待遇","小芒","民主:桂林版","1946","第15期","9","桂林"
"东欧各国的土地改革(续完)","张锡昌","民主:桂林版","1946","第26期","7-8","桂林"
"一周间:美国日本的罢工潮","民主:桂林版","1946","第34期","3",NA,"桂林"
"关于妇女联谊会","蕙芬","民主:桂林版","1946","第15期","7-9","桂林"
"法国大选后","黄春生","民主:桂林版","1946","第33期","5","桂林"
"中国民主同盟政协代表对当前时局发表书面谈话:制止内战重开政协挽救危局:召开国民大会，不是傀儡会议","民主:桂林版","1946","第18期","3",NA,"桂林"
"教师要认识时代","洛如","民主:桂林版","1946","第32期","8","桂林"
"新闻的反串","墨君","民主:桂林版","1946","第21期","9","桂林"
"人民的力量决定历史的方向","何之","民主:桂林版","1946","第14期","2","桂林"
"地方行政会议与重建广西","民主:桂林版","1946","第29期","1-2",NA,"桂林"
"东北、华北、华中最近形势图","民主:桂林版","1946","第22期","2",NA,"桂林"
"从欧洲局势看和平会议","黄春生","民主:桂林版","1946","第19期","5-6","桂林"
"一周间:民盟坚决的立场是真民主","民主:桂林版","1946","第33期","2",NA,"桂林"
"从锡茶壶说到选举票上的错字","何陋之","民主:桂林版","1946","第20期","9","桂林"
"论“事大主义”的外交:为台胞在东京流血作","刘健","民主:桂林版","1946","第20期","7-8","桂林"
"周末考验:一、这次和会，使我们大中华民国有机会实行了足足两个钟头之久的三民主义的外交……","周琦","民主:桂林版","1946","第29期","11","桂林"
"党化教育杰作一例:作文限写“健党与建国”","野筍","民主:桂林版","1946","第16期","8-9","桂林"
"民盟政协代表为李闻等被暗杀案向政府提出严重抗议书","民主:桂林版","1946","第20期","4",NA,"桂林"
"中国当前的经济危机","王向凡","民主:桂林版","1946","第21期","6-7","桂林"
"日本投降后美国在远东的佈置","黄春生","民主:桂林版","1946","第21期","4","桂林"
"时事杂感","蕙芳","民主:桂林版","1946","第23期","9","桂林"
"忆与悼","易水之思","民主:桂林版","1946","第23期","9","桂林"
"前言","民主:桂林版","1946","第18期","12",NA,"桂林"
"广西的道路","民主:桂林版","1946","第21期","1",NA,"桂林"
"中国到底是不是和会邀请国?","民主:桂林版","1946","第20期","12",NA,"桂林"
"“民主”是杀不死的","阳云","民主:桂林版","1946","第20期","10-11","桂林"
"人民所需要的政治解决","金华","民主:桂林版","1946","第19期","7","桂林"
"确定为同学服务的方针!","何兆坤","民主:桂林版","1946","第26期","9-10","桂林"
"读报杂感","浮天","民主:桂林版","1946","第26期","10","桂林"
"“驱逐鞑虏，创建民国”新义","刘健","民主:桂林版","1946","第27期","3","桂林"
"介绍几位民盟领袖人物(一)","民主:桂林版","1946","第34期","6",NA,"桂林"
"印度往那里走?","陈希贤","民主:桂林版","1946","第26期","4-5","桂林"
"要唱出人民的声音","翟元","民主:桂林版","1946","第32期","7","桂林"
"青年学生的彷徨","张一凡","民主:桂林版","1946","第32期","11","桂林"
"一周间:选举在欧美","民主:桂林版","1946","第32期","2-3",NA,"桂林"
"“美国兵，顶好”!:[诗歌]","大白","民主:桂林版","1946","第31期","11","桂林"
"一周间:国民大会的难关","民主:桂林版","1946","第32期","3",NA,"桂林"
"“而已”!“而已”!","何陋之","民主:桂林版","1946","第31期","10","桂林"
"往事不堪回首!试问今日如何?","何陋之","民主:桂林版","1946","第28期","9","桂林"
"美国人民也不要战争","黄春生","民主:桂林版","1946","第29期","4","桂林"
"中华全国文协总会发表:鲁迅先生逝世十周年纪念文告:阐述当前中心任务","民主:桂林版","1946","第29期","7",NA,"桂林"
"一周间:走向殖民地化","民主:桂林版","1946","第30期","2",NA,"桂林"
"一周间:“英美长期军事合作”","民主:桂林版","1946","第35期","5",NA,"桂林"
"漫谈资格","哈哈","民主:桂林版","1946","第18期","8","桂林"
"历史不能消灭人民将追索在历史上所付的代价","聂龙","民主:桂林版","1946","第15期","2","桂林"
"写于荒凉与寂寞的山中","徐醒","民主:桂林版","1946","第27期","11","桂林"
"关于书刊介绍及其他","民主:桂林版","1946","第26期","12",NA,"桂林"
"办中国事要用外国文字","民主:桂林版","1946","第14期","9",NA,"桂林"
"一周间:军事演习，赶造原子弹","民主:桂林版","1946","第35期","5",NA,"桂林"
"“新战争”不会即刻来临","黄春生","民主:桂林版","1946","第27期","7","桂林"
"谈经济危机","张志和","民主:桂林版","1946","第30期","3","桂林"
"人民生活歌:[歌曲]","方旅","民主:桂林版","1946","第34期","12","桂林"
"周末杂感:(一)在战国时代争鸣的诸子中，孟子车先生比较火气最大……","王之枚","民主:桂林版","1946","第16期","10","桂林"
"东欧各国的土地改革","张锡昌","民主:桂林版","1946","第25期","6-7","桂林"
"教育的遭难","黄德馨","民主:桂林版","1946","第30期","9","桂林"
"国民大会","民主:桂林版","1946","第31期","1",NA,"桂林"
"“世界民主政治的新趋势”","邓初民 杨弘","民主:桂林版","1946","第35期","9","桂林"
"钟山通讯:可怜的一批“犯人”(?)","洪涛","民主:桂林版","1946","第35期","12","桂林"
"控告凶欧学生的宜中当局","章廷","民主:桂林版","1946","第16期","11","桂林"
"中国民主同盟政协代表对当前时局发表书面谈话:制止内战重开政协挽救危局:恢复政协会议，实行五项决议","民主:桂林版","1946","第18期","3",NA,"桂林"
"上海反内战运动的真相","希昭","民主:桂林版","1946","第17期","11-12","桂林"
"由流血想起","鹏","民主:桂林版","1946","第16期","9","桂林"
"纪念“七七”","陈闲","民主:桂林版","1946","第15期","4","桂林"
"周末考验:一、十二月一日本市各报载“国大”第五次会议讨论……","周琦","民主:桂林版","1946","第35期","10","桂林"
"归来吧!爸爸!:[诗歌]","洪涛","民主:桂林版","1946","第35期","11","桂林"
"一周间:内战还是要扩大的","民主:桂林版","1946","第35期","4",NA,"桂林"
"周末杂感","王之枚","民主:桂林版","1946","第15期","10","桂林"
"回去吧，美国兵:[诗歌]","白苇","民主:桂林版","1946","第34期","11","桂林"
"周末考验:一、报载:美国某议员在纽约某大学讲演……","周琦","民主:桂林版","1946","第34期","9","桂林"
"城:这是一道封建的城墙","阳阡","民主:桂林版","1946","第34期","9","桂林"
"美国剩余物资与中国内战","民主:桂林版","1946","第24期","5",NA,"桂林"
"“拖”得下去吗?","作周","民主:桂林版","1946","第16期","2","桂林"
"认识农村","许虚","民主:桂林版","1946","第14期","4","桂林"
"为死难文化战士静默","木天","民主:桂林版","1946","第13期","4-5","桂林"
"“投诚”?“起义”?","民主:桂林版","1946","第13期","9",NA,"桂林"
"深入农村，争取长期的和平!","作周","民主:桂林版","1946","第14期","3","桂林"
"从阿Q正传看辛亥","采石","民主:桂林版","1946","第31期","6","桂林"
"美国竟有人提倡托管东北","小芒","民主:桂林版","1946","第13期","4","桂林"
"否决权问题","黄春生","民主:桂林版","1946","第30期","4","桂林"
"“民意测验”","野筍","民主:桂林版","1946","第30期","11","桂林"
"奴才养成所和装饰品","波浪","民主:桂林版","1946","第30期","11，5","桂林"
"“战败”的日本、“战胜”的中国","默君","民主:桂林版","1946","第30期","5","桂林"
"生活在宾阳国中","王祥","民主:桂林版","1946","第13期","12","桂林"
"编后:很久以来，爱护本刊的读者就向我们提出","民主:桂林版","1946","第13期","12",NA,"桂林"
"所望于本省中等教育会议者","民主:桂林版","1946","第18期","1",NA,"桂林"
"怎样渡过今年的暑假?","靳为霖","民主:桂林版","1946","第16期","5-6","桂林"
"访问孙中原:揭露特务绑架民盟负责人士的丑行","屠西","民主:桂林版","1946","第22期","6-7","桂林"
"谢谢你，美国人!:[诗歌]","木天","民主:桂林版","1946","第30期","6","桂林"
"征军粮在龙岸","向春","民主:桂林版","1946","第21期","12","桂林"
"伊宁谈判成功的原因","张光裕","民主:桂林版","1946","第18期","8","桂林"
"时期乡村工作纲要:给暑期回乡的青年同学和青年教师们参考","民主:桂林版","1946","第16期","12",NA,"桂林"
"联总驻华外籍职员三百人联名控诉国民党政府处理救济事宜不当","民主:桂林版","1946","第18期","6",NA,"桂林"
"民主教育:在桂中学治会演词","蒋匀田","民主:桂林版","1946","第16期","3-4","桂林"
"中国人民是自己命运的主人","民主:桂林版","1946","第22期","1",NA,"桂林"
"联总为什么停运物资来华?","伊人","民主:桂林版","1946","第18期","4-6","桂林"
"反内战还是反内乱?","民主:桂林版","1946","第16期","10",NA,"桂林"
"从民族主义来谈民主","金华","民主:桂林版","1946","第18期","7","桂林"
"八月长沙","伍丁","民主:桂林版","1946","第27期","11","桂林"
"庐山文告、安平事件和美国政策","何之","民主:桂林版","1946","第20期","3-4，12","桂林"
"一周间:大内战在酝酿中","民主:桂林版","1946","第33期","2-3",NA,"桂林"
"心里的歌:[诗歌]","蔓夫","民主:桂林版","1946","第31期","11","桂林"
"一个“爱好和平”的人:列达格斯","安娜·莎克赛 孙源","民主:桂林版","1946","第34期","10","桂林"
"周未考验","周琦","民主:桂林版","1946","第28期","4-5","桂林"
"民盟对当前时局态度及主张","民主:桂林版","1946","第28期","4",NA,"桂林"
"一周间:战局领导着和局","民主:桂林版","1946","第31期","3",NA,"桂林"
"一周间:乐观多于悲观","民主:桂林版","1946","第33期","3",NA,"桂林"
"对于李闻被刺案之中国司法的感想","潜伏","民主:桂林版","1946","第20期","8","桂林"
"介绍“孔墨的思想”","杨荣国 __波","民主:桂林版","1946","第31期","9","桂林"
"南京下关暴徒行凶和平请愿代表被欧重伤","民主:桂林版","1946","第15期","12",NA,"桂林"
"周末考验:一、胡子的胡闹:近十数年来，最使政府当局诸公觉得大出意外的……","周琦","民主:桂林版","1946","第30期","12","桂林"
"略论经济危机","许虚","民主:桂林版","1946","第34期","4-5","桂林"
"一周间:国大终于开幕了","民主:桂林版","1946","第33期","2",NA,"桂林"
"农村掠影","石夫","民主:桂林版","1946","第25期","11-12","桂林"
"“征兵”再来吗?","小兵","民主:桂林版","1946","第27期","10","桂林"
"从和亲说起","何陋之","民主:桂林版","1946","第34期","7-8","桂林"
"陶行知先生精神不死","柏寒","民主:桂林版","1946","第19期","10","桂林"
"介绍几位民盟领袖人物(二)","民主:桂林版","1946","第35期","3",NA,"桂林"
"争取教育自由","默君","民主:桂林版","1946","第27期","4","桂林"
"原子弹梦","陈闲","民主:桂林版","1946","第15期","11","桂林"
"中国怎样才可能变为需要教育的国家?","林砺儒","民主:桂林版","1946","第17期","4","桂林"
"全面内战展开以后","何之","民主:桂林版","1946","第26期","2-3","桂林"
"今日应有的信念","民主:桂林版","1946","第35期","1-2",NA,"桂林"
"为征求基本定户告读者","民主:桂林版","1946","第23期","12",NA,"桂林"
"周末考验:一、报载蒋主席往无锡避寿时，当夜与马歇尔同看当地所演旧戏“孟姜女寻夫”……","周琦","民主:桂林版","1946","第33期","8","桂林"
"内战带来了:[诗歌]","捷克","民主:桂林版","1946","第33期","4","桂林"
"再论国民大会","民主:桂林版","1946","第32期","1",NA,"桂林"
"周未考验","周琦","民主:桂林版","1946","第31期","10","桂林"
"中国民主同盟在沪招待记者谈话","民主:桂林版","1946","第23期","3",NA,"桂林"
"所谓闻案了结实系排演丑剧:民盟向政府提出抗议","民主:桂林版","1946","第23期","5",NA,"桂林"
"为征求基本定户告读者","民主:桂林版","1946","第22期","12",NA,"桂林"
"谈提高外汇","欧振文","民主:桂林版","1946","第23期","8","桂林"
"关于李、闻暗杀案","民主:桂林版","1946","第18期","12",NA,"桂林"
"中国应怎样站在巴黎和会中","民主:桂林版","1946","第19期","1",NA,"桂林"
"和平还在难产中","何之","民主:桂林版","1946","第21期","2-3","桂林"
"略谈托管制问题","张志和","民主:桂林版","1946","第33期","4","桂林"
"徐家湾的早晨","支笔","民主:桂林版","1946","第33期","9-10","桂林"
"的里雅斯德:巴黎和会的礁石","黄春生","民主:桂林版","1946","第26期","6","桂林"
"一连串的演说","民主:桂林版","1946","第26期","1，3",NA,"桂林"
"是减征还是加征田赋呢?","青萍","民主:桂林版","1946","第25期","7","桂林"
"内战的军事形势","何之","民主:桂林版","1946","第25期","2-3","桂林"
"一周间:和谈的最后努力","民主:桂林版","1946","第31期","3",NA,"桂林"
"反对美国变质的对华政策","许虚","民主:桂林版","1946","第17期","5","桂林"
"为千百万的死难将士呼冤:记空军烈士何信之母革命前辈何老太太","漓流","民主:桂林版","1946","第13期","10-12","桂林"
"关于召开国大","欧振文","民主:桂林版","1946","第28期","5","桂林"
"响应“美军退出中国”运动在上海","民主:桂林版","1946","第28期","7-9",NA,"桂林"
"废止奴隶买卖式的征兵制度","民主:桂林版","1946","第29期","6",NA,"桂林"
"为继续征求基本定户告读者","民主:桂林版","1946","第33期","12",NA,"桂林"
"打开智慧的窗子","孟浪","民主:桂林版","1946","第33期","11","桂林"
"好战的将军们啊","谭英侣","民主:桂林版","1946","第19期","10","桂林"
"中日教育需要更多的民主","朱世贤","民主:桂林版","1946","第25期","8-9","桂林"
"再论的里雅斯德问题","黄春生","民主:桂林版","1946","第34期","5-6","桂林"
"张家口战役之后","何之","民主:桂林版","1946","第28期","3","桂林"
"论自动实施政协决议","刘健","民主:桂林版","1946","第19期","6-7","桂林"
"谁不履行诺言","欧振文","民主:桂林版","1946","第21期","5","桂林"
"正告国民政府","民主:桂林版","1946","第19期","4",NA,"桂林"
"门户开放新解","雷天鸣","民主:桂林版","1946","第29期","9","桂林"
"“财政经济情形，业已渐趋好转”吗?","欧振文","民主:桂林版","1946","第25期","5","桂林"
"周末考验:一、港沪中外报纸，都会详细地刊载过南洋侨胞领袖陈喜庚的言行……","周琦","民主:桂林版","1946","第32期","9","桂林"
"从战场上回来","舒宜","民主:桂林版","1946","第32期","9","桂林"
"悲愤的音讯:这不是“投笔从戎”而是“残文养武”啊","野筍","民主:桂林版","1946","第34期","11","桂林"
"建国的初步成绩","玻痕","民主:桂林版","1946","第14期","12","桂林"
"二五减租如何实行","陈章甫","民主:桂林版","1946","第23期","6","桂林"
"真是令人回答不出了","武子","民主:桂林版","1946","第24期","9","桂林"
"一周间:纽约会场上的考验","民主:桂林版","1946","第32期","2",NA,"桂林"
"李公朴·闻一多被剌","民主:桂林版","1946","第17期","1",NA,"桂林"
"代邮:李瑞华先生:来函述及你虽系独负家庭生计……","民主:桂林版","1946","第32期","12",NA,"桂林"
"凯旋(续二)","王时颖","民主:桂林版","1946","第23期","10-11","桂林"
"一周间:暴风雨要来了","民主:桂林版","1946","第34期","3",NA,"桂林"
"庐山的风向","何之","民主:桂林版","1946","第17期","2-3","桂林"
"人民的意见","民主:桂林版","1946","第33期","3",NA,"桂林"
"读林砺儒著教育危言","杨弘","民主:桂林版","1946","第33期","7-8","桂林"
"“中美合作”与中国内战","何之","民主:桂林版","1946","第23期","2","桂林"
"饥饿中的罗城人","雪明","民主:桂林版","1946","第18期","10-11","桂林"
"民盟总部梁秘书长发表谈话:抗议闻李被暗杀","民主:桂林版","1946","第19期","4",NA,"桂林"
"民主同盟对美国态度:拥护杜鲁门对华声明，反对军事援助国民党","民主:桂林版","1946","第24期","3",NA,"桂林"
"海关管理权竟也请外人代劳","以平","民主:桂林版","1946","第14期","7","桂林"
"代邮:一、宜山初中梁次槐诸先生:来件以篇幅过长……","民主:桂林版","1946","第24期","12",NA,"桂林"
"目前国内时局之症结及其解决之途径","张澜","民主:桂林版","1946","第31期","2","桂林"
"“和”、“战”、“拖”的关键","何之","民主:桂林版","1946","第15期","1-2","桂林"
"透视庐山的迷雾","何之","民主:桂林版","1946","第19期","2-3","桂林"
"中国民族工业的希望在那里?“子夜”中的吴荪甫为什么失败","洛波","民主:桂林版","1946","第31期","4-5","桂林"
"一周间:人民知道抉择的","民主:桂林版","1946","第34期","2-3",NA,"桂林"
"凯旋(续完)","王时颖","民主:桂林版","1946","第24期","10-12","桂林"
"中国民主同盟政协代表对当前时局发表书面谈话:制止内战重开政协挽救危局:李公朴氏被暗杀，时局愈来愈黑暗","民主:桂林版","1946","第18期","3",NA,"桂林"
"时局仍然严重","何之","民主:桂林版","1946","第22期","3-4","桂林"
"从马帅和司徒大使的联合声明说起","欧振文","民主:桂林版","1946","第22期","7","桂林"
"读麦克阿瑟管制日本周年的文告后","许虚","民主:桂林版","1946","第24期","4-5","桂林"
"今天的日本与中国","黄春生","民主:桂林版","1946","第35期","6-7","桂林"
"小心不要给它自己响起来__!","直言","民主:桂林版","1946","第22期","9","桂林"
"十年来的“进步”:鲁迅先生逝世十周年祭","孙懋德","民主:桂林版","1946","第29期","8-9","桂林"
"不能再纵容佛朗哥了!","以平","民主:桂林版","1946","第13期","5","桂林"
"读了罗隆基先生谈话以后","民主:桂林版","1946","第34期","1",NA,"桂林"
"桂林米价何独高?","以平","民主:桂林版","1946","第14期","12","桂林"
"评广西省参议会","民主:桂林版","1946","第16期","1-2",NA,"桂林"
"美应改变现行对华政策","民主:桂林版","1946","第24期","1",NA,"桂林"
"悼陶行知先生","唐现之","民主:桂林版","1946","第19期","11","桂林"
"为继续征求基本定户告读者","民主:桂林版","1946","第32期","12",NA,"桂林"
"同正民众的生活","秦伶","民主:桂林版","1946","第21期","12","桂林"
"伟大的税则:面粉抽税口红免税","小芒","民主:桂林版","1946","第15期","11","桂林"
"一周间:勿让卖身契续订下去!","民主:桂林版","1946","第34期","3",NA,"桂林"
"如此检查户口!","民主:桂林版","1946","第29期","12",NA,"桂林"
"开学以后","何兆坤","民主:桂林版","1946","第25期","10-11","桂林"
"征兵的心声:[诗歌]","古泉","民主:桂林版","1946","第32期","3","桂林"
"否决权的意义及其重要","刘健","民主:桂林版","1946","第23期","7","桂林"
"乐观多于悲观","洛如","民主:桂林版","1946","第35期","8","桂林"
"资本主义体系最后王座的美国","许虚","民主:桂林版","1946","第25期","4-5","桂林"
"控诉大湾乡公所无理的拘捕","民主:桂林版","1946","第16期","11",NA,"桂林"
"代邮:蔼原先生:你说:“对于“民主”，自己孤单地在看”……","民主:桂林版","1946","第27期","12",NA,"桂林"
"假使和平谈判能恢复","民主:桂林版","1946","第28期","1-2",NA,"桂林"
"中国民主同盟政协代表对当前时局发表书面谈话:制止内战重开政协挽救危局:经济破产崩溃人民不得喘息","民主:桂林版","1946","第18期","2",NA,"桂林"
"美军在华暴行录","民主:桂林版","1946","第28期","10-12",NA,"桂林"
"爱好民主的人站起来:给“民主”","艾森","民主:桂林版","1946","第27期","12","桂林"
"巴黎、纽约、南京","何之","民主:桂林版","1946","第29期","2-3","桂林"
"乡居片断","孟浪","民主:桂林版","1946","第34期","8","桂林"
"我们在中国干些什么?","诺斯","民主:桂林版","1946","第16期","7-9","桂林"
"不许再有枪炮声!:东北停战十五天满期了","民主:桂林版","1946","第13期","1",NA,"桂林"
"今日“征实”是应当的吗?","欧振文","民主:桂林版","1946","第24期","8","桂林"
"一周间:视民如寇“格杀勿贷”","民主:桂林版","1946","第35期","4",NA,"桂林"
"看了“雷雨”演出之后:要从悲剧的命运中挣扎出来","王榆","民主:桂林版","1946","第26期","11","桂林"
"中国民主同盟总部秘书处紧急通告","民主:桂林版","1946","第35期","2-3",NA,"桂林"
"谈“培植民主思想”","彭慧","民主:桂林版","1946","第19期","8","桂林"
"悲剧中的我们","伊人","民主:桂林版","1946","第14期","8-11","桂林"
"争取民主与教育改造","林砺儒","民主:桂林版","1946","第14期","6-8","桂林"
"中国古代的奴隶制","陈竺同","民主:桂林版","1946","第14期","5-7","桂林"
"还像不像一个政府?","民主:桂林版","1946","第22期","4",NA,"桂林"
"广西三十五年度中等教育会议的我见","邹邵谟","民主:桂林版","1946","第21期","8-9","桂林"
"略论美国共和党的获选","张志和","民主:桂林版","1946","第32期","5","桂林"
"漫谈“雷雨”","黎宾","民主:桂林版","1946","第31期","7-8","桂林"
"纽约、巴黎、南京","何之","民主:桂林版","1946","第13期","3-4","桂林"
"钟山通讯:有饭吃，人民倒反死","洪涛","民主:桂林版","1946","第35期","12","桂林"
"坚定自己，照顾朋友","何兆坤","民主:桂林版","1946","第33期","6","桂林"
"中央社的恶意造谣:为裁诬滥杀之预备:民盟将追究其法律责任","民主:桂林版","1946","第29期","11",NA,"桂林"
"立此存照","波浪","民主:桂林版","1946","第29期","10","桂林"
"一周间:空权正式奉送了","民主:桂林版","1946","第30期","2",NA,"桂林"
"周末杂感","王之枚","民主:桂林版","1946","第14期","10-12","桂林"
"这个日子:[诗歌]","武子","民主:桂林版","1946","第27期","6","桂林"
"饥饿的藤县农村见闻录","钟平","民主:桂林版","1946","第29期","12","桂林"
"贝尔纳斯的美对德政策声明","黄春生","民主:桂林版","1946","第24期","6-8","桂林"
"我是怎样离开学校的","张复生","民主:桂林版","1946","第30期","10","桂林"
"笑里藏刀的美国对华政策","伊人","民主:桂林版","1946","第20期","5-6","桂林"
"读报杂感","浮天","民主:桂林版","1946","第27期","10","桂林"
"评本省中等教育会议","王向凡","民主:桂林版","1946","第20期","1-2","桂林"
"中共七七宣言的内容怎样?","民主:桂林版","1946","第19期","12",NA,"桂林"
"内战和经济","白惠生","民主:桂林版","1946","第19期","9","桂林"
"美国装备和训练的中国军队没有打日本，却在屠杀学生!美报提请要求美国国会讨论","民主:桂林版","1946","第19期","9",NA,"桂林"
"温故知新:民初宋教仁被剌案","史鉴","民主:桂林版","1946","第18期","10-11","桂林"
"检讨美国对日政策","黄春生","民主:桂林版","1946","第32期","6-7","桂林"
"完成七七未了的任务","许虚","民主:桂林版","1946","第15期","3-4","桂林"
"战后各国经济政策的趋势","徐寅初 高言弘","民主:桂林版","1946","第13期","6-9","桂林"
"论非正式五人小组会议及让售剩余物资:民盟政协代表对记者之谈话","民主:桂林版","1946","第24期","2-3",NA,"桂林"
"孙院长谈警管区制","小芒","民主:桂林版","1946","第14期","11","桂林"
"我们在中国干些什么?(续完)","诺斯","民主:桂林版","1946","第17期","6-9","桂林"
"一周间:否决权·托管·调查非敌国驻军","民主:桂林版","1946","第34期","2",NA,"桂林"
"高利贷榨干了桂东农民的血汗","力耘","民主:桂林版","1946","第17期","9-10","桂林"
"国民党法西斯份子竟庇护德国纳粹和留用日人","民主:桂林版","1946","第17期","3",NA,"桂林"
"一周间:“谈，停，谈”的第一步","民主:桂林版","1946","第30期","2",NA,"桂林"
"以文化建设纪念双十吧","樸","民主:桂林版","1946","第27期","5","桂林"
"关于联合国大会","民主:桂林版","1946","第30期","1",NA,"桂林"
"中国当前的经济危机(续完):附表","王向凡","民主:桂林版","1946","第22期","8-9","桂林"
"介绍“民主问题讲话”","力戈","民主:桂林版","1946","第18期","9","桂林"
"一周间:希拉内战","民主:桂林版","1946","第34期","2",NA,"桂林"
"“接收”后的“伟绩”","民主:桂林版","1946","第15期","7",NA,"桂林"
"“九·一八”不能再度出现","民主:桂林版","1946","第25期","1",NA,"桂林"
"民主和三民主义","金华","民主:桂林版","1946","第15期","8-9","桂林"
"实行警管区制在上海","小芒","民主:桂林版","1946","第14期","12","桂林"
"民主政治与民主教育","邓初民","民主:桂林版","1946","第30期","7-8","桂林"
"我们要争取主权的独立","金人","民主:桂林版","1946","第24期","7","桂林"
"缩军，征兵与和平","民主:桂林版","1946","第33期","1，3",NA,"桂林"
"一周间:一面倒的外交政策","民主:桂林版","1946","第35期","5",NA,"桂林"
"历史的教训","民主:桂林版","1946","第27期","1-2",NA,"桂林"
"请愿:[诗歌]","铁汉","民主:桂林版","1946","第32期","8","桂林"
"五人小组会议","民主:桂林版","1946","第23期","1",NA,"桂林"
"谁守法?谁违法?谁合法?谁非法?","民主:桂林版","1946","第27期","12",NA,"桂林"
"一周间:正式出卖领空权","民主:桂林版","1946","第35期","4-5",NA,"桂林"
"饥民进行曲","波痕","民主:桂林版","1946","第16期","10","桂林"
"英国的对外政策","黄春生","民主:桂林版","1946","第28期","6","桂林"
"凯旋(续一)","王时颖","民主:桂林版","1946","第22期","10-11","桂林"
"“二五减租”","阳干","民主:桂林版","1946","第35期","7","桂林"
"告洋状","民主:桂林版","1946","第14期","5",NA,"桂林"
"中国民主同盟政协代表对当前时局发表书面谈话:制止内战重开政协挽救危局:政治不民主是因，武力党争只是果","民主:桂林版","1946","第18期","2",NA,"桂林"
"不平等条约的翻身:略论“内河航行权”的开放","张西超","民主:桂林版","1946","第13期","2","桂林"
"今年“七七”的感想","张西超","民主:桂林版","1946","第15期","4","桂林"
"窒息中的山城","白蘋","民主:桂林版","1946","第32期","10-11","桂林"
"“七七”二愿","毕来","民主:桂林版","1946","第15期","4","桂林"
"要坚决完成我们的使命","徐寅初","民主:桂林版","1946","第23期","4","桂林"
"中美商约平议","许虚","民主:桂林版","1946","第32期","4","桂林"
"如何照顾全民的利益:也请为中小地主作想","牧梓","民主:桂林版","1946","第24期","9","桂林"
"“七七”","匀田","民主:桂林版","1946","第15期","4","桂林"
"好战者必自食其果","许虚","民主:桂林版","1946","第22期","5","桂林"
"蒋主席何厚于川民","民主:桂林版","1946","第18期","12",NA,"桂林"
"中国民主同盟招待新闻记者谈话","民主:桂林版","1946","第35期","2-3",NA,"桂林"
"矛盾的环境中话:本刊一周年","民主周刊(昆明)","1945","第2卷 第19期","封面-3",NA,"昆明"
"论人民的军队","楚图南","民主周刊(昆明)","1945","第2卷 第7期","9-10","昆明"
"越南人民的独立运动","徐植","民主周刊(昆明)","1945","第2卷 第20期","10-12","昆明"
"他们流血我们流泪:记成都“一二·九”大游行","游牧","民主周刊(昆明)","1945","第2卷 第21期","16","昆明"
"科学精神重于一切","洪谦","民主周刊(昆明)","1945","第1卷 第10期","10","昆明"
"从伦敦会议到莫斯科会议","费孝通","民主周刊(昆明)","1945","第2卷 第22期","9-11","昆明"
"“七，七”八周年纪念","努生","民主周刊(昆明)","1945","第2卷 第1期","封面-3","昆明"
"褫下荘严的架沙:评坊间的一些“特务文学”","卢蕻","民主周刊(昆明)","1945","第1卷 第19期","9-10","昆明"
"我就是死在坟墓里也要从事文化工作","民主周刊(昆明)","1945","第1卷 第18期","11",NA,"昆明"
"书评:解放区见闻","(美)福尔曼 陆钦墀","民主周刊(昆明)","1945","第2卷 第3期","12-13","昆明"
"一周时事专论:大独裁者的下场","民主周刊(昆明)","1945","第1卷 第20期","13-14",NA,"昆明"
"马关条约的五十周年:论国际间中日两国的地位","陆钦墀","民主周刊(昆明)","1945","第1卷 第17期","9-10","昆明"
"苏联外交政策史论:林石父著康宁书店版","全杨","民主周刊(昆明)","1945","第1卷 第8期","14-15","昆明"
"工业与国防","朱健飞","民主周刊(昆明)","1945","第1卷 第11期","9-10","昆明"
"民主生活之教育准备","胡毅","民主周刊(昆明)","1945","第1卷 第18期","7-8","昆明"
"致敬并致问美国的笔的战士们","楚图南","民主周刊(昆明)","1945","第1卷 第26期","8-11","昆明"
"个人与群:所谓个人主义与集体主义","徐如免","民主周刊(昆明)","1945","第1卷 第19期","6-8","昆明"
"平民世纪的展开:英国大选揭晓后的感想","费孝通","民主周刊(昆明)","1945","第2卷 第5期","4-6","昆明"
"苦热重庆","子冈","民主周刊(昆明)","1945","第2卷 第6期","13-14","昆明"
"欧洲新民主运动与联合政府","思慕","民主周刊(昆明)","1945","增3","6-10","昆明"
"英国的民主生活方式:英国议会","黄吉兴","民主周刊(昆明)","1945","第1卷 第16期","10-12","昆明"
"远东的和谣","孟南","民主周刊(昆明)","1945","增3","3-5","昆明"
"杂谈清客(社会相)","丁易","民主周刊(昆明)","1945","增3","11","昆明"
"细菌和技俩","谷荣","民主周刊(昆明)","1945","第1卷 第16期","12","昆明"
"美军与中国内战:士兵们，放下枪杆来!、苏联革命纪念、东北的接收、新疆事变","民主周刊(昆明)","1945","第2卷 第15期","封面-3",NA,"昆明"
"“亮”的只是“天”而已!","君山","民主周刊(昆明)","1945","第2卷 第21期","14-15","昆明"
"变不要乱","努生","民主周刊(昆明)","1945","第1卷 第12期","封面-2","昆明"
"重庆航讯:危机还没有渡过","罗西","民主周刊(昆明)","1945","第2卷 第16期","7-8","昆明"
"血泪话山西","穆欣","民主周刊(昆明)","1945","第2卷 第20期","13-15","昆明"
"中国式的民主","民主周刊(昆明)","1945","增2","3",NA,"昆明"
"纪念“一二·九”十周年从“一二·九”到“一二·一”","程澄之","民主周刊(昆明)","1945","第2卷 第19期","15","昆明"
"中国民主同盟临时全国代表大会宣言","民主周刊(昆明)","1945","第2卷 第13期","14-15",NA,"昆明"
"八年来中国民主的动向","罗隆基","民主周刊(昆明)","1945","第2卷 第9期","6-9","昆明"
"今天没有中立","民主周刊(昆明)","1945","第2卷 第22期","封面-3",NA,"昆明"
"教授失踪!文人饿饭","努生","民主周刊(昆明)","1945","第1卷 第16期","封面-3","昆明"
"制止中国的内战危机","(美)安德鲁鲍思","民主周刊(昆明)","1945","第2卷 第12期","6-8","昆明"
"无题","吕剑","民主周刊(昆明)","1945","增3","19","昆明"
"美国外交政策(书评)","张时俊","民主周刊(昆明)","1945","第1卷 第13期","9","昆明"
"越南人民的独立运动(下)","徐植","民主周刊(昆明)","1945","第2卷 第21期","10-13","昆明"
"人民是“中立”的吗?","孟南","民主周刊(昆明)","1945","第2卷 第11期","9-11","昆明"
"大后方民运的二三问题","胡钊","民主周刊(昆明)","1945","第2卷 第4期","10-11","昆明"
"哭笑不得","其良","民主周刊(昆明)","1945","第2卷 第14期","19-20","昆明"
"怎样解决东北问题","费孝通","民主周刊(昆明)","1945","第2卷 第17期","4-5","昆明"
"英国的民主生活方式:(四)英国的政党制度","黄巨兴","民主周刊(昆明)","1945","第1卷 第17期","8","昆明"
"联合政府:二次世界大战的一个新收获","退知","民主周刊(昆明)","1945","第2卷 第8期","10-11","昆明"
"英国的民主生活方式","民主周刊(昆明)","1945","第1卷 第13期","13-14",NA,"昆明"
"“民选”镇、保长训政的成绩","华阳","民主周刊(昆明)","1945","第1卷 第21期","9-11","昆明"
"谁先打进柏林","民主周刊(昆明)","1945","增2","2-3",NA,"昆明"
"与论的节约（杂感）","花西里","民主周刊(昆明)","1945","增2","21","昆明"
"英国国王上了断头台(民主运动史话2)","柏寒","民主周刊(昆明)","1945","增2","12-13","昆明"
"二次欧战胜利的重大意义","昭掄","民主周刊(昆明)","1945","第1卷 第22期","12-13","昆明"
"中国民主路程遥远","罗隆基","民主周刊(昆明)","1945","第1卷 第19期","4-5","昆明"
"吾人并非为制造一批百万沃尓沃而战","吴晗","民主周刊(昆明)","1945","第2卷 第6期","4-5","昆明"
"法国战时文艺(下)","闻家驷","民主周刊(昆明)","1945","第1卷 第14期","10-11","昆明"
"团结统一的一块里程碑:国共会谈纪要发表","曾昭掄","民主周刊(昆明)","1945","第2卷 第12期","4-5","昆明"
"重庆通讯:中国不能有内战","小鱼","民主周刊(昆明)","1945","第2卷 第1期","13-14","昆明"
"从育才学校看民主教育","杨穗","民主周刊(昆明)","1945","第2卷 第5期","7-8","昆明"
"湘西通讯:如此慰劳","苏东","民主周刊(昆明)","1945","第2卷 第5期","11-12","昆明"
"评杜鲁门对华政策声明","张子毅","民主周刊(昆明)","1945","第2卷 第21期","5-6","昆明"
"农民一家四口自杀这是民主国家现象?","吉人","民主周刊(昆明)","1945","第1卷 第26期","11-12","昆明"
"如何解决?:论复员整军会议、敌乎?友乎?","民主周刊(昆明)","1945","第2卷 第16期","封面-3",NA,"昆明"
"西缐崩溃!东海沸腾!","思慕","民主周刊(昆明)","1945","增2","4-7","昆明"
"罗斯福","何达","民主周刊(昆明)","1945","第1卷 第20期","11","昆明"
"祝政治协商会议","鲁山","民主周刊(昆明)","1945","第2卷 第21期","3-4","昆明"
"读者来信:不顾再做帮凶","民主周刊(昆明)","1945","第2卷 第15期","16",NA,"昆明"
"学生的民主呼声","民主周刊(昆明)","1945","第1卷 第15期","13-14",NA,"昆明"
"浙大的民主浪潮","杨明","民主周刊(昆明)","1945","第1卷 第15期","12","昆明"
"制止内战的几项措施","洛扬","民主周刊(昆明)","1945","第2卷 第15期","6-7","昆明"
"解决国是问题的最后方案","柳亚子","民主周刊(昆明)","1945","第2卷 第15期","8-9","昆明"
"外论介绍:美苏与中国内战:美国与论之一般","民主周刊(昆明)","1945","第2卷 第17期","6-7",NA,"昆明"
"远能再打内战吗?","周新民","民主周刊(昆明)","1945","第2卷 第17期","6-8","昆明"
"中国民主同盟临时全国代表大会政治报告","民主周刊(昆明)","1945","第2卷 第16期","15-16",NA,"昆明"
"死得漂亮，活得光辉:看""离离草""的演出","梧轩","民主周刊(昆明)","1945","第1卷 第15期","8-9","昆明"
"战后和平与教育问题","楚图南","民主周刊(昆明)","1945","第1卷 第10期","4-5","昆明"
"圈定的参政员名单发表","努生","民主周刊(昆明)","1945","第1卷 第19期","封面-3","昆明"
"论一二一惨案与纪纲","高光","民主周刊(昆明)","1945","第2卷 第20期","6-8","昆明"
"美报论中国内战","民主周刊(昆明)","1945","第2卷 第19期","8-9",NA,"昆明"
"东方殖民地问题的今日","黄药眠","民主周刊(昆明)","1945","第2卷 第13期","6-10","昆明"
"神乎技矣的参政会!","努生","民主周刊(昆明)","1945","第2卷 第4期","封面-3","昆明"
"“误会”而“冲突”以后","民主周刊(昆明)","1945","第2卷 第12期","14",NA,"昆明"
"世界和平底经济保障(下)","沈志远","民主周刊(昆明)","1945","第2卷 第2期","11-12","昆明"
"红旗高插柏林城","昭掄","民主周刊(昆明)","1945","第1卷 第19期","13-15","昆明"
"我们为什么作战","钟百频","民主周刊(昆明)","1945","第2卷 第4期","8-9","昆明"
"中国的赌博:从莫斯科外长会议看重庆政治协商会议:让人间有谷穗，有孩子们，有城市，有诗歌，让人间有生命!","高扬","民主周刊(昆明)","1945","第2卷 第22期","14-16","昆明"
"外论介绍:美苏与中国内战(一九四五年十月十三日国美The Nation周刊之社评)","民主周刊(昆明)","1945","第2卷 第16期","6",NA,"昆明"
"参政会中的一个难题:国民大会问题","努生","民主周刊(昆明)","1945","第2卷 第2期","封面-3","昆明"
"为国民党借箸一筹","罗隆基","民主周刊(昆明)","1945","第2卷 第4期","4-7","昆明"
"投机吞蚀了整个社会谈谈黄金政策及其他","黄杉","民主周刊(昆明)","1945","第2卷 第2期","4-5","昆明"
"一周时事专论:美军登陆硫球群岛","昭掄","民主周刊(昆明)","1945","第1卷 第16期","13-14","昆明"
"粉碎日寇的战略与攻势","周新民","民主周刊(昆明)","1945","第1卷 第17期","4-5","昆明"
"英国工党(本社资料室特稿)","民主周刊(昆明)","1945","第2卷 第5期","13-14",NA,"昆明"
"关于作家的写作态度:评赵超构先生的一种看法","伯华","民主周刊(昆明)","1945","第2卷 第5期","9-10","昆明"
"中国的政治前途","罗隆基","民主周刊(昆明)","1945","第2卷 第1期","4-6","昆明"
"妇女的民主集会","民主周刊(昆明)","1945","第1卷 第13期","13-14",NA,"昆明"
"我们在抗战胜利时的主张","努生","民主周刊(昆明)","1945","第2卷 第6期","封面-3","昆明"
"印度通讯:印度的政治问题","曹刚","民主周刊(昆明)","1945","第2卷 第17期","9-10","昆明"
"联合政府的任务","张子毅","民主周刊(昆明)","1945","第2卷 第22期","4-6","昆明"
"到农村去!","马代","民主周刊(昆明)","1945","第2卷 第8期","14-16","昆明"
"中苏人民的友谊","努生","民主周刊(昆明)","1945","第1卷 第26期","封面-3","昆明"
"青年与未来中国政治","叔伟","民主周刊(昆明)","1945","第1卷 第23期","4-5","昆明"
"新文学的发生·发展及今日:胜利年纪念鲁迅先生(续)","尚钺","民主周刊(昆明)","1945","第2卷 第11期","12-14","昆明"
"乐观中的戒惧:论苏联对日宣战与我们的任务","杜迈之","民主周刊(昆明)","1945","第2卷 第6期","6-7","昆明"
"读英国人民来书的感热","努生","民主周刊(昆明)","1945","第1卷 第13期","封面-3","昆明"
"攻日进入新阶段","昭掄","民主周刊(昆明)","1945","第2卷 第4期","14","昆明"
"从制度上看苏联的民主","伯韩","民主周刊(昆明)","1945","第2卷 第3期","8-9","昆明"
"春满城都(通信)","陈亦丹","民主周刊(昆明)","1945","增2","18-19","昆明"
"论阻碍工业建设的因素","姜鹏翊","民主周刊(昆明)","1945","第2卷 第12期","11-14","昆明"
"欧洲政局与英美苏关系","思慕","民主周刊(昆明)","1945","第2卷 第10期","9-10","昆明"
"既得利益集团与中国民主前途","黄海","民主周刊(昆明)","1945","第2卷 第8期","12-13，16","昆明"
"波茨坦会议前夕的世界","昭掄","民主周刊(昆明)","1945","第2卷 第3期","14","昆明"
"谁来指挥?谁来统制?","来秋","民主周刊(昆明)","1945","第1卷 第8期","12-13","昆明"
"中国民主运动中的两条路线","鄧初民","民主周刊(昆明)","1945","第2卷 第3期","4-5","昆明"
"远东战局的关键","周新民","民主周刊(昆明)","1945","第2卷 第1期","9-10","昆明"
"八年来的中国妇女运动","文宜","民主周刊(昆明)","1945","第2卷 第2期","6-8","昆明"
"醒一醒罢，大后方!","胡剑","民主周刊(昆明)","1945","第1卷 第24期","10-11","昆明"
"改造自己，提高自己!首先说在革命事业上，人民是决定的力量.智识青年和人民结合起来，才是伟火的，无敌的.","光年","民主周刊(昆明)","1945","第2卷 第13期","11-13，5","昆明"
"八年来的联大","吴纪","民主周刊(昆明)","1945","第2卷 第14期","12-15","昆明"
"外长会议的失败","江同","民主周刊(昆明)","1945","第2卷 第12期","9-10","昆明"
"胜利敲破了饭碗一个译员的控拆","诸慧","民主周刊(昆明)","1945","第2卷 第11期","14-15","昆明"
"为和平·民主团结的新中国而奋斗","鄧初民","民主周刊(昆明)","1945","第2卷 第10期","4-5","昆明"
"祸根未除","费孝通","民主周刊(昆明)","1945","第2卷 第9期","4-5","昆明"
"政治解决的坦途","曹萝阳","民主周刊(昆明)","1945","第2卷 第9期","10-11，15","昆明"
"纳粹政党解散","努生","民主周刊(昆明)","1945","第1卷 第22期","封面-3","昆明"
"人身自由何在?:中苏有权管制日本","民主周刊(昆明)","1945","第2卷 第13期","封面-2",NA,"昆明"
"如何应付当前的经济恐慌","伍启元","民主周刊(昆明)","1945","第2卷 第11期","4-6","昆明"
"改造自己，提高自己!","光年","民主周刊(昆明)","1945","第2卷 第14期","9-11，18","昆明"
"欧战胜利结束","昭掄","民主周刊(昆明)","1945","第1卷 第21期","12-14","昆明"
"国共商谈初步协议的透视:十教授致蒋毛电文、中国民主同盟临时代表会闭幕","民主周刊(昆明)","1945","第2卷 第12期","封面-3",NA,"昆明"
"辟两种对于民主的错误观念","敏","民主周刊(昆明)","1945","第1卷 第24期","8-9","昆明"
"五四征文:还是青年的任务","白英","民主周刊(昆明)","1945","第1卷 第20期","12","昆明"
"“感动”应图报德:纪念二月四日的感功节","努生","民主周刊(昆明)","1945","第1卷 第8期","封面-2","昆明"
"湘桂战事侧影(中)","君山","民主周刊(昆明)","1945","第1卷 第8期","15-17","昆明"
"教育与民主生活","胡毅","民主周刊(昆明)","1945","第1卷 第15期","4-5","昆明"
"物价问题的新阶段","孟心坚","民主周刊(昆明)","1945","第1卷 第18期","4-6","昆明"
"民主的呼声","民主周刊(昆明)","1945","第1卷 第20期","9-10",NA,"昆明"
"这是什么声音:重庆航讯","万英","民主周刊(昆明)","1945","第1卷 第17期","11","昆明"
"褫下荘严的架沙(下):评访间的一些“特务文学”","卢蕻","民主周刊(昆明)","1945","第1卷 第20期","9-10","昆明"
"论五四","吴晗","民主周刊(昆明)","1945","第1卷 第20期","6-7","昆明"
"法国战时文艺(上)","闻家駰","民主周刊(昆明)","1945","第1卷 第13期","10-12","昆明"
"“个人与社会”:评敦福堂先生的奇论","海魂","民主周刊(昆明)","1945","第1卷 第24期","6-7","昆明"
"一周时事专论:旧金山会议筹备声中的东欧政局","昭掄","民主周刊(昆明)","1945","第1卷 第13期","17-18","昆明"
"释党派会议之说:答胡参政员秋原","鲁小詹","民主周刊(昆明)","1945","第1卷 第14期","4-6","昆明"
"一周时事专论:从华沙到柏林(续第八期)","昭掄","民主周刊(昆明)","1945","第1卷 第11期","15-17","昆明"
"论民主的主潮","鄧初民","民主周刊(昆明)","1945","第1卷 第11期","5-8","昆明"
"多党政治与团结的学习:民主导演论之二","潘光旦","民主周刊(昆明)","1945","第1卷 第12期","3-5","昆明"
"前缐:一个剧本的推荐","张刚","民主周刊(昆明)","1945","第1卷 第11期","13-14","昆明"
"上海通讯:复的什么原?","晶远","民主周刊(昆明)","1945","第2卷 第16期","13-14","昆明"
"军校学生生活","天父","民主周刊(昆明)","1945","第1卷 第14期","13-14","昆明"
"从“分贼”谈到“混水摸鱼”:答益世报及燕树棠教授","鲁小詹","民主周刊(昆明)","1945","第1卷 第10期","6-9","昆明"
"学生们赤诚的呼唤","努生","民主周刊(昆明)","1945","第1卷 第17期","封面-3","昆明"
"市侩颂(讽刺诗)","光未然","民主周刊(昆明)","1945","第2卷 第3期","10-11","昆明"
"心理学与民主实验","周先庚","民主周刊(昆明)","1945","第1卷 第8期","6-8","昆明"
"集体农场与中国农业经济","獨郑步","民主周刊(昆明)","1945","第1卷 第8期","9-11","昆明"
"宋代两次均产运动:人民的历史之一章","吴晗","民主周刊(昆明)","1945","第1卷 第10期","11-12","昆明"
"记史迪威公路首次通车","陆平 胡剑","民主周刊(昆明)","1945","第1卷 第10期","13-14","昆明"
"民主的呼声","民主周刊(昆明)","1945","第1卷 第10期","15",NA,"昆明"
"致新闻界之声明","民主周刊(昆明)","1945","第2卷 第20期","15-16",NA,"昆明"
"中国农村的危机及其对策(下)","陈康成","民主周刊(昆明)","1945","第2卷 第16期","9-10","昆明"
"在陪都的浓雾中:各党派领袖及文化界欢宴郭沫若先生及最近被解散的文工会各委员","民主周刊(昆明)","1945","第1卷 第18期","10",NA,"昆明"
"黄金舞弊案及其他","华心","民主周刊(昆明)","1945","第1卷 第19期","11-12","昆明"
"最后的机会:质孔庚、正告赫尔利将军、当心中国的人民!","民主周刊(昆明)","1945","第2卷 第17期","封面-3",NA,"昆明"
"论美苏合作","(美)蓝纳 徐修","民主周刊(昆明)","1945","第2卷 第14期","6-8","昆明"
"中国民主同盟临时全国代表大会政治报告(续上期)","民主周刊(昆明)","1945","第2卷 第17期","14-16",NA,"昆明"
"政府又算改组了一次!","努生","民主周刊(昆明)","1945","第2卷 第5期","封面-3","昆明"
"写给学科学的青年们","曾昭掄","民主周刊(昆明)","1945","第2卷 第14期","4-5","昆明"
"团结在招唤:论莫斯科三外长会议","高扬","民主周刊(昆明)","1945","第2卷 第21期","7-9","昆明"
"民主在欧洲旅行","光未然","民主周刊(昆明)","1945","增3","20-24","昆明"
"五四游行不准参加连说话自由也没有:一同学因此惨遭禁闭","寿生","民主周刊(昆明)","1945","第1卷 第23期","9-11","昆明"
"门争的方向与原则","民主周刊(昆明)","1945","第2卷 第19期","16",NA,"昆明"
"他们死不瞑目:论罢课事件与“一·二一”惨案","洛扬","民主周刊(昆明)","1945","第2卷 第19期","10-13","昆明"
"一周时事专论:中国大陆还是日本本土","思慕","民主周刊(昆明)","1945","第1卷 第15期","15-17","昆明"
"从当前国际形势看中国民主团结前途","君山","民主周刊(昆明)","1945","第2卷 第7期","7-8","昆明"
"内战又起!:联大精神、美国军火与印度尼西亚民族的独立","民主周刊(昆明)","1945","第2卷 第14期","封面-3",NA,"昆明"
"从“广开言路”说起(专论)","柏寒","民主周刊(昆明)","1945","增3","12-14","昆明"
"美国总统与美国政治","潘大逵","民主周刊(昆明)","1945","第1卷 第26期","7","昆明"
"不许日寇的投降变质","思慕","民主周刊(昆明)","1945","第2卷 第8期","8-9，16","昆明"
"燕树棠教授笔下的宪法与宪政","春光","民主周刊(昆明)","1945","增2","8-10，19","昆明"
"中国农村的危机及其对策(上)","陈康成","民主周刊(昆明)","1945","第2卷 第15期","10-11","昆明"
"“着急”什么?","公孙未央","民主周刊(昆明)","1945","第2卷 第14期","4-6","昆明"
"台湾人民的政治要求","陈明文","民主周刊(昆明)","1945","第2卷 第10期","11-12","昆明"
"关于复员问题","迈之","民主周刊(昆明)","1945","第2卷 第9期","封面-3","昆明"
"所谓废发止审查仍是伪装民主的手法要给人民新闻自由应取销一切独占性的机构和法令","艾秋飙","民主周刊(昆明)","1945","第2卷 第11期","7-8","昆明"
"对政治协商会议的看法","王立果","民主周刊(昆明)","1945","第2卷 第22期","7-9","昆明"
"诚实的作家，诚实的导演评“离离草”的演出兼论大后方戏剧运动","光未然","民主周刊(昆明)","1945","增2","20，7","昆明"
"吃得饱与吃得到:改善士兵生活的关键","胡钊","民主周刊(昆明)","1945","第1卷 第13期","7-8","昆明"
"世界最大的航空母舰","曾昭掄","民主周刊(昆明)","1945","增2","11","昆明"
"一周时事析要:东缐苏军的攻势","正非","民主周刊(昆明)","1945","第1卷 第10期","16","昆明"
"读半官式的国事宣言","努生","民主周刊(昆明)","1945","第1卷 第18期","封面-3","昆明"
"一个美国兵论美国对华政策","冬予里","民主周刊(昆明)","1945","第2卷 第19期","14-15","昆明"
"民主的呼声:公米到那里去了、豫鄂边境传来的声音","民主周刊(昆明)","1945","第1卷 第13期","15",NA,"昆明"
"民主第一","子冈","民主周刊(昆明)","1945","第2卷 第7期","14-15","昆明"
"让人民来裁判员","迈之","民主周刊(昆明)","1945","第2卷 第8期","封面-3","昆明"
"欧洲·从混乱中组成了行列","黄药眠","民主周刊(昆明)","1945","第2卷 第10期","6-8","昆明"
"全国人民组织起来监督共谈判:国民党应公开谈判内容","艾秋飙","民主周刊(昆明)","1945","第2卷 第8期","4-5，7","昆明"
"恢复和平以后的欧洲(一)","昭掄","民主周刊(昆明)","1945","第1卷 第23期","12-13","昆明"
"如何推进青年民运动(上)","孟南","民主周刊(昆明)","1945","第1卷 第21期","6-8","昆明"
"一周时事专论:阿刺伯联盟成立","昭掄","民主周刊(昆明)","1945","第1卷 第14期","17-18","昆明"
"新文学的发生·发展及今日:胜利年纪念鲁迅先生","尚铖","民主周刊(昆明)","1945","第2卷 第10期","13-16","昆明"
"怎样做一个新时代的妇女:为“三八”妇女节而作","昭掄","民主周刊(昆明)","1945","第1卷 第12期","6-7","昆明"
"印度和印度人民","曹刚","民主周刊(昆明)","1945","第2卷 第16期","11-12","昆明"
"民主的呼声:二千五百余优秀青年喊出民主团结的呼声","民主周刊(昆明)","1945","第1卷 第18期","9-10",NA,"昆明"
"重庆风雨(重庆航讯)","罗西","民主周刊(昆明)","1945","第2卷 第14期","16-18","昆明"
"记三大学联合举办七七的晚会昆明一盛会","冯克","民主周刊(昆明)","1945","第2卷 第2期","13-14","昆明"
"殖民地问题之本质与现实:论殖民地问题兼评托治制度之一","农慕之","民主周刊(昆明)","1945","第1卷 第24期","4-5","昆明"
"论美国对华政策","费孝通","民主周刊(昆明)","1945","第2卷 第15期","4-5","昆明"
"中国民主同盟纲领(中国民国三十四年十月临时全国代表大会通过)","民主周刊(昆明)","1945","第2卷 第15期","14-15",NA,"昆明"
"明代的奴隶和奴变:人民的历史之一章","吴晗","民主周刊(昆明)","1945","第1卷 第15期","6-9","昆明"
"免儿爷的道行(杂感)","马远","民主周刊(昆明)","1945","增3","14","昆明"
"美国阴谋下的中国","王立果","民主周刊(昆明)","1945","第2卷 第18期","8-9","昆明"
"美国政策必须改变!","王立果","民主周刊(昆明)","1945","第2卷 第16期","4-5","昆明"
"论波茨坦会议的成就","农慕之","民主周刊(昆明)","1945","第2卷 第6期","8-9","昆明"
"政治协商会议与国防新案","张东蓀","民主周刊(昆明)","1945","第2卷 第22期","11-12","昆明"
"民意反映了什么?","民主周刊(昆明)","1945","第2卷 第19期","4-8",NA,"昆明"
"农村剪影:湘西农村通讯","田禾","民主周刊(昆明)","1945","第1卷 第11期","11-12","昆明"
"历史的教训","莫闻","民主周刊(昆明)","1945","增2","16-19","昆明"
"读蒋主席六全大会演词","努生","民主周刊(昆明)","1945","第1卷 第21期","封面-3","昆明"
"五四运动的历史法则","闻一多","民主周刊(昆明)","1945","第1卷 第20期","4-5","昆明"
"参政会十遗","子冈","民主周刊(昆明)","1945","第2卷 第4期","12-13","昆明"
"人民的力量","昭掄","民主周刊(昆明)","1945","第1卷 第16期","8-9","昆明"
"期望于六全大会者","努生","民主周刊(昆明)","1945","第1卷 第20期","封面-3","昆明"
"中国民主同盟临时全国代表大会政治报告(续上期)","民主周刊(昆明)","1945","第2卷 第18期","15-16",NA,"昆明"
"关于国共商谈","迈之","民主周刊(昆明)","1945","第2卷 第7期","封面-3","昆明"
"论“政治协商会议”","孟南","民主周刊(昆明)","1945","第2卷 第13期","3-5","昆明"
"评六全大会中一个决议","努生","民主周刊(昆明)","1945","第1卷 第23期","封面-3","昆明"
"民主与语文改革","曹樸","民主周刊(昆明)","1945","增3","16-19","昆明"
"一支坚强的戏剧队伍","周依维","民主周刊(昆明)","1945","第1卷 第23期","7-8","昆明"
"如何推进青年民主运动(下)","孟南","民主周刊(昆明)","1945","第1卷 第22期","7-9","昆明"
"日本投降与中国政治前途","袁西华","民主周刊(昆明)","1945","第2卷 第7期","4-6","昆明"
"增进中苏邦交","甘敏","民主周刊(昆明)","1945","增3","2","昆明"
"在陪都的浓雾中:欢迎文化界战士回到更广大的自由天地来:左舜生先生致词说","民主周刊(昆明)","1945","第1卷 第18期","10",NA,"昆明"
"成败之间","民主周刊(昆明)","1945","第2卷 第21期","封面-2",NA,"昆明"
"八年来的世界民主浪潮","昭掄","民主周刊(昆明)","1945","第2卷 第1期","7-8","昆明"
"论目前美国对华政策","君山","民主周刊(昆明)","1945","第2卷 第3期","6-7","昆明"
"恢复和平以后的欧洲(三)","昭掄","民主周刊(昆明)","1945","第1卷 第26期","13-14","昆明"
"工业化的难产","沈来秋","民主周刊(昆明)","1945","第1卷 第12期","8-12","昆明"
"中国应是中国人的中国","民主周刊(昆明)","1945","第2卷 第20期","8",NA,"昆明"
"学生的呼声:从朱旭病死谈到青年疯狂","汝德","民主周刊(昆明)","1945","增3","15","昆明"
"中国最古的特务组织和言论统制","穆涛","民主周刊(昆明)","1945","增2","16-17，18","昆明"
"中国民主同盟昆明支部发言人:对昆市大中学生罢课:抗议非法的武装干涉自由的声明:赫尔利大使辞职、正义何在?、英国必须放弃帝国主义政策、我们抗议屠杀!","民主周刊(昆明)","1945","第2卷 第18期","封面-3",NA,"昆明"
"机器与螺丝:谈大运动与小工作","孟心坚","民主周刊(昆明)","1945","第1卷 第23期","6","昆明"
"英国内阁改组","昭掄","民主周刊(昆明)","1945","第1卷 第24期","12-13","昆明"
"痛论当前物价问题及其对策","胡钊","民主周刊(昆明)","1945","第2卷 第17期","11-13，8","昆明"
"惩办汉奸·大赦政治犯","吴晗","民主周刊(昆明)","1945","第2卷 第8期","6-7","昆明"
"一部二十四史从何说起(下):我们从历史中学习什么","胡绳","民主周刊(昆明)","1945","增2","14-15","昆明"
"重庆航讯:不幸的枪声","罗西","民主周刊(昆明)","1945","第2卷 第15期","12-13","昆明"
"箭在弦上的华北大战","民主周刊(昆明)","1945","第2卷 第20期","封面-7",NA,"昆明"
"僵局如何打开:论中国政治的前途","钱端升 天凡","民主周刊(昆明)","1945","第2卷 第7期","11-15","昆明"
"中共要求派郭先生为售金山代表团的顾问","民主周刊(昆明)","1945","第1卷 第18期","11",NA,"昆明"
"国立西南联合大学张奚若等十教授为国共商谈致蒋介石毛泽东两先生电文","民主周刊(昆明)","1945","第2卷 第12期","15",NA,"昆明"
"论效率","费孝通","民主周刊(昆明)","1945","第1卷 第14期","7-9","昆明"
"民主的呼声:民主下乡去","慕英","民主周刊(昆明)","1945","第1卷 第13期","16","昆明"
"美国对华政策的转捩","冬予里","民主周刊(昆明)","1945","第2卷 第20期","9-10","昆明"
"英国的民主生活方式","黄巨兴","民主周刊(昆明)","1945","第1卷 第15期","10-11","昆明"
"和战之间:论两条阵线，两个力量的门争","王立果","民主周刊(昆明)","1945","第2卷 第20期","4-6","昆明"
"一周时事专论:克里米亚会议以后的世界","昭掄","民主周刊(昆明)","1945","第1卷 第12期","15-16","昆明"
"民主政治与民主教育","郑初民","民主周刊(昆明)","1945","第1卷 第21期","4-5","昆明"
"五月的步武","青蛉","民主周刊(昆明)","1945","第1卷 第23期","10-11","昆明"
"为胜利团结与民主而歌","光未然","民主周刊(昆明)","1945","第2卷 第9期","16","昆明"
"美军登陆硫磺岛","民主周刊(昆明)","1945","第1卷 第10期","17",NA,"昆明"
"杜鲁门总统就职以后的世界局面","昭掄","民主周刊(昆明)","1945","第1卷 第18期","12-13","昆明"
"团结要表里如一","努生","民主周刊(昆明)","1945","第1卷 第15期","封面-3","昆明"
"苏联民主特征及其历史发展","袁西华","民主周刊(昆明)","1945","第2卷 第1期","11-13","昆明"
"英国议会(上)","Hogg，P. 黄巨兴","民主周刊(昆明)","1945","第1卷 第14期","12","昆明"
"怎样推进中国的民主运动","雷铭","民主周刊(昆明)","1945","第1卷 第17期","6-7","昆明"
"第四根铁钉","Bercovici，K. 艾莤","民主周刊(昆明)","1945","第1卷 第12期","13-14","昆明"
"新闻自由与人权保障","胡钊","民主周刊(昆明)","1945","第2卷 第10期","封面-3","昆明"
"救救孩子们","华阳","民主周刊(昆明)","1945","第1卷 第14期","15-16","昆明"
"当前的土地改革问题","沈志远","民主周刊(昆明)","1945","第2卷 第6期","10-12","昆明"
"我们有劳工政策么?","史国卫","民主周刊(昆明)","1945","第1卷 第22期","4-6","昆明"
"短评:民主领袖之死","民主周刊(昆明)","1945","增2","2",NA,"昆明"
"琉球激战中远东局势的突变","昭掄","民主周刊(昆明)","1945","第1卷 第17期","12-13","昆明"
"关于圑结的几个问题","罗隆基","民主周刊(昆明)","1945","第1卷 第10期","封面-3","昆明"
"初夏重庆","华心","民主周刊(昆明)","1945","第1卷 第22期","10-11","昆明"
"民主生活之个人准备","胡毅","民主周刊(昆明)","1945","第1卷 第8期","3-5","昆明"
"青年们，努力民主:纪念青年“努力周”","努生","民主周刊(昆明)","1945","第1卷 第14期","封面-3","昆明"
"团结与军权统一","王赣愚","民主周刊(昆明)","1945","第1卷 第13期","4-6","昆明"
"工者有其器","鄭独步","民主周刊(昆明)","1945","第2卷 第2期","9-10","昆明"
"“三二九”与“五四”","黎华","民主周刊(昆明)","1945","第1卷 第20期","8","昆明"
"国共谈判该向人民报告了:“胜利灾”不容再扩大拖久、自由论坛社解散","民主周刊(昆明)","1945","第2卷 第11期","封面-3",NA,"昆明"
"中国需要第三个大政党","罗隆基","民主周刊(昆明)","1945","第1卷 第16期","4-7","昆明"
"我们将为基本民权而战","曹萝阳","民主周刊(昆明)","1945","第2卷 第6期","5","昆明"
"工程师节纪念","努生","民主周刊(昆明)","1945","第1卷 第24期","封面-3","昆明"
"从华沙到柏林(上):苏联冬季攻势进行曲","昭掄","民主周刊(昆明)","1945","第1卷 第8期","18-19","昆明"
"联大的民主集会:时事晚会速写","吴晓","民主周刊(昆明)","1945","增2","22-24","昆明"
"世界和平底经济保障(上)","沈志远","民主周刊(昆明)","1945","第1卷 第26期","4-6","昆明"
"论东北问题","孟南","民主周刊(昆明)","1945","第2卷 第9期","12-15","昆明"
"我们对三个问题的意见:(一)国民大会应否如期召开?(二)过去所选代表应否有效?(三)国大代表仅为制宪抑兼行宪?","努生","民主周刊(昆明)","1945","第2卷 第3期","封面-3","昆明"
"可怕的国际会谋!:评美国生活杂志社论“中国，什么是和平的代价?”","民主周刊(昆明)","1945","第2卷 第18期","4-7",NA,"昆明"
"读者来信选辑","民主周刊(昆明)","1945","第2卷 第22期","13",NA,"昆明"
"读者来信:一、“我为李平先生叫屈”二、“泪纸一张献上”","民主周刊(昆明)","1945","第2卷 第13期","16",NA,"昆明"
"难产的“政治协商会议”","罗西","民主周刊(昆明)","1945","第2卷 第18期","10-12","昆明"
"在上海望华北","其良","民主周刊(昆明)","1945","第2卷 第18期","12-14","昆明"
"提高警觉","民主周刊(昆明)","1946","第2卷 第26期","封面-3",NA,"昆明"
"寂寞沙城秦","翼青","民主周刊(昆明)","1946","第3卷 第3期","15-16","昆明"
"对于政治协商会议的期望","周新民","民主周刊(昆明)","1946","第2卷 第23期","9-10","昆明"
"民盟云南省支部发言人对解决当前时局严重问题之意见","民主周刊(昆明)","1946","第3卷 第8期","封面-3",NA,"昆明"
"民盟云南省支部发言人对停止东北内战开始和平谈判之意见:第二次“护国起义”、关于美国对华贷款、中学教师该受检定吗?","民主周刊(昆明)","1946","第3卷 第14期","封面-3",NA,"昆明"
"惜别联大","康纳","民主周刊(昆明)","1946","第3卷 第13期","12-13","昆明"
"严重局势下的昆明惨案","章士谷","民主周刊(昆明)","1946","第3卷 第19期","7-9","昆明"
"汉奸升官.教授自杀","张健","民主周刊(昆明)","1946","第3卷 第6期","15-16","昆明"
"如何解决国大代表问题","尚铖","民主周刊(昆明)","1946","第2卷 第25期","9-13","昆明"
"和平建国纲领关于教育的一条","潘光旦","民主周刊(昆明)","1946","第3卷 第2期","7-9","昆明"
"新的考验","甘杜","民主周刊(昆明)","1946","第3卷 第15期","15-16","昆明"
"原子能与资本主义经济体系","狄超白","民主周刊(昆明)","1946","第3卷 第7期","7-9","昆明"
"中国民主同盟云南省支部发言人对政府纵容昆明一二、一惨案祸首季宗黄的谈话","民主周刊(昆明)","1946","第3卷 第1期","15",NA,"昆明"
"国大召开问题","黎卿","民主周刊(昆明)","1946","第3卷 第7期","6","昆明"
"中国民主同盟为西安王任李敷仁两先生遇害特由政协代表梁漱溟等向政府提出严重抗议原因","民主周刊(昆明)","1946","第3卷 第18期","16",NA,"昆明"
"警管制车临昆明","潮","民主周刊(昆明)","1946","第3卷 第15期","12","昆明"
"反动派欲望无穹","怀瑾","民主周刊(昆明)","1946","第3卷 第12期","3-4","昆明"
"控拆国民党反动派破坏民主和平毁减人道的暴行:抗议南通怡案","尚铖","民主周刊(昆明)","1946","第3卷 第7期","4-5","昆明"
"用协商方式解决东北问题","民主周刊(昆明)","1946","第3卷 第1期","封面-2",NA,"昆明"
"评中山先生的非唯物论","大希","民主周刊(昆明)","1946","第3卷 第6期","11-14","昆明"
"愤怒的诔词:悼一二·一惨案四战士、赫尔利将军之怒、我们远望着它","民主周刊(昆明)","1946","第3卷 第18期","2-3",NA,"昆明"
"国民党反动派在昆明进行暗杀恐怖政策的真象","民主周刊(昆明)","1946","第3卷 第19期","17",NA,"昆明"
"战后货币如何整理?","千家驹","民主周刊(昆明)","1946","第3卷 第2期","3-4","昆明"
"创造政党新作风","民主周刊(昆明)","1946","第3卷 第17期","10-11",NA,"昆明"
"我咀咒贵阳","活火","民主周刊(昆明)","1946","第2卷 第23期","15-16","昆明"
"中共士兵为什么喜欢军队生活","罗尔鲍伏 伯涛","民主周刊(昆明)","1946","第3卷 第11期","13-14","昆明"
"宪草修改原则与国父遗教","林亨元","民主周刊(昆明)","1946","第3卷 第6期","9-10","昆明"
"美国民主弱点的暴露","费孝通","民主周刊(昆明)","1946","第3卷 第2期","10-11","昆明"
"略论“国民身份证”","黎民子","民主周刊(昆明)","1946","第3卷 第16期","9","昆明"
"朋友!请守住这民主圣地:给不离开昆明的同志们","戈扬","民主周刊(昆明)","1946","第3卷 第11期","14","昆明"
"这就是“民主教育”","王还","民主周刊(昆明)","1946","第2卷 第25期","13","昆明"
"论中央集权与地方分权:五五宪草评论之三","潘大逵","民主周刊(昆明)","1946","第3卷 第5期","7-9","昆明"
"思想自由和个性发展","尚钺","民主周刊(昆明)","1946","第3卷 第12期","8-11","昆明"
"清除中国法西斯统治的凭借","欧阳倩","民主周刊(昆明)","1946","第3卷 第4期","5-7","昆明"
"从检查昆明图书馆说起","民主周刊(昆明)","1946","第3卷 第17期","2",NA,"昆明"
"从收复区看中国前途","静远","民主周刊(昆明)","1946","第2卷 第26期","14-16","昆明"
"论口是心非与阳奉阴违","潘大逵","民主周刊(昆明)","1946","第2卷 第26期","5-6","昆明"
"论打开僵局","民主周刊(昆明)","1946","第3卷 第10期","封面-3",NA,"昆明"
"民盟的历史与组织","李公樸","民主周刊(昆明)","1946","第3卷 第17期","8-9","昆明"
"闻一多同志不朽的遗言:卑鄙啊!无耻啊!他们在慌啊，在恐慌啊!、这是光明前的黑暗，光明就会来到!我们的光明，就是反动派的末日!","民主周刊(昆明)","1946","第3卷 第19期","4-5",NA,"昆明"
"祭闻一多先生","蒋烈","民主周刊(昆明)","1946","第3卷 第19期","3-4","昆明"
"评北平七十七家刊物被查禁事","民主周刊(昆明)","1946","第3卷 第14期","11",NA,"昆明"
"暴戾愚蠢的警管制","胡岡","民主周刊(昆明)","1946","第3卷 第11期","3-4","昆明"
"中立的外交?金元的外交?","民主周刊(昆明)","1946","第3卷 第17期","16",NA,"昆明"
"闻一多就是我们的旗子","柳映光","民主周刊(昆明)","1946","第3卷 第19期","10-11","昆明"
"中央日报的花样","胡一奇","民主周刊(昆明)","1946","第3卷 第19期","12-14","昆明"
"东北问题的发展","石仁","民主周刊(昆明)","1946","第3卷 第11期","6-9","昆明"
"上海:南京:中国……的离碎","静之","民主周刊(昆明)","1946","第3卷 第16期","15-16","昆明"
"反苏悲喜剧在排演中:重庆航訉","弘仁","民主周刊(昆明)","1946","第3卷 第2期","15-16","昆明"
"致马歇尔特使书","潘光旦 费孝通 闻一多","民主周刊(昆明)","1946","第2卷 第23期","11-14","昆明"
"党棍操纵下的天津选举","费尔德 希孟","民主周刊(昆明)","1946","第3卷 第10期","8-9","昆明"
"扩大内战的信号评蒋介石先生六月十七日演说","未英","民主周刊(昆明)","1946","第3卷 第15期","6-7","昆明"
"当前青年的任务","尚铖","民主周刊(昆明)","1946","第3卷 第8期","8-9","昆明"
"政治道德与国民道德","鲁风","民主周刊(昆明)","1946","第3卷 第14期","9-11","昆明"
"如何调整五五宪草中之权与能?:五五宪草评论之一","潘大逵","民主周刊(昆明)","1946","第3卷 第2期","5-6","昆明"
"向政治协商会议控拆!","民主周刊(昆明)","1946","第2卷 第23期","2-3",NA,"昆明"
"所望于协商会议者:不问收获，但问耕耘","潘光旦","民主周刊(昆明)","1946","第2卷 第23期","4-6","昆明"
"灾荒军粮与内战","野蓬","民主周刊(昆明)","1946","第3卷 第13期","9-11，15","昆明"
"论宪草中的经济、教育修正及其他:五五宪草评论之四","潘大远","民主周刊(昆明)","1946","第3卷 第6期","7-8","昆明"
"反动势力的垂死挣扎","欧阳倩","民主周刊(昆明)","1946","第3卷 第2期","13-14","昆明"
"从人民立场批评五五宪草","胡冈","民主周刊(昆明)","1946","第2卷 第26期","7-11","昆明"
"新形势下的新闻工作者","史刚","民主周刊(昆明)","1946","第3卷 第1期","6-8","昆明"
"政治协商会议以后该做些甚么呢","鲁山","民主周刊(昆明)","1946","第2卷 第26期","4","昆明"
"东北问题的关键:内政决定外交","何林","民主周刊(昆明)","1946","第3卷 第1期","5-6","昆明"
"暴风雨·你就来罢!","欧阳倩","民主周刊(昆明)","1946","第3卷 第1期","16","昆明"
"台湾的隐优","黎堡","民主周刊(昆明)","1946","第3卷 第1期","13-14","昆明"
"什么力量决定中国的前途","陆钦墀","民主周刊(昆明)","1946","第3卷 第1期","11-13","昆明"
"严重的考验","曹梦阳","民主周刊(昆明)","1946","第3卷 第1期","9-10","昆明"
"政局展望","夏康农","民主周刊(昆明)","1946","第2卷 第26期","12-13","昆明"
"必遭惨败的英国外交政策","杨光明","民主周刊(昆明)","1946","第3卷 第7期","10-12","昆明"
"各党派长期合作的协定之提议","张东蓀","民主周刊(昆明)","1946","第3卷 第5期","11-12","昆明"
"谁守卫了美国的宪法?","胡岡","民主周刊(昆明)","1946","第3卷 第10期","10-11","昆明"
"改组政府的阻难在那里","唐旻","民主周刊(昆明)","1946","第3卷 第8期","10-11","昆明"
"美国对华贷疑","费孝通","民主周刊(昆明)","1946","第3卷 第8期","4-5","昆明"
"阻住内战的逆流:抗议下关暴行","民主周刊(昆明)","1946","第3卷 第16期","封面-2",NA,"昆明"
"悼冯承钧先生","向达","民主周刊(昆明)","1946","第3卷 第3期","9-13","昆明"
"青年__的灾难","国新","民主周刊(昆明)","1946","第3卷 第3期","14","昆明"
"民主与反民主的搏斗","于仲","民主周刊(昆明)","1946","第3卷 第4期","10-11","昆明"
"六月三十日以后","黎卿","民主周刊(昆明)","1946","第3卷 第16期","3-4","昆明"
"论顽固分子","夏康农","民主周刊(昆明)","1946","第3卷 第4期","8-11","昆明"
"短期停战何如永久休战？","正非","民主周刊(昆明)","1946","第3卷 第14期","8","昆明"
"斥挑发者:并质吴铁城及中央日报","民主周刊(昆明)","1946","第3卷 第14期","4-7",NA,"昆明"
"两种趋势与两面作风","民主周刊(昆明)","1946","第3卷 第12期","封面-2",NA,"昆明"
"北半市国大代表选举协进会致蒋主席书","民主周刊(昆明)","1946","第3卷 第9期","15-16",NA,"昆明"
"揭穿新花样，摘大帽子","鄧初民","民主周刊(昆明)","1946","第3卷 第12期","5-7","昆明"
"昆明的光荣和耻辱","潘大逵","民主周刊(昆明)","1946","第3卷 第1期","10","昆明"
"北平四、二一血案发生后华北民主同盟支部的严正表示","民主周刊(昆明)","1946","第3卷 第9期","14",NA,"昆明"
"重度二十一民主期刊要求国民党立即兑现四项诺言三个协定","民主周刊(昆明)","1946","第3卷 第6期","16",NA,"昆明"
"继承敌伪办“保甲”","正光","民主周刊(昆明)","1946","第3卷 第5期","12-13","昆明"
"从伊朗到西班牙","何清","民主周刊(昆明)","1946","第3卷 第7期","15-16","昆明"
"说不完的五四","夏康农","民主周刊(昆明)","1946","第3卷 第8期","6-7","昆明"
"如何调整五五宪草中的权与能:五五宪草论评之一(下)","潘大逵","民主周刊(昆明)","1946","第3卷 第3期","6-7","昆明"
"变离愁为力量:献给昆明的朋友们","许伦","民主周刊(昆明)","1946","第3卷 第18期","15","昆明"
"坏政府","万来","民主周刊(昆明)","1946","第3卷 第17期","17","昆明"
"民盟的性质与作风","闻一多","民主周刊(昆明)","1946","第3卷 第17期","6-8","昆明"
"真心拿出诚意来","民主周刊(昆明)","1946","第3卷 第17期","封面",NA,"昆明"
"一个美国兵论美国对华政策","冬予里","民主周刊(昆明)","1946","第3卷 第18期","14","昆明"
"贫困的华北","曾昭掄","民主周刊(昆明)","1946","第3卷 第6期","4","昆明"
"时局严重应由国民党负其全责","民主周刊(昆明)","1946","第3卷 第6期","封面-2",NA,"昆明"
"民意反映了什么?","民主周刊(昆明)","1946","第3卷 第18期","4-8",NA,"昆明"
"美报论中国内战","民主周刊(昆明)","1946","第3卷 第18期","8-9",NA,"昆明"
"南京下关事件的认识","萧曙","民主周刊(昆明)","1946","第3卷 第16期","5","昆明"
"最近几件非法搜查事件的经过","石仁","民主周刊(昆明)","1946","第3卷 第16期","6-7","昆明"
"美国与中国的内战","杨光明","民主周刊(昆明)","1946","第3卷 第14期","12-13","昆明"
"国民大会的法律问题:好的，我们就来谈一谈“法”","孟南","民主周刊(昆明)","1946","第2卷 第25期","6-8","昆明"
"美国人民将考验杜鲁门","费孝通","民主周刊(昆明)","1946","第3卷 第16期","10-13，4","昆明"
"在明亮的眼睛下","杨宁","民主周刊(昆明)","1946","第3卷 第9期","12-13","昆明"
"阎锡山统治下的山西现状","晋人","民主周刊(昆明)","1946","第3卷 第12期","14-16","昆明"
"美国争取和平会议宣言","民主周刊(昆明)","1946","第3卷 第12期","15-16",NA,"昆明"
"中国民同发云南省支部招待各界茶会记","民主周刊(昆明)","1946","第3卷 第16期","14",NA,"昆明"
"不能功溃一篑:关于任意搜查居民、评关放内河航行权、美国延长对华租借法案","民主周刊(昆明)","1946","第3卷 第15期","封面-3",NA,"昆明"
"时局之流澈底的诊断","鄧初民","民主周刊(昆明)","1946","第3卷 第13期","5-6","昆明"
"当前的经济危机","聂乃凡","民主周刊(昆明)","1946","第3卷 第13期","7-8","昆明"
"顾与你们紧紧的握手:民盟支部第二次招会记","王青","民主周刊(昆明)","1946","第3卷 第17期","9-13","昆明"
"昆明十一民主期刊坚决反对撕毁政协决议","民主周刊(昆明)","1946","第3卷 第6期","14",NA,"昆明"
"十年如一日纪念“七七”九周年","萧曙","民主周刊(昆明)","1946","第3卷 第17期","14-15","昆明"
"昆明文化界致美国和平委员会的信","民主周刊(昆明)","1946","第3卷 第10期","16",NA,"昆明"
"坚__斗争，多样努力","林达","民主周刊(昆明)","1946","第3卷 第15期","8-9","昆明"
"他们死不螟目论罗课事件与“一·二一”惨案","洛扬","民主周刊(昆明)","1946","第3卷 第18期","10-13","昆明"
"闻太太及闻小姐谈闻一多同志被刺前后","李漫","民主周刊(昆明)","1946","第3卷 第19期","5-9","昆明"
"荘严的葬仪","景山","民主周刊(昆明)","1946","第3卷 第4期","15-16","昆明"
"血案暴行必须澈查!","民主周刊(昆明)","1946","第3卷 第2期","封面-2",NA,"昆明"
"国民学党必须立即放弃破坏和平、民主、团结的企图","民主周刊(昆明)","1946","第3卷 第4期","封面-2",NA,"昆明"
"如何打开政治僵局:论政府改组问题","欧阳倩","民主周刊(昆明)","1946","第3卷 第5期","4-6","昆明"
"对于宪草中人民权利的检讨:五五宪草评论之二","潘大逵","民主周刊(昆明)","1946","第3卷 第4期","3-4","昆明"
"改组政府问题的征结","民主周刊(昆明)","1946","第3卷 第5期","封面-3",NA,"昆明"
"警震中外的下关暴行(南京通讯)","黎群","民主周刊(昆明)","1946","第3卷 第17期","21-22","昆明"
"论议会制度","何康平","民主周刊(昆明)","1946","第3卷 第12期","12-14","昆明"
"梁漱溟先生谈目前时局的几个问题","民主周刊(昆明)","1946","第3卷 第7期","10-11",NA,"昆明"
"昆明十一期刊联合发表对当前时局的态度","民主周刊(昆明)","1946","第3卷 第5期","13",NA,"昆明"
"关于暗杀","萧曙","民主周刊(昆明)","1946","第3卷 第19期","15-16","昆明"
"渝各界人士发表宣言:停止内战实行民主","民主周刊(昆明)","1946","第3卷 第13期","16",NA,"昆明"
"不让胜利属于希特勒:评西班牙问题","杨光明","民主周刊(昆明)","1946","第3卷 第9期","8-11","昆明"
"中国民主同盟云南省支部发言人为闻一多同志复遭暗杀的紧急申明:是鬼域，不是人间!","民主周刊(昆明)","1946","第3卷 第19期","封面-2",NA,"昆明"
"法西斯的中国社会观","史刚","民主周刊(昆明)","1946","第3卷 第11期","6-9","昆明"
"割肉补疮的粮食政策","民主周刊(昆明)","1946","第3卷 第13期","9-11",NA,"昆明"
"滇军六十军一八四师反对内战通电","民主周刊(昆明)","1946","第3卷 第14期","16",NA,"昆明"
"如此衡阳","迺新","民主周刊(昆明)","1946","第2卷 第25期","14-15","昆明"
"一切力量的源泉:人民:民盟招待会第三日记","民主周刊(昆明)","1946","第3卷 第17期","12-13",NA,"昆明"
"国大问题的透视","民主周刊(昆明)","1946","第3卷 第7期","封面-3",NA,"昆明"
"中国民主同盟的发展路线:覆奎龙，黎珊，尚恭三先生","翰斯","民主周刊(昆明)","1946","第3卷 第5期","15-16","昆明"
"上海滩上","黄雨秋","民主周刊(昆明)","1946","第3卷 第15期","13-14，16","昆明"
"与爱国主义者论东北问题","于仲","民主周刊(昆明)","1946","第3卷 第2期","11-12","昆明"
"昆明民主周刊社学生报社时代评论社中国周报社为横遭阴谋破坏敬告各界人士书","民主周刊(昆明)","1946","第2卷 第25期","16",NA,"昆明"
"张家口的民主选举","伯涛","民主周刊(昆明)","1946","第3卷 第10期","9","昆明"
"严重的关头","史刚","民主周刊(昆明)","1946","第3卷 第17期","3-4","昆明"
"民主欧洲的前哨战","杨宁","民主周刊(昆明)","1946","第3卷 第8期","14-15","昆明"
"对玩火者警告，向人民申拆","民主周刊(昆明)","1946","第2卷 第25期","封面-3",NA,"昆明"
"国运罪言","贝奋","民主周刊(昆明)","1946","第3卷 第16期","6-7","昆明"
"东北问题的国际背境","费孝通","民主周刊(昆明)","1946","第3卷 第3期","3-5","昆明"
"新世界战争的准备","甘杜","民主周刊(昆明)","1946","第3卷 第13期","14-15","昆明"
"望反动派勿破坏政协会决议","民主周刊(昆明)","1946","第3卷 第3期","封面-2",NA,"昆明"
"南通血案记","民主周刊(昆明)","1946","第3卷 第7期","13-15",NA,"昆明"
"关于联合政府","史刚","民主周刊(昆明)","1946","第3卷 第10期","12-14","昆明"
"昆明十一期刊为国民党政府破坏政协决议和停战协定的抗议书","民主周刊(昆明)","1946","第3卷 第5期","14",NA,"昆明"
"解决粮荒与财政问题的关键:时局险恶","民主周刊(昆明)","1946","第3卷 第13期","封面-2",NA,"昆明"
"民盟云南省支部发言人对于云南警备部隋意搜查人民住宅及书店之紧急抗议","民主周刊(昆明)","1946","第3卷 第16期","封面",NA,"昆明"
"从警管制说到昆明警察","黎卿","民主周刊(昆明)","1946","第3卷 第11期","4-5","昆明"
"李一平，钱端升，苏鸿纲三位先生对于国民身份证制的意见","民主周刊(昆明)","1946","第3卷 第15期","12",NA,"昆明"
"民盟的政治主张与政治态度","楚图南","民主周刊(昆明)","1946","第3卷 第17期","5","昆明"
"解铃还是系铃人","尚钺","民主周刊(昆明)","1946","第3卷 第14期","14-15，16","昆明"
"昆明二十教授致马歇尔将军书","民主周刊(昆明)","1946","第3卷 第8期","16",NA,"昆明"
"危机已到了第二期","费孝通","民主周刊(昆明)","1946","第3卷 第15期","4-5","昆明"
"到民主之路:贡献给政协会代表诸君","王立果","民主周刊(昆明)","1946","第2卷 第23期","7-8","昆明"
"民盟为什么不提府委及国大代表名单","范樸齐","民主周刊(昆明)","1946","第3卷 第9期","10-11","昆明"
"上海滩上(续上期)","黄雨秋","民主周刊(昆明)","1946","第3卷 第17期","23-24","昆明"
"为工党党员反对的贝文的外交政策","杨增福","民主周刊(昆明)","1946","第3卷 第15期","5","昆明"
"国民党军进入长春以后","民主周刊(昆明)","1946","第3卷 第11期","封面-2",NA,"昆明"
"空前残酷的两个方向的斗争","怀瑾","民主周刊(昆明)","1946","第3卷 第19期","12-14","昆明"
"国民党的出路在那里","唐旻","民主周刊(昆明)","1946","第3卷 第10期","4-5","昆明"
"外交上的入主出奴","杨光明","民主周刊(昆明)","1946","第3卷 第10期","6-7","昆明"
"近代政治想思趋势","潘大逵","民主周刊(昆明)","1946","第3卷 第11期","10-11","昆明"
"代论:各地行营应即撤销重庆民主报","民主周刊(昆明)","1946","第3卷 第12期","6-7",NA,"昆明"
"从昆明惨案到南通惨案","吴晗","民主周刊(昆明)","1946","第3卷 第9期","7","昆明"
"制止全面内战的危机","民主周刊(昆明)","1946","第3卷 第9期","封面-2",NA,"昆明"
"张家口新貌","杨增福","民主周刊(昆明)","1946","第3卷 第8期","4-5","昆明"
"中国民主同盟云南省支部发言人为李公朴同志被暴徒暗杀事件之严重抗议","民主周刊(昆明)","1946","第3卷 第18期","封面",NA,"昆明"
"要永久停战！","唐旻","民主周刊(昆明)","1946","第3卷 第14期","9","昆明"
"从王卓然先生辞国大代表候选人说起","东郭迪吉","民主周刊(昆明)","1946","第2卷 第25期","11-12","昆明"
"愚眜和无耻的渊源:评美国最近的动向","史靖","民主周刊(昆明)","1946","第3卷 第15期","10-11，7","昆明"
"吧城侨胞要求民主否认政府指定东印国大代表","沙国","民主周刊(昆明)","1946","第3卷 第10期","15","昆明"
"对国民党政府进一言","吴晗","民主周刊(昆明)","1946","第3卷 第6期","3-4","昆明"
"昆明工人对政治协商会议的意见","民主周刊(昆明)","1946","第2卷 第25期","14-15",NA,"昆明"
"美国大兵要还乡","L·柏罗特","民主周刊(昆明)","1946","第2卷 第25期","11-12","昆明"
"东北问题一解","迈之","民主周刊(昆明)","1946","第3卷 第1期","3-4","昆明"
"只有人民自己组织起来才能保障人民的自由","胡釗","民主周刊(昆明)","1946","第3卷 第3期","8","昆明"
"评蒋介石先生在参政会上的报告","黎卿","民主周刊(昆明)","1946","第3卷 第6期","5-6","昆明"
"又是换汤不换药:评政府的改组","史刚","民主周刊(昆明)","1946","第3卷 第13期","3-4","昆明"
"南京暴行前后记上海十万人民反内战大游行(上海通讯)","民主周刊(昆明)","1946","第3卷 第17期","18-21",NA,"昆明"
"一个读者的报告","民主周刊(昆明)","1946","第3卷 第16期","8-9",NA,"昆明"
"在艰难中前进","杨甯","民主周刊(昆明)","1946","第3卷 第11期","15-16","昆明"
"论军队国家化","吴晗","民主周刊(昆明)","1946","第2卷 第25期","4-5","昆明"
"中国民主同盟云南省支部为重庆二一○血案告国人书","民主周刊(昆明)","1946","第3卷 第1期","15-16",NA,"昆明"
"国民党为何坚持总统制","杨光明","民主周刊(昆明)","1946","第3卷 第8期","12-13","昆明"
"民族问题的认识","胡庆钧","民主周刊(昆明)","1946","第3卷 第4期","12-15","昆明"
"政协会后的国内政局","罗隆基 胡钊","民主周刊(昆明)","1946","第3卷 第9期","3-6","昆明"
"各方声讨警管区制:邓初民先生、黄炎培先生、罗隆基先生、张申府先生、周建人先生、马叙伦先生、沙千里先生、李德全先生、刘清扬先生、密勒士评论报","民主周刊(昆明)","1946","第3卷 第12期","8-11",NA,"昆明"
"开放外汇市场与官僚资本:新金融政策检讨","陈冬野","民主周刊(昆明)","1946","第3卷 第5期","9-10","昆明"
"我的控诉!(昆明通讯)","莫白水","民主(上海)","1945","第11期","265-266","上海"
"韬奋的流亡生活(四)","杨明","民主(上海)","1945","第6期","150-151","上海"
"搁浅的“政治协商会议”(重庆通讯)","罗西","民主(上海)","1945","第9期","218-219","上海"
"苏联民主政治的实施与成效","嚴景耀","民主(上海)","1945","第9期","205-208","上海"
"一九四六年中国妇女运动瞻望","金枫","民主(上海)","1945","第12期","274-275","上海"
"国立图书馆当前的几个课题","徐调孚","民主(上海)","1945","第7期","157-158","上海"
"闲话新疆","桦","民主(上海)","1945","第3期","69","上海"
"东北收复地方的行政新区画","王伯祥","民主(上海)","1945","第3期","70-71","上海"
"打败日本的是那一些国家","董秋斯","民主(上海)","1945","第3期","76-78","上海"
"胜利后的北平报纸","安逸","民主(上海)","1945","第3期","84-85","上海"
"韬奋的流亡生活(1):附照片","杨明","民主(上海)","1945","第3期","79-81","上海"
"推进一步","秉志","民主(上海)","1945","第3期","75","上海"
"澈底清算赫而利政策，欢迎政治协商会议，迎接政治协商会议","叔梁","民主(上海)","1945","第12期","305-306","上海"
"民主宪政的基本问题","平心","民主(上海)","1945","第2期","47-50","上海"
"美国人的正义呼声","陈时臬","民主(上海)","1945","第12期","282-284","上海"
"物价问题和政治民主化","敏之","民主(上海)","1945","第5期","126","上海"
"加强运翰:[图]","蒲崗","民主(上海)","1945","第5期","129","上海"
"引西江之水以救我涸辙之鲋:[图]","陈范","民主(上海)","1945","第3期","83","上海"
"“人品”及其他","端木泉","民主(上海)","1945","第10期","234-235","上海"
"三国会商与远东问题","湘漁","民主(上海)","1945","第11期","261-263","上海"
"大事记","民主(上海)","1945","创刊号","25-27",NA,"上海"
"橘子","景宋","民主(上海)","1945","第5期","127","上海"
"怎样消弭内战区危机","龙天峯","民主(上海)","1945","第6期","138-139","上海"
"毛泽东飞渝:[照片]","民主(上海)","1945","第2期","57",NA,"上海"
"国民的责任应该说话","马叙倫","民主(上海)","1945","第8期","1页，174-175","上海"
"我的呼喊","景宋","民主(上海)","1945","第6期","137","上海"
"给美国人民的公开信(来件二)","民主(上海)","1945","第12期","304",NA,"上海"
"上海市大中学生欢迎马歇而特使始末","一生","民主(上海)","1945","第12期","289-291","上海"
"上海学生的呼声","存真","民主(上海)","1945","第12期","289-290","上海"
"死了却还活着","许傑","民主(上海)","1945","第2期","42-44","上海"
"绝对价值","清漣","民主(上海)","1945","第7期","165","上海"
"从胜利说到底","徐撤","民主(上海)","1945","第7期","168-169","上海"
"半呓语","贺依","民主(上海)","1945","创刊号","19-20","上海"
"韬奋的流亡生活(二):附照片","杨明","民主(上海)","1945","第4期","107-109","上海"
"人猿牌:[图]","民主(上海)","1945","第4期","1页",NA,"上海"
"走上民主政治的第一步","鄭振铎","民主(上海)","1945","创刊号","6","上海"
"谁日不宜:[图]","李兆安","民主(上海)","1945","第6期","134","上海"
"建议","民主(上海)","1945","第7期","171",NA,"上海"
"鲁迅的作风","尊闻","民主(上海)","1945","第2期","41-42","上海"
"如此民意:原它永为陈迹:[图]","亚槐","民主(上海)","1945","第12期","295","上海"
"名利双收:[图]","蒲崗","民主(上海)","1945","第6期","135","上海"
"胜利万岁:[图]","蒲崗","民主(上海)","1945","第5期","129","上海"
"增加生产:[图]","蒲作","民主(上海)","1945","第5期","127","上海"
"纽伦堡大审","杨学纯","民主(上海)","1945","第10期","230-231","上海"
"杜鲁门宣言与中国前途","鄭振铎","民主(上海)","1945","第11期","248-249","上海"
"不要中计","景宋","民主(上海)","1945","第4期","92","上海"
"我们的主张和态度","民主(上海)","1945","第7期","1页，154-155",NA,"上海"
"物价问题中比较谁进步","张一凡","民主(上海)","1945","第5期","123-125","上海"
"高等教育管见(上)","王以中","民主(上海)","1945","第11期","254-255","上海"
"人格与财产","罗稷南","民主(上海)","1945","第4期","98-99","上海"
"决定今后历史的十五天","吴晗","民主(上海)","1946","第35期","870","上海"
"纪念民主战士高而基:为他逝世十周年而作","寒松","民主(上海)","1946","第36期","910-911","上海"
"一周大事表(三十五年六月五日至十一日)","民主(上海)","1946","第35期","890",NA,"上海"
"中华民国未来民主宪法中之立法权问题(上):民主宪法十读中之第六讲","张君劢","民主(上海)","1946","第43期","1081-1083","上海"
"伟大的爱国者韬奋","胡愈之","民主(上海)","1946","第43期","1084-1085","上海"
"论暗杀政治","吴晗","民主(上海)","1946","第43期","1085-1087","上海"
"周报被勒停刊了","马叙倫","民主(上海)","1946","第44期","1093-1094","上海"
"痛悼陶先生","景宋","民主(上海)","1946","第42期","1061","上海"
"胜利一年间","丁静","民主(上海)","1946","第43期","1070-1071","上海"
"和平很有希望的","马叙倫","民主(上海)","1946","第42期","1043-1047","上海"
"每周时事述评:面对着内战与分裂的深渊","念青","民主(上海)","1946","第44期","1097-1098","上海"
"谨悼闻一多教授","沈体兰","民主(上海)","1946","第41期","1034","上海"
"记不全的一首陶诗、郭沫若","民主(上海)","1946","第42期","1060",NA,"上海"
"我对苏北问题的意见","韩泽芳","民主(上海)","1946","第41期","1021-1023","上海"
"上海人民圑体联合会，上海全国和平运动大会对于六·二三纠察被诬拘押事件宣言(来件)","民主(上海)","1946","第40期","1015",NA,"上海"
"一件事开始了","东风","民主(上海)","1946","第40期","1006","上海"
"哭李公朴先生","夏晨","民主(上海)","1946","第40期","997","上海"
"哭亡友闻一多先生","吴晗","民主(上海)","1946","第40期","1000-1001","上海"
"肃剥夺他们的武器，每周时事述评","念青","民主(上海)","1946","第41期","1019-1021","上海"
"欧洲政治形势图解:[图]","民主(上海)","1946","第37期","932",NA,"上海"
"悼李公朴先生:附照片","寒松","民主(上海)","1946","第40期","998","上海"
"玩手段和诚意","马叙倫","民主(上海)","1946","第39期","972-974","上海"
"一周大事表(三十五年六月二十六至三十日)","民主(上海)","1946","第38期","968",NA,"上海"
"再朂政治协会诸君","鄭振铎","民主(上海)","1946","第14期","336-338","上海"
"造成五四的历史经过","景宋","民主(上海)","1946","第29期","728-730","上海"
"韬奋的路向","孙起孟","民主(上海)","1946","第41期","1029-1030","上海"
"十年","適夷","民主(上海)","1946","第36期","911","上海"
"漫谈中国政党","野叟","民主(上海)","1946","第2卷 第3/4期","1346-1350","上海"
"论中美的经济关系","方治平","民主(上海)","1946","第38期","956-957","上海"
"光绪壬午朝鲜内乳史实之一节(下)","沈燕谋","民主(上海)","1946","第16期","416-417","上海"
"苏北战事形势图解","民主(上海)","1946","第41期","1024",NA,"上海"
"非正式的五人小组会议","马叙倫","民主(上海)","1946","第47期","1164-1166","上海"
"记六二三下关事件","马叙倫","民主(上海)","1946","第38期","947-954","上海"
"民主的休刋与评价:“民主”不是“民奴”“民猪”","蔡尚思","民主(上海)","1946","第2卷 第3/4期","1311-1312","上海"
"高等教育管见(续完)","王以中","民主(上海)","1946","第13期","321-323","上海"
"从“从匪谈起”变“清乡”","锡民","民主(上海)","1946","第13期","330","上海"
"也来宪法谈谈","稽古","民主(上海)","1946","第16期","402-407","上海"
"“民主是封闭不了的”","向师程","民主(上海)","1946","第2卷 第3/4期","1350","上海"
"略谈目前的职工运动","锺人羣","民主(上海)","1946","第18期","477-479","上海"
"三人会议主角之一:张群于徐永昌将军","陆诒","民主(上海)","1946","第2卷 第3/4期","1351","上海"
"军粮第一:[图]","马戈","民主(上海)","1946","第25期","629","上海"
"世界和平的定向舵","癀","民主(上海)","1946","第2卷 第1/2期","1260","上海"
"要求澈查南通惨案","民主(上海)","1946","第28期","714",NA,"上海"
"我们要求民主的选举","鄭振铎","民主(上海)","1946","第24期","1页，598-600","上海"
"所望与新市长的","马叙倫","民主(上海)","1946","第32期","1页，790-791","上海"
"警员警管区到底是什么一回事","马叙倫","民主(上海)","1946","第34期","849-850","上海"
"覆函","民主(上海)","1946","第30期","762",NA,"上海"
"职工呼声(六):京沪沪铁路员工告全国同胞书","民主(上海)","1946","第17期","457-458",NA,"上海"
"中国民主促进会对于时局的宣言(来件一)","民主(上海)","1946","第14期","357-358",NA,"上海"
"中国不能是一个战场:每周时事述评","念青","民主(上海)","1946","第39期","975-977","上海"
"明暗的交流(杭州通讯)","李苓","民主(上海)","1946","第21/22期","555-558","上海"
"张学良将军","思遼","民主(上海)","1946","第31期","778-779","上海"
"统一和一统","倫","民主(上海)","1946","第14期","335","上海"
"拆穿中美人民问题的铁幕","求思","民主(上海)","1946","第36期","903-906","上海"
"国立浙江大学学生自治会促进统一御侮实施民主大会宣言(来件)","民主(上海)","1946","第17期","458-459",NA,"上海"
"是对立还是合作?","鄭振铎","民主(上海)","1946","第36期","1页，894-895","上海"
"一周大事表(三十五年九月十八日至二十四日)","民主(上海)","1946","第50期","1254",NA,"上海"
"抗议南京暴行","罗稷南","民主(上海)","1946","第37期","923","上海"
"我不承认“民主”是休刋了","余審之","民主(上海)","1946","第2卷 第3/4期","1312","上海"
"内战新形势","農慕之","民主(上海)","1946","第2卷 第3/4期","1330-1332","上海"
"武力不可恃的例证","蔡尚思","民主(上海)","1946","第33期","822","上海"
"二中全会与反民主","郭生","民主(上海)","1946","第24期","608-609","上海"
"有幸有不幸","景宋","民主(上海)","1946","第31期","776-777","上海"
"一周大事表(三士一年八月二十日至二十七日)","民主(上海)","1946","第46期","1159",NA,"上海"
"民主教育的初步实践:两月来社大教学总结","李公侠","民主(上海)","1946","第33期","828-832","上海"
"写在政治协会议闭幕以后","马叙倫","民主(上海)","1946","第17期","440-443","上海"
"拉得住么:[图]","马戈","民主(上海)","1946","第21/22期","538","上海"
"联合国机构是怎样组成的?","求思","民主(上海)","1946","第31期","780","上海"
"一个美国兵的延安游记(上)","董秋斯","民主(上海)","1946","第31期","785-786","上海"
"抗战往事:徐州今昔观","陆诒","民主(上海)","1946","第31期","782-783","上海"
"上海杂志界联会国民政会电(来件)","民主(上海)","1946","第23期","595",NA,"上海"
"论根绝食污现象","鄭振铎","民主(上海)","1946","第34期","842-844","上海"
"所望与司徒先生","董秋斯","民主(上海)","1946","第41期","1032","上海"
"“截尾巴”主义的破产","尤魯","民主(上海)","1946","第46期","1156","上海"
"民主运动又一大损失，陶行知先生，突患脑溢血逝世","民主(上海)","1946","第41期","1026",NA,"上海"
"中国糟到这样地步谁的责任?","马叙倫","民主(上海)","1946","第48期","1188-1191","上海"
"争民主潮浪的涌起","齐人","民主(上海)","1946","第13期","317-319","上海"
"临大学生来信","民主(上海)","1946","第19期","502-503",NA,"上海"
"反对不民主的上海市参议会","马叙倫","民主(上海)","1946","第25期","624-627","上海"
"反内战救中国","喬峯","民主(上海)","1946","第33期","819-810","上海"
"四贤哀词","倫","民主(上海)","1946","第29期","735","上海"
"“户口编宪了，又挂姓名牌”","周建人","民主(上海)","1946","第26期","655-656","上海"
"为苏北四百万灾民呼吁(苏北通讯)","黎洪","民主(上海)","1946","第26期","657-658","上海"
"“接收大员”素描","民主(上海)","1946","第19期","499-500",NA,"上海"
"“水鸟政策”颂外一章","任钧","民主(上海)","1946","第19期","497-498","上海"
"古事新谈","西谛","民主(上海)","1946","第30期","754-755","上海"
"“逆耳之言”","马叙倫","民主(上海)","1946","第46期","1146-1152","上海"
"遭难前后(十二)","景宋","民主(上海)","1946","第21/22期","540-544","上海"
"梅十雨时期的政局","鄭振铎","民主(上海)","1946","第41期","1页，1018-1019","上海"
"保卫言论出版自由","丁静","民主(上海)","1946","第36期","901-902","上海"
"和会前后的插曲","湘漁","民主(上海)","1946","第29期","725-727","上海"
"中国须急谋进步才得安全","建人","民主(上海)","1946","第50期","1252-1253","上海"
"整军论","鄭振铎","民主(上海)","1946","第16期","394-399","上海"
"专家动工了:[图]","蒲崗","民主(上海)","1946","第20期","519","上海"
"认清时局","景宋","民主(上海)","1946","第39期","977-979","上海"
"一周大事表(三十五年五月一日至七日)","民主(上海)","1946","第30期","763",NA,"上海"
"做生可畏:[图]","马戈","民主(上海)","1946","第21/22期","554","上海"
"记者公会也官僚化了","谢东平","民主(上海)","1946","第25期","635-637","上海"
"为和平而奋门","念青","民主(上海)","1946","第50期","1236-1237","上海"
"我们不是我争取民主口号","马叙倫","民主(上海)","1946","第24期","599-602","上海"
"物以类聚:[图]","蒲崗","民主(上海)","1946","第21/22期","536","上海"
"谈张苍水","唐弢","民主(上海)","1946","第31期","784","上海"
"遭难前后(十一)","景宋","民主(上海)","1946","第20期","529-530","上海"
"战后大学教育问题:附图","鄭振铎","民主(上海)","1946","第23期","575-577","上海"
"人民自己来解放吧!","马叙倫","民主(上海)","1946","第43期","1072-1075，1080","上海"
"救济圈外:[图]","蒲崗","民主(上海)","1946","第15期","379","上海"
"假民主必然失败","周建人","民主(上海)","1946","第21/22期","545","上海"
"愤怒与担忧:一位读者来函慰问马先生等","紫槿","民主(上海)","1946","第37期","926","上海"
"平津版界二三事","子午","民主(上海)","1946","第15期","384","上海"
"怎么回事:[图]","蒲崗","民主(上海)","1946","第16期","391","上海"
"是谁绞死了民主?","吴晗","民主(上海)","1946","第2卷 第3/4期","1308-1309","上海"
"记苏北一女县长","董秋斯","民主(上海)","1946","第19期","500-502","上海"
"谁配有最后仲裁权","董秋斯","民主(上海)","1946","第35期","871","上海"
"我打算开三片铺子","任钧","民主(上海)","1946","第28期","712-713","上海"
"原来如此:[图]","马戈","民主(上海)","1946","第20期","522","上海"
"我们的要求","民主(上海)","1946","第24期","618",NA,"上海"
"国家大事锁得住吗:[图]","阿杨","民主(上海)","1946","第26期","649","上海"
"我们要求政府切实保障言论自由","民主(上海)","1946","第2卷 第1/2期","1258-1259",NA,"上海"
"美军必须立刻退出中国","马叙倫","民主(上海)","1946","第2卷 第1/2期","1262-1264","上海"
"重行申明我们的态度和主张","鄭振铎","民主(上海)","1946","第2卷 第1/2期","1258-1259","上海"
"复与上海(?)","濤","民主(上海)","1946","第2卷 第1/2期","1261","上海"
"创建“中华民国”","明","民主(上海)","1946","第2卷 第1/2期","1261","上海"
"民主在那里?","荷","民主(上海)","1946","第2卷 第1/2期","1261","上海"
"绝望了:和平","一孔","民主(上海)","1946","第2卷 第1/2期","1260","上海"
"美国的原子帝国主义","梁纯夫","民主(上海)","1946","第50期","1240-1241","上海"
"美国华政策最近改变吗?","求思","民主(上海)","1946","第50期","1242","上海"
"郁逹夫的流亡和失踪:给全国文艺界协会报告书(下)","胡愈之","民主(上海)","1946","第50期","1245-1248","上海"
"如此逻辑","愚公","民主(上海)","1946","第50期","1241","上海"
"对于校场口惨宁再说几句","马叙倫","民主(上海)","1946","第19期","1页，486-487","上海"
"人权保障在那裹","鄭振铎","民主(上海)","1946","第30期","746-748","上海"
"一周大事表(三十五年六月十二日至十八日)","民主(上海)","1946","第36期","914",NA,"上海"
"以不变应万变","张絅伯","民主(上海)","1946","第46期","1151-1152","上海"
"遭难前后(九)","景宋","民主(上海)","1946","第18期","479-480","上海"
"评国民党扩政府组织的提议","文琴","民主(上海)","1946","第15期","366-368","上海"
"一个警察的自诉","民主(上海)","1946","第21/22期","570",NA,"上海"
"对于当前严重局势的估计","鄧初民","民主(上海)","1946","第2卷 第1/2期","1280-1281","上海"
"民主还是寺禁了不的","马叙倫","民主(上海)","1946","第2卷 第3/4期","1307-1308","上海"
"我们的抗议","鄭振铎","民主(上海)","1946","第2卷 第3/4期","1306-1307","上海"
"好战派的幻想","臥龙山人","民主(上海)","1946","第2卷 第1/2期","1282-1284","上海"
"亡友鲁迅印象记(五)","许壽裳","民主(上海)","1946","第2卷 第1/2期","1296-1297","上海"
"保障安全乎?制造战争乎:抗议美国的世界挑战政策","沈志遠","民主(上海)","1946","第48期","1194-1198","上海"
"脱离了福斯的人们","周建人","民主(上海)","1946","第25期","628-629","上海"
"最后决定权属于人民:一周时事述评","念青","民主(上海)","1946","第37期","919-920","上海"
"“历史的镜子”(书评)","傅雷","民主(上海)","1946","第13期","324-325","上海"
"重压下面的申诉","任钧","民主(上海)","1946","第21/22期","552-554","上海"
"创建和平民主统一战缐","平心","民主(上海)","1946","第2卷 第1/2期","1276-1279","上海"
"胜利周年在南京","慧年","民主(上海)","1946","第48期","1201","上海"
"对死者的安慰和纪念茅盾","民主(上海)","1946","第40期","995",NA,"上海"
"这是选举吗?","民主(上海)","1946","第27期","691",NA,"上海"
"沉痛的悼念:附照片","罗丹","民主(上海)","1946","第41期","1036","上海"
"怎样平衡:[图]","马戈","民主(上海)","1946","第25期","641","上海"
"人必归户，户必归甲:[图]","普森","民主(上海)","1946","第26期","656","上海"
"论中苏关系","鄭振铎","民主(上海)","1946","第20期","1页，510","上海"
"记于先生追悼会及大游行","民主(上海)","1946","第15期","380-381",NA,"上海"
"歇手罢!想想可怜的人民","马叙倫","民主(上海)","1946","第29期","720-722","上海"
"敬悼李公朴先生","陆诒","民主(上海)","1946","第40期","999","上海"
"多说没有用，只说几句","叶圣陶","民主(上海)","1946","第40期","997","上海"
"不能忘记的一幕:[图]","乃__","民主(上海)","1946","第17期","441","上海"
"陶行知先生永在人间","平心","民主(上海)","1946","第2卷 第3/4期","1337-1338","上海"
"在内战中还都","马叙倫","民主(上海)","1946","第30期","1页，742-743","上海"
"读者的义愤:“言论自由”何在","任四维","民主(上海)","1946","第14期","356","上海"
"冷静下来，注意事实:东北问题的我见","沈志遠","民主(上海)","1946","第20期","516-522","上海"
"遭难前后(八)","景宋","民主(上海)","1946","第17期","447-449","上海"
"这打声得了民主运动么:怀念韬奋先生·痛悼陶行知先生","张中府","民主(上海)","1946","第42期","1059","上海"
"经济危机拖不得了(下)","非昔","民主(上海)","1946","第35期","882-884","上海"
"当心新战俯:[图]","蒲崗","民主(上海)","1946","第14期","338","上海"
"一周时事述评","石啸冲","民主(上海)","1946","第34期","840-841","上海"
"国是问题的前瞻","鄭振铎","民主(上海)","1946","第35期","1页，862","上海"
"金圆外交的新姿态","湘漁","民主(上海)","1946","第30期","751-753","上海"
"一周时事述评","石啸冲","民主(上海)","1946","第31期","768-769","上海"
"从“工业日本，农业中国”想起","鄭森禹","民主(上海)","1946","第38期","955-956","上海"
"身外之物:附图","新武","民主(上海)","1946","第13期","311-313","上海"
"胜利以来的经济","张一帆","民主(上海)","1946","第14期","342-346","上海"
"上海人民图体联合会及全国和平运动大会，为下关暴行与蒋主席电(来件)","民主(上海)","1946","第37期","940",NA,"上海"
"亡友鲁迅印象记(四)","许壽裳","民主(上海)","1946","第38期","966-967","上海"
"除夕:[图]","蒲崗","民主(上海)","1946","第16期","415","上海"
"蒋先生要听这样的话","马叙倫","民主(上海)","1946","第35期","875-879","上海"
"职工呼声(二)","民主(上海)","1946","第17期","455-456",NA,"上海"
"改造教育与实施民主宪政","新武","民主(上海)","1946","第15期","374-375","上海"
"时事索隐","马叙倫","民主(上海)","1946","第34期","1页，838-839","上海"
"风雨中的南通城:他们怎样在刺刀欢迎三人调处组","通人","民主(上海)","1946","第25期","642-643","上海"
"饥荒与内战:内战危机严重","周建人","民主(上海)","1946","第34期","844-846","上海"
"论事业机关附设学校:改革高考教育的一个建议","丁志进","民主(上海)","1946","第16期","413","上海"
"拖塌了国家骗惯了人民","马叙倫","民主(上海)","1946","第50期","1238-1239","上海"
"“民主”也停刋了","周建人","民主(上海)","1946","第2卷 第3/4期","1311","上海"
"上海杂志界联谊会为抗议摧残言论·发行·自由，声援重庆·西安·北平·广州被压迫同业宣言(来件)","民主(上海)","1946","第24期","619",NA,"上海"
"写在政治协商会议开幕以前","马叙倫","民主(上海)","1946","第14期","1页，334-335","上海"
"纪念“七七节”","鄭振铎","民主(上海)","1946","第38期","1页，942-944","上海"
"亡友鲁迅印象记(三)","许壽裳","民主(上海)","1946","第37期","935-936","上海"
"从原子弹说起","景宋","民主(上海)","1946","第27期","682-684","上海"
"真民主与共和行","蔡尚思","民主(上海)","1946","第47期","1182","上海"
"哭羊枣","芻雷","民主(上海)","1946","第17期","454","上海"
"消息半周刊致本会函(附件):为报告该刊被迫停刊经过","民主(上海)","1946","第36期","915",NA,"上海"
"遭难前后(五)","景宋","民主(上海)","1946","第14期","351-352","上海"
"文化正被扼杀着","鄭振铎","民主(上海)","1946","第44期","1页，1090-1092","上海"
"初访美国:猎书偶记","蒋天佐","民主(上海)","1946","第2卷 第3/4期","1352-1353","上海"
"全面内战爆发了!","鄭振铎","民主(上海)","1946","第45期","1页，1114","上海"
"读了美国特使和大使的声明","马叙倫","民主(上海)","1946","第44期","1099-1101","上海"
"争取民主与言论自由","天顽","民主(上海)","1946","第2卷 第3/4期","1315-1316","上海"
"美国反动派走上了希特勒的道路","剪伯赞","民主(上海)","1946","第2卷 第1/2期","1265-1266","上海"
"巴而干与地中海之争","梁纯夫","民主(上海)","1946","第47期","1179-1181","上海"
"记原子弹下的广岛(一)","约翰、赫而塞 求思诀","民主(上海)","1946","第2卷 第1/2期","1298-1301","上海"
"取消掺杂法西斯思想的国定教科书","史永","民主(上海)","1946","第29期","731-733","上海"
"漫谈上海职工(中):胜利以来加强组织，争取民主，改善生活，协国建国的努力","永生","民主(上海)","1946","第26期","661-664","上海"
"我们也举行美军退出中周","马叙倫","民主(上海)","1946","第50期","1页，1234","上海"
"他们成了和平民主圑结的号角，记陪都追悼王秦邓黄大会","慧年","民主(上海)","1946","第28期","703-704","上海"
"迎接和平之年:华侨当前的两童任务","胡愈之","民主(上海)","1946","第16期","394-397","上海"
"真假分明","寒松","民主(上海)","1946","第2卷 第3/4期","1312-1313","上海"
"从周报停刊说起","求思","民主(上海)","1946","第44期","1096","上海"
"韬奋先生的时代并没有过去:纪念他的逝世两周年","寒松","民主(上海)","1946","第41期","1030","上海"
"论抗战，，和平与美国的援华","丁静","民主(上海)","1946","第38期","958-960","上海"
"学术讲座论什么是哲学","张中府","民主(上海)","1946","第46期","1153-1155","上海"
"抗敌队伍裹的妇女们(下)","希苓","民主(上海)","1946","第24期","616-617","上海"
"中国与各头等国的异点:纪念胜利一年后的国庆日","蔡尚思","民主(上海)","1946","第2卷 第1/2期","1271-1273","上海"
"“从中国撤退”集锦","景宋","民主(上海)","1946","第50期","1243-1244","上海"
"当心马帅嵴骨被抽去:[图]","霧城","民主(上海)","1946","第36期","911","上海"
"送韬奋之葬","杨卫玉","民主(上海)","1946","第41期","1026","上海"
"杭州反内战大游行","艾草","民主(上海)","1946","第36期","908-909","上海"
"“明日的学校”设计:这可作为“明日的学校设计”的提网之二，提网之发表于“真理与自由”","孙起孟","民主(上海)","1946","第23期","578-580","上海"
"踏着南通的血迹前进","求思","民主(上海)","1946","第27期","674-675","上海"
"为下关遭难代表向美国人进言","景宋","民主(上海)","1946","第37期","924","上海"
"国际援助与中国人民利益","阿萍","民主(上海)","1946","第38期","964-965","上海"
"胜而不利:津沪途上什记","子午","民主(上海)","1946","第16期","418-420","上海"
"谈“和”“战”关头","鄭振铎","民主(上海)","1946","第48期","1页，1186-1187","上海"
"追念韬奋先生","沈志遠","民主(上海)","1946","第41期","1027","上海"
"解决国是的一个理想","鄭振铎","民主(上海)","1946","第31期","1页，766-768","上海"
"反对纳粹式的警区制","沈志遠","民主(上海)","1946","第32期","798","上海"
"从“无法无天”说起","克士","民主(上海)","1946","第17期","442-444","上海"
"天坛与天桥:北平通讯","绍芬","民主(上海)","1946","第2卷 第3/4期","1354-1355","上海"
"纪念五一国际劳动节","永生","民主(上海)","1946","第28期","708-710","上海"
"对于推进当前民主运动的一点意见","吴大琨","民主(上海)","1946","第17期","450-452","上海"
"诗兰","梅湜","民主(上海)","1946","第13期","317","上海"
"从忍辱负重到沼吴","稽古","民主(上海)","1946","第15期","380-381","上海"
"太平洋战争大事记(完)","董秋斯","民主(上海)","1946","第13期","324-327","上海"
"一周时事述评","念青","民主(上海)","1946","第35期","863-864","上海"
"关于中国时局的美国舆论","兆均","民主(上海)","1946","第35期","889","上海"
"为南通惨案告界人士书(来件)","民主(上海)","1946","第26期","666",NA,"上海"
"南洋通讯","任叔谨","民主(上海)","1946","第14期","355","上海"
"亡友鲁迅印象记(二)","许壽裳","民主(上海)","1946","第36期","912","上海"
"动刀兵者必死于刀兵之下","念青","民主(上海)","1946","第40期","1001-1003","上海"
"我们对于国是的意见(来件)","民主(上海)","1946","第15期","386",NA,"上海"
"论半殖民地法西斯的特质","周建人","民主(上海)","1946","第38期","963-964","上海"
"这应该是兑现的一张:[图]","蒲崗","民主(上海)","1946","第15期","372","上海"
"东北问题的症结","實革","民主(上海)","1946","第31期","777-779","上海"
"论内战应即停止","喬峯","民主(上海)","1946","第30期","748-750","上海"
"天下那些民主而会“休刋”的?","田汉","民主(上海)","1946","第2卷 第3/4期","1310-1311","上海"
"从徐州到武汉","陆诒","民主(上海)","1946","第33期","831-833","上海"
"每周时事述评:全世界在看着中国","念青","民主(上海)","1946","第42期","1048-1049","上海"
"自由了吗:[图]","蒲崗","民主(上海)","1946","第23期","574","上海"
"书报为什么没有寄递自由?","民主(上海)","1946","第26期","665",NA,"上海"
"写在国民党二中全会的期内","马叙倫","民主(上海)","1946","第21/22期","1页，534-539","上海"
"不由不放手:[图]","陈烟桥","民主(上海)","1946","第16期","402","上海"
"希特勒墨索里尼的路是走不通的","鄧初民","民主(上海)","1946","第49期","1221-224","上海"
"南通血案抗议","民主(上海)","1946","第26期","1页",NA,"上海"
"剥削民众自由的保甲制度","惕庵","民主(上海)","1946","第20期","531","上海"
"“警员”向老百姓说","臧克家","民主(上海)","1946","第34期","851","上海"
"不要把人民看做敌人","史逸","民主(上海)","1946","第32期","796-797","上海"
"职工呼声(七):上海市银钱业失业同人聊合宣言","民主(上海)","1946","第17期","458",NA,"上海"
"保卫经济的自主权","鄭森禹","民主(上海)","1946","第37期","929-930","上海"
"美国对日政策的秘密文件","求思","民主(上海)","1946","第38期","961-962","上海"
"内战与人民的重担","鄭森禹","民主(上海)","1946","第2卷 第3/4期","1333-1334","上海"
"民联轮上","慧年","民主(上海)","1946","第40期","1012-1014","上海"
"陶孟和先生也说话了","素风","民主(上海)","1946","第2卷 第1/2期","1268","上海"
"动员民众的一个实例","陆诒","民主(上海)","1946","第28期","706-707","上海"
"初春裹的广州侧影(广州通讯二)","文雛","民主(上海)","1946","第21/22期","557-558","上海"
"让苏北一新型大学","董秋斯","民主(上海)","1946","第21/22期","565-568","上海"
"古事新谈","古谛","民主(上海)","1946","第31期","781-783","上海"
"“启示”之后","景宋","民主(上海)","1946","第42期","1062-1063","上海"
"将怎样应付这微妙的时局?","鄭振铎","民主(上海)","1946","第26期","650-652","上海"
"重庆出版业对治政协商意见书(来件)","民主(上海)","1946","第16期","430-432",NA,"上海"
"论民主于法治:民主讲话之五","嚴景耀","民主(上海)","1946","第16期","410-412","上海"
"一周大事表(三十五年七月三十一至八月六日)","民主(上海)","1946","第43期","1088",NA,"上海"
"对十五天停战的看法","柳湜","民主(上海)","1946","第35期","868","上海"
"政府代表说“这也是民意”","蒲崗","民主(上海)","1946","第19期","486","上海"
"大事表(三十五年九月二十五至十月六日)","民主(上海)","1946","第2卷 第1/2期","1303",NA,"上海"
"他们自己也莫明其妙!什么东西绊住了脚:[图]","蒲崗","民主(上海)","1946","第15期","370","上海"
"忙和梦","景宋","民主(上海)","1946","第50期","1248","上海"
"美国人笔下的边区的劳动英雄(二)","求思","民主(上海)","1946","第34期","857-858","上海"
"“呀!呀!呀!”","(美)杰克·伦敦 董秋斯","民主(上海)","1946","第16期","422-426","上海"
"美报论徐州屠杀学生案","董秋斯","民主(上海)","1946","第39期","988-989","上海"
"论民主与民众组织:民主讲话之九","嚴景耀","民主(上海)","1946","第25期","632-635","上海"
"揭穿鲁斯的宣传技俩","求思","民主(上海)","1946","第25期","636-639","上海"
"各代表慰问电","民主(上海)","1946","第37期","940",NA,"上海"
"美国人笔下的边区的劳动英雄(一)","求思","民主(上海)","1946","第33期","833-834","上海"
"“本刊一年”","鄭振铎","民主(上海)","1946","第50期","1235","上海"
"“民主”是对禁不了的","马叙倫","民主(上海)","1946","第47期","1页，1162-1163","上海"
"一周大事表(三十五年七月二十四至三十日)","民主(上海)","1946","第42期","1064",NA,"上海"
"上海市学生追悼昆明死难师大会致政治协会议电文(来件)","民主(上海)","1946","第15期","387",NA,"上海"
"每周时速述评:全面内虞在扩大","念青","民主(上海)","1946","第46期","1139-1140","上海"
"论美国“基本之目标”","景宋","民主(上海)","1946","第48期","1199-1200","上海"
"为反对北平不合法国大代表选举告全国同胞书","民主(上海)","1946","第28期","715",NA,"上海"
"经济的民主:民主政治的根本","李列","民主(上海)","1946","第15期","385","上海"
"改造:[图]","蒲崗","民主(上海)","1946","第13期","320","上海"
"上海人民圑体联合，上海全国和全国和平运动大会对时局联合宣言","民主(上海)","1946","第45期","1134",NA,"上海"
"职工呼声(三)","民主(上海)","1946","第17期","456",NA,"上海"
"政治协会商议以后","鄭振铎","民主(上海)","1946","第17期","1页，438-440","上海"
"悲愤的抗议","鄭振铎","民主(上海)","1946","第37期","1页，918","上海"
"“五四”在北平","伊仲羊","民主(上海)","1946","第30期","750-751","上海"
"请重民意:[图]","蒲崗","民主(上海)","1946","第13期","310","上海"
"一周大事表(三十五年七月十七至二十三日)","民主(上海)","1946","第41期","1039",NA,"上海"
"龙华水泥厂工人为要求进厂工作告各界书","民主(上海)","1946","第19期","502",NA,"上海"
"抗议南通血案，为正义与人道而呼吁:为南通血案写","鄭振铎","民主(上海)","1946","第27期","672-673","上海"
"论民主与经济:民主讲话之七","嚴景耀","民主(上海)","1946","第19期","490-492","上海"
"拿国家来“赌气”","马叙倫","民主(上海)","1946","第45期","1114-1117","上海"
"上海各界呼吁和平，马叙伦等一六四人书，蒋主席马歇而及各党派","民主(上海)","1946","第35期","891-892",NA,"上海"
"“胜利新年”及其他(苏州通讯)","隐扬","民主(上海)","1946","第14期","354","上海"
"一封迟误的信","姚又馀","民主(上海)","1946","第15期","385-386","上海"
"言论统制者的幻想:[图]","蒲崗","民主(上海)","1946","第14期","347","上海"
"悼闻一多","郭沫若","民主(上海)","1946","第40期","996","上海"
"哭闻立鹤兄:附照片","绍荃","民主(上海)","1946","第41期","1035","上海"
"日暮途穷","紫槿","民主(上海)","1946","第37期","927","上海"
"停战才是生路:读彭学沛部长谈话有感","丁静","民主(上海)","1946","第42期","1050-1051","上海"
"亡友鲁迅的印象记(一)","许壽裳","民主(上海)","1946","第35期","885-886","上海"
"论停战问题","文琴","民主(上海)","1946","第13期","311-313","上海"
"中国民主促进会给政治协会议建议书(来件)","民主(上海)","1946","第16期","430",NA,"上海"
"向党政者进一言","民主(上海)","1946","第26期","665",NA,"上海"
"一周大事表(三十五年六月十九日至二十五日)","民主(上海)","1946","第37期","939",NA,"上海"
"论民主与教育:民主讲话之八","嚴景耀","民主(上海)","1946","第21/22期","549-552","上海"
"一周大事表(三十五年四月二十四日三十日)","民主(上海)","1946","第29期","739",NA,"上海"
"老沪纵横话时局","鄧初民","民主(上海)","1946","第2卷 第3/4期","1323-1324","上海"
"美国的对华政策","茅盾","民主(上海)","1946","第35期","866","上海"
"保甲与连坐","民主(上海)","1946","第21/22期","570-571",NA,"上海"
"“我来了，请他走!”:[图]","莱","民主(上海)","1946","第20期","513","上海"
"不要包办的市参议会","周建人","民主(上海)","1946","第24期","603","上海"
"我们需要人民的报纸","学范","民主(上海)","1946","第13期","330-331","上海"
"论联合政府","鄭振铎","民主(上海)","1946","第46期","1页，1138-1139","上海"
"改组政府与否决权","施復亮","民主(上海)","1946","第47期","1167-1168","上海"
"特别提高对于外务干涉的警觉性","鄧初民","民主(上海)","1946","第47期","1175-1176","上海"
"提高教职员待遇:附图","以中","民主(上海)","1946","第24期","614-616","上海"
"人民的力量决定一切","鄧初民","民主(上海)","1946","第45期","1120-1123","上海"
"悼李公朴闻一多二先生","鄭振铎","民主(上海)","1946","第40期","1页，994-995","上海"
"大事表(三十五年十月七日至十五日)","民主(上海)","1946","第2卷 第3/4期","1362-1363",NA,"上海"
"中国民主促进会反对不合民主的上海市参议会宣言(来件)","民主(上海)","1946","第26期","667",NA,"上海"
"什么时候才有新闻自由","求思","民主(上海)","1946","第24期","609-613","上海"
"真理与退学","景宋","民主(上海)","1946","第45期","1126-1127","上海"
"统治者的悲哀","吴耀宗","民主(上海)","1946","第41期","1033","上海"
"驳中央社报导(来件)","民主(上海)","1946","第19期","504-505",NA,"上海"
"东北取样(长春通讯)","张大雷","民主(上海)","1946","第14期","352-353","上海"
"中国经济理论的贫困","杨选堂","民主(上海)","1946","第13期","314-316","上海"
"古事新谈","西谛","民主(上海)","1946","第29期","736","上海"
"再论内战必须立即停止","周建人","民主(上海)","1946","第47期","1173-1175","上海"
"反内战与“反内乱”","丁静","民主(上海)","1946","第37期","926-928","上海"
"迎双十节","景宋","民主(上海)","1945","创刊号","3-5","上海"
"制止物价高翔的方案","民主(上海)","1945","第4期","1页，90",NA,"上海"
"遭难前后(二)","景宋","民主(上海)","1945","第11期","264-265","上海"
"让人民便利点罢","张一凡","民主(上海)","1945","第6期","144","上海"
"美国舆论在转变中","董秋斯","民主(上海)","1945","第8期","184-186","上海"
"卑下文学:附图","罗稷南","民主(上海)","1945","第2期","54-55","上海"
"国庆小感","方禺","民主(上海)","1945","创刊号","10","上海"
"略谈这回大战的性质与法西斯的歪曲事实","周建人","民主(上海)","1945","创刊号","8-10","上海"
"享受自由的条件","周建人","民主(上海)","1945","第5期","128-129","上海"
"关于莫斯科外长会议","賓符","民主(上海)","1945","第10期","224-226","上海"
"油灯","索非","民主(上海)","1945","创刊号","19","上海"
"大事记:附照片","民主(上海)","1945","第2期","57-59",NA,"上海"
"回忆:附图","吴大琨","民主(上海)","1945","第2期","45-46","上海"
"太平洋战争大事记","董秋斯","民主(上海)","1945","第10期","234-238","上海"
"记某战地医院","任华","民主(上海)","1945","第12期","297-300","上海"
"此其时矣:[图]","蒲崗","民主(上海)","1945","第8期","186","上海"
"初冬的重庆(重庆通讯)","陈辛","民主(上海)","1945","第10期","241","上海"
"和平需要武力做保障吗","马叙伦","民主(上海)","1945","第5期","1页，114-115","上海"
"胜利的到来","渠之","民主(上海)","1945","第2期","55","上海"
"韬奋的流亡生活(五)","杨明","民主(上海)","1945","第7期","166-167","上海"
"“无路可走”","尊聞","民主(上海)","1945","第7期","165","上海"
"胜利的常州","王铁猴","民主(上海)","1945","第10期","243","上海"
"由昆明学潮说起","鄭振铎","民主(上海)","1945","第10期","1页，222-223","上海"
"与严景曜先生论帮助失业青年问题","知廉","民主(上海)","1945","第6期","149","上海"
"诗两首:为鲁迅先生九周年祭作","民主(上海)","1945","第3期","63",NA,"上海"
"又一提议，赶快成立全国反内战大联合之提议","徐相任","民主(上海)","1945","第10期","243","上海"
"非礼勿视:[图]","李兆安","民主(上海)","1945","第9期","199","上海"
"耕耘:[图]","陈烟桥刻","民主(上海)","1945","第10期","239","上海"
"大赠送:[图]","蒲崗","民主(上海)","1945","第10期","233","上海"
"从匪谈起","端木泉","民主(上海)","1945","第10期","225","上海"
"读“甲申三百年祭”","奴齐","民主(上海)","1945","第2期","56","上海"
"人民需要和平反对内战","周建人","民主(上海)","1945","第6期","135","上海"
"时代行进的步伐","余伯约","民主(上海)","1945","创刊号","11-12","上海"
"肃清贪冒是实现民主政治的前奏","民主(上海)","1945","第3期","1页，62-64",NA,"上海"
"大事记","民主(上海)","1945","第3期","86-87",NA,"上海"
"“丑史”之类","尊闻","民主(上海)","1945","第9期","202-203","上海"
"我们的责任更加重","鄭振铎","民主(上海)","1945","创刊号","19","上海"
"走上民主的路吧!","马叙倫","民主(上海)","1945","第11期","1页，246-247","上海"
"论新闻自由运动","董秋斯","民主(上海)","1945","第6期","146-147","上海"
"写在政治协商议以前","马叙倫","民主(上海)","1945","第12期","271-272","上海"
"梦醒时","济之","民主(上海)","1945","创刊号","16-17","上海"
"年终大扫除备忘录:[图]","蒲崗","民主(上海)","1945","第12期","278-279","上海"
"纳粹犯访问记","斯诺 秋斯","民主(上海)","1945","创刊号","13-16","上海"
"读史杂志(二):论“人心”","尊闻","民主(上海)","1945","第8期","190","上海"
"美国对华政策与中国内争","尊闻","民主(上海)","1945","第12期","280-283","上海"
"请莫认为父","立壘","民主(上海)","1945","第12期","307","上海"
"上海市大中学生为欢迎马歇而大使阻被假冒与被打事:告归长同学与社会人士书(来件一)","马歇尔特","民主(上海)","1945","第12期","302-303","上海"
"高等教育管见(二)","王以中","民主(上海)","1945","第12期","287-288","上海"
"人民需要爱抚","景宋","民主(上海)","1945","第5期","125-126","上海"
"两种优持","奴齐","民主(上海)","1945","第8期","175-177","上海"
"欧美的民主政治是怎样开展的:民主讲话之二","嚴景曜","民主(上海)","1945","第6期","140-141，151","上海"
"中国的癌","景宋","民主(上海)","1945","第9期","216-217","上海"
"外国军火与中国内战","求思","民主(上海)","1945","第6期","136-137","上海"
"发刊词","民主(上海)","1945","创刊号","1页",NA,"上海"
"中国民主运动的经验:民主讲话之四","嚴景耀","民主(上海)","1945","第12期","276-281","上海"
"杜鲁门对华宣言的前因后果","东方晦之","民主(上海)","1945","第11期","250-253","上海"
"从万花筒中看物价","娄立齐","民主(上海)","1945","第5期","121-123","上海"
"爆仗","罗稷南","民主(上海)","1945","第4期","106","上海"
"鲁迅先生对我的影响","秋斯","民主(上海)","1945","第2期","44-45","上海"
"坟墓","贺依","民主(上海)","1945","第3期","83","上海"
"今日种种:[图]","蒲崗","民主(上海)","1945","第8期","178-181","上海"
"我们反对内战","民主(上海)","1945","第6期","1页，134",NA,"上海"
"“反对宴会政治”","尊聞","民主(上海)","1945","第5期","128-129","上海"
"日本投降的经过","老圣","民主(上海)","1945","创刊号","23-24","上海"
"整顿市容:[图]","蒲崗","民主(上海)","1945","第5期","127","上海"
"关于新年的希望","周建人","民主(上海)","1945","第12期","273","上海"
"胜利日","唐弢","民主(上海)","1945","创刊号","17-19","上海"
"独立自主的外交路线","杨动","民主(上海)","1945","第4期","97-98","上海"
"印度国民军问题","董秋斯","民主(上海)","1945","第9期","207-209","上海"
"太平洋战争大事记(二)","董秋斯","民主(上海)","1945","第11期","261-263","上海"
"迎中华民国三十五年","鄭振铎","民主(上海)","1945","第12期","1页，270","上海"
"读国共会议记录","民主(上海)","1945","第2期","1页，30-31",NA,"上海"
"美国人眼中的延安:评The Challenge Red China","求思","民主(上海)","1945","第12期","284-285","上海"
"中苏联合影响英美:为苏联十月革命二十八周年纪念作","柳亚子","民主(上海)","1945","第4期","93","上海"
"人为的物价政策之必要","张一凡","民主(上海)","1945","第4期","91","上海"
"二十世纪五十年代的圣诞老人","蒲崗","民主(上海)","1945","第11期","167","上海"
"关于收换伪钞的办法问题","张一凡","民主(上海)","1945","第3期","72-73","上海"
"日本的新党运动","鄭森禹","民主(上海)","1945","第6期","142-143","上海"
"鲁迅逝世九周年纪念特辑:我们怎样纪念","景宋","民主(上海)","1945","第2期","38-39","上海"
"剪报见闻","许癀平","民主(上海)","1945","第7期","163-164","上海"
"胜利到来","師陀","民主(上海)","1945","创刊号","17","上海"
"一个重要的建议","倫","民主(上海)","1945","第11期","247","上海"
"大后方的民主运动","吴王琨","民主(上海)","1945","创刊号","21-22","上海"
"谈纪律","郭绍虞","民主(上海)","1945","第6期","148","上海"
"澈底的民主与形式的民主:民主讲话之一","嚴景曜","民主(上海)","1945","第4期","102-104","上海"
"韬奋的流亡生活(六)","杨明","民主(上海)","1945","第8期","192-194","上海"
"国民义务教育与县附税","魏金枝","民主(上海)","1945","第10期","229","上海"
"民主与狂狷精神","郭绍虞","民主(上海)","1945","创刊号","2-3","上海"
"有为与有守","郭绍虞","民主(上海)","1945","第2期","36-37","上海"
"芜言篇","齐人","民主(上海)","1945","第12期","296-297","上海"
"谈文化建设","周振甫","民主(上海)","1945","第4期","105-106","上海"
"记成都“一二九”太游行青年人是永远公正的","陈菊珍","民主(上海)","1945","第12期","301-303","上海"
"记美国军人所说的话","冷红","民主(上海)","1945","第12期","306-307","上海"
"鲁迅先生与苏联","葛一虹","民主(上海)","1945","第2期","40-41","上海"
"给亚美利亚的人民","绀弩","民主(上海)","1945","第7期","159","上海"
"民心","杨愚","民主(上海)","1945","第10期","243","上海"
"原子弹与希特勒","新武","民主(上海)","1945","第12期","294-295","上海"
"昆明冬讯(昆明通讯)","胡剑","民主(上海)","1945","第9期","219","上海"
"陪都各界追悼昆明死难师生文锦:附照片","民主(上海)","1945","第11期","260",NA,"上海"
"怎样帮助全国失业青年","嚴景矅","民主(上海)","1945","第2期","51-52","上海"
"伦敦外长会议","賓符","民主(上海)","1945","第2期","34-35","上海"
"空军第五大队参加湘西会战记","鄭光昭","民主(上海)","1945","第9期","213-215","上海"
"无党派者的愿望","程启钧","民主(上海)","1945","第7期","169-170","上海"
"“上海热”:[图]","李兆","民主(上海)","1945","第4期","93","上海"
"遭难前后(三)","景宋","民主(上海)","1945","第12期","292-295","上海"
"试问小薪水阶级如何生活?","周建人","民主(上海)","1945","第10期","227-228","上海"
"对马歇而特的期望","求思","民主(上海)","1945","第9期","201-202","上海"
"日本的动乱与阴谋","郑森禹","民主(上海)","1945","第2期","32-33","上海"
"一本书杂志","周煦良","民主(上海)","1945","第2期","53-54","上海"
"关于鲁迅先生的有些性格:附照片","克士","民主(上海)","1945","第2期","39-40","上海"
"我们的抗议","鄭振铎","民主(上海)","1945","第9期","1页，198","上海"
"再说些老百姓的话","马叙倫","民主(上海)","1945","第9期","199-200","上海"
"抑平物价:[图]","蒲崗","民主(上海)","1945","第5期","127","上海"
"论人民应该多说话","周建人","民主(上海)","1945","第3期","67-69","上海"
"反“修身齐家治国平天下”论","嚴景耀","民主(上海)","1945","第3期","73-74","上海"
"赎罪:但原这是谣傅:[图]","蒲崗","民主(上海)","1946","第15期","371","上海"
"和平商谈走入绝境","念青","民主(上海)","1946","第49期","1216-1217","上海"
"为争取自由而歌","董致白","民主(上海)","1946","第45期","1122","上海"
"一周大事表(三十五年五月二十九日六月四日)","民主(上海)","1946","第34期","859",NA,"上海"
"答问时事","马敍倫","民主(上海)","1946","第33期","814-818","上海"
"邱吉而是怎样和史压林战门的:尼铭康牧合译自夸下月一号纽约展望半月刊","伊利奥特·罗斯福","民主(上海)","1946","第2卷 第3/4期","1339-1343","上海"
"黑暗与光明","吴耀宗","民主(上海)","1946","第2卷 第3/4期","1309-1310","上海"
"一周大事表(三十五年七月十一至十六日)","民主(上海)","1946","第40期","1016",NA,"上海"
"南京的“群魔乱舞”(南京通讯)","李敏","民主(上海)","1946","第2卷 第1/2期","1292-1293","上海"
"反美与反苏","马叙倫","民主(上海)","1946","第36期","895-897","上海"
"如何执行政协诀议","施復亮","民主(上海)","1946","第43期","1076-1080","上海"
"时局笔谈特辑:高末若，马叙伦，郑振铎，景宋先生答本刊时局六问题","民主(上海)","1946","第35期","865-866",NA,"上海"
"放歌","何家槐","民主(上海)","1946","第49期","1230","上海"
"论法西斯分子罪行","周建人","民主(上海)","1946","第40期","1011-1013","上海"
"每周时事述评:五人小组流产以后","念青","民主(上海)","1946","第48期","1192-1193","上海"
"职工呼声(一):资源委员会中央机器厂全体职员罢工宣言","民主(上海)","1946","第17期","455",NA,"上海"
"停战协议失败以后","萧扬","民主(上海)","1946","第29期","722-724","上海"
"民主生活的威胁:保甲制度","民主(上海)","1946","第20期","530-531",NA,"上海"
"请协商诸公看看当前的事实:[图]","乃鹤","民主(上海)","1946","第16期","396","上海"
"记夏丐尊先生","徐调孚","民主(上海)","1946","第29期","738","上海"
"一周时事述评","麦逸","民主(上海)","1946","第29期","718-719","上海"
"北平岁寒图(北平通讯)","方纾","民主(上海)","1946","第17期","451-452","上海"
"万一再拖呢只好拖向和!","茅盾","民主(上海)","1946","第38期","944-945","上海"
"“国大”是中华民国的丧","赵飞廉","民主(上海)","1946","第2卷 第3/4期","1328-1329","上海"
"又来挽“民主”","叶圣陶","民主(上海)","1946","第2卷 第3/4期","1309","上海"
"论民主逆流急须遏止","建人","民主(上海)","1946","第31期","774-775","上海"
"民意","景宋","民主(上海)","1946","第33期","823-824","上海"
"专制之下:[图]","阿杨","民主(上海)","1946","第26期","653","上海"
"双十节感言","张絅伯","民主(上海)","1946","第2卷 第1/2期","1274-1275","上海"
"锄奸续论","鄭振铎","民主(上海)","1946","第15期","1页，362-363","上海"
"手黑的恶罪:[图]","蒲崗","民主(上海)","1946","第19期","493-494","上海"
"并非抗议","罗稷南","民主(上海)","1946","第2卷 第3/4期","1313-1314","上海"
"每周时速述评:究竟是什么?","念青","民主(上海)","1946","第47期","1169-1170","上海"
"从凄寂的“九一八”说起","鄭振铎","民主(上海)","1946","第49期","1页，1210","上海"
"不可缺少的反对党","(美)李普曼 雇均正","民主(上海)","1946","第14期","336-341","上海"
"关于检举汉奸","周建人","民主(上海)","1946","第15期","364-365","上海"
"做尾巴与被利用","民主(上海)","1946","第47期","1182",NA,"上海"
"我们对马歇而特使的警告应有的认识","求思","民主(上海)","1946","第23期","583-588","上海"
"无名的英雄","景文","民主(上海)","1946","第33期","826","上海"
"为重庆二月十日凶击事件致国府电(来件)","民主(上海)","1946","第18期","482-483",NA,"上海"
"人民的封不住","鄭森禹","民主(上海)","1946","第2卷 第3/4期","1314","上海"
"考验(诗画)","陈烟桥","民主(上海)","1946","第33期","816-817","上海"
"一个重伤医院的故事","民主(上海)","1946","第23期","595",NA,"上海"
"国际舆论","兆均","民主(上海)","1946","第36期","913","上海"
"解决时局与改组政府","施復亮","民主(上海)","1946","第44期","1105-1107","上海"
"再论东北问题需要张学良","东衣","民主(上海)","1946","第32期","799-800","上海"
"反民主作风有助长民主势力的作用","克士","民主(上海)","1946","第32期","795-796","上海"
"欧洲的外交战:四个外长会议的争执","湘漁","民主(上海)","1946","第32期","802-805","上海"
"纪念韬奋先生","周建人","民主(上海)","1946","第41期","1028","上海"
"在中国受纵容的纳粹党徒","求思","民主(上海)","1946","第48期","1202-1204","上海"
"上海杂志界及出版业提供政治协商会议的意见(来件)","民主(上海)","1946","第17期","459",NA,"上海"
"一周大事表(三十五年五月八日至十四日)","民主(上海)","1946","第31期","787",NA,"上海"
"为青岛女教员惨案的呼吁","民主(上海)","1946","第14期","356-357",NA,"上海"
"到经济民主之路","杜岩","民主(上海)","1946","第34期","845-848","上海"
"经济危机不拖不得了(上)","非昔","民主(上海)","1946","第34期","852-854","上海"
"最后仲裁权应归人民","鄭森禹","民主(上海)","1946","第35期","874","上海"
"大国民风度:[图]","蒲崗","民主(上海)","1946","第17期","450","上海"
"抗战往事，悼念张自忠将军，瞻望南瓜店前路，抗战史上第一人","民主(上海)","1946","第27期","680-681",NA,"上海"
"易政治协商会议诸君","鄭振铎","民主(上海)","1946","第13期","1页，310","上海"
"一个美国兵的延安游记(下)","董秋斯","民主(上海)","1946","第32期","808-809","上海"
"给和平老人及其他英雄们","雾城","民主(上海)","1946","第37期","937-938","上海"
"军粮与民食:[图]","明","民主(上海)","1946","第2卷 第1/2期","1284","上海"
"内战局势","丁静","民主(上海)","1946","第47期","1171-1172","上海"
"司徒雷登来了怎么样","丁静","民主(上海)","1946","第40期","1004-1006","上海"
"敬告第三方面政协代表","施復亮","民主(上海)","1946","第2卷 第3/4期","1325-1326","上海"
"庐山诗话","罗稷南","民主(上海)","1946","第42期","1063","上海"
"从农村看内战","陈守實","民主(上海)","1946","第39期","982-983","上海"
"读报杂感","政客","民主(上海)","1946","第37期","937-938","上海"
"职工呼声(五)","民主(上海)","1946","第17期","457",NA,"上海"
"“召开国大”“改组政府”","丁静","民主(上海)","1946","第39期","980-983","上海"
"当心转移目标的战术:[图]","莱","民主(上海)","1946","第20期","525","上海"
"漫谈上海职工(上):在抗战时期中，一切为着抗战而努力","永生","民主(上海)","1946","第25期","639-643","上海"
"火药气味的剩余物资","鄭森禹","民主(上海)","1946","第46期","1141","上海"
"巴黎和会的成功与失败","梁纯夫","民主(上海)","1946","第2卷 第3/4期","1344-1345","上海"
"中国民主运动的前瞻","吴耀宗","民主(上海)","1946","第2卷 第1/2期","1289-1291，1297","上海"
"孙院的两次谈话","怀椒","民主(上海)","1946","第2卷 第3/4期","1329","上海"
"魔术家的玩具:[图]","普森","民主(上海)","1946","第25期","637","上海"
"郁逵夫的失踪和流亡:给全国文艺协会报告书","胡愈之","民主(上海)","1946","第48期","1205-1207","上海"
"阿Q家鄕底二三事(浙江通讯)","彳亍","民主(上海)","1946","第16期","418-419","上海"
"东北问题与中苏关系","萧扬","民主(上海)","1946","第20期","523-528","上海"
"来宾被禁止讲话","民主(上海)","1946","第27期","690-691",NA,"上海"
"彷徨","史笃","民主(上海)","1946","第39期","990","上海"
"沈钧儒、郭沫若、章伯钧三先生对“召开国大”的意见","民主(上海)","1946","第39期","978-979",NA,"上海"
"圑拜和朝贺","倫","民主(上海)","1946","第15期","363","上海"
"难得的际遇和两个前途","稽古","民主(上海)","1946","第18期","470-472","上海"
"时局中资产阶级的责任","马叙倫","民主(上海)","1946","第49期","1211-1215","上海"
"民主浪潮在广州(广州通讯)","任遠","民主(上海)","1946","第21/22期","555-556","上海"
"生活之路:游牧先生的信","民主(上海)","1946","第30期","761-762",NA,"上海"
"总该有一缐光明罢","鄭振铎","民主(上海)","1946","第42期","1页，1042","上海"
"速捕女汉奸以防流毒","勒巩","民主(上海)","1946","第14期","348-350","上海"
"我们反对用嫌联总的物资作政治武器","求思","民主(上海)","1946","第18期","473-475","上海"
"三八话今年:附图","景宋","民主(上海)","1946","第21/22期","553-554","上海"
"五四运动节的意义","鄭振铎","民主(上海)","1946","第29期","1页","上海"
"光明的还没有到来:附图","陈烟桥","民主(上海)","1946","第18期","467-469","上海"
"“坏政府”","Grary，W. 尊闻","民主(上海)","1946","第37期","933-934","上海"
"结束一党尃政与改选代表","周建人","民主(上海)","1946","第16期","400-401","上海"
"不要忽视南通惨案","民主(上海)","1946","第27期","691",NA,"上海"
"为东北问题说公道话","东衣","民主(上海)","1946","第27期","678-680","上海"
"“大国民风度”班","蒲崗","民主(上海)","1946","第19期","501","上海"
"一周大事表(三十五年五月十五日至二十一日)","民主(上海)","1946","第32期","811",NA,"上海"
"清晨漫笔","景宋","民主(上海)","1946","第41期","1037-1038","上海"
"七七第一周年在武汉","郭沫若","民主(上海)","1946","第38期","943","上海"
"说说因东北问题而起的学生运动","马叙倫","民主(上海)","1946","第20期","511-513","上海"
"协商会未次大会通过各案全文","民主(上海)","1946","第18期","483",NA,"上海"
"出奇的事","景宋","民主(上海)","1946","第46期","1142","上海"
"司徒大使任重途艰:[图]","霧城","民主(上海)","1946","第42期","1061","上海"
"朱富胜的新家庭","林红","民主(上海)","1946","第46期","1157-1158","上海"
"关于民主与统一","周建人","民主(上海)","1946","第14期","345-346","上海"
"一周大事表(三十五年八月二十八至九月三日)","民主(上海)","1946","第47期","1183",NA,"上海"
"在迫害下(二)","董秋斯","民主(上海)","1946","第28期","711-713","上海"
"光明与黑暗(南昌通讯)","何恕","民主(上海)","1946","第28期","710-711","上海"
"双十文告的评注和后语","马敘倫","民主(上海)","1946","第2卷 第3/4期","1317-1332","上海"
"“吟罢低眉无写处”","贺依","民主(上海)","1946","第2卷 第3/4期","1316","上海"
"美国对华政策会不会改变?","张鐵生","民主(上海)","1946","第2卷 第1/2期","1267-1268","上海"
"怎样使双十节更值得庆幸?","郭沫若","民主(上海)","1946","第2卷 第1/2期","1269-1272","上海"
"新疆之谜","宗石","民主(上海)","1946","第21/22期","559-561","上海"
"当前一个严重问题","马叙倫","民主(上海)","1946","第23期","1页，574-576","上海"
"猎书偶记:“不是打鸽子杀乌鸦，倒是打乌鸦鸽子”","蒋天佐","民主(上海)","1946","第2卷 第1/2期","1301-1302","上海"
"三人会议主角之一马歇而将军","陆诒","民主(上海)","1946","第2卷 第1/2期","1294-1295","上海"
"统一(?)和平(?)","何天","民主(上海)","1946","第2卷 第3/4期","1335-1336","上海"
"请政府停止整编保甲","求思","民主(上海)","1946","第20期","517-522","上海"
"在迫害下(三)","董秋斯","民主(上海)","1946","第29期","734-735","上海"
"东北问题需要张学良","东衣","民主(上海)","1946","第28期","699-701","上海"
"邱吉而所扮演的角色:附图","湘漁","民主(上海)","1946","第23期","589-592","上海"
"“停战!停战!!”","鄭振铎","民主(上海)","1946","第28期","1页，694","上海"
"人民的归给人民(故事诗)","陈烟桥","民主(上海)","1946","第20期","511-513","上海"
"内战打得下去吗?","求思","民主(上海)","1946","第28期","700-704","上海"
"青年学生在走上战场","陆诒","民主(上海)","1946","第29期","737","上海"
"几句关于南通惨案的话","周建人","民主(上海)","1946","第27期","673-675","上海"
"抢救内战复发的灾难","项念青","民主(上海)","1946","第27期","676-679","上海"
"一周大事表(三十五年九月四日至九日)","民主(上海)","1946","第48期","1208",NA,"上海"
"敬书最后的忠告与国民党","马叙倫","民主(上海)","1946","第28期","695-699","上海"
"从接收说到官规与军纪","鄭振铎","民主(上海)","1946","第25期","1页，622-624","上海"
"遭难前后(续完)","景宋","民主(上海)","1946","第23期","593-595","上海"
"民主生活的学习:谈国大妇女代表的选举","景宋","民主(上海)","1946","第28期","705-708","上海"
"戴笠将军的死","徐深","民主(上海)","1946","第24期","601-602","上海"
"论中苏外交和东北内政:附图","尊闻","民主(上海)","1946","第23期","580-583","上海"
"应该由人民来打开这个混乱的局面","马叙倫","民主(上海)","1946","第26期","646-651","上海"
"新新公司同人联名检举大汉奸李泽","民主(上海)","1946","第14期","357",NA,"上海"
"关于联总物资的分配问题:答联总暑长恺撒先生","求思","民主(上海)","1946","第21/22期","568-569","上海"
"旅美观感","爱倫堡 尊闻","民主(上海)","1946","第44期","1111","上海"
"为什么让马歇而成功?","于潮","民主(上海)","1946","第44期","1102-1103","上海"
"无法无天","求思","民主(上海)","1946","第16期","403-405","上海"
"中华民国未来民的宪法中之立法权问题(下):民主宪法十讲中之第六讲","张君劢","民主(上海)","1946","第44期","1108-1110","上海"
"和平还有希望么?","念青","民主(上海)","1946","第2卷 第3/4期","1325-1327","上海"
"漫谈皇帝的悲喜剧","野叟","民主(上海)","1946","第50期","1249-1251","上海"
"给政治协商会议","张凤举","民主(上海)","1946","第14期","339-341","上海"
"论民主与自由:民主讲话之六","嚴景耀","民主(上海)","1946","第17期","444-448","上海"
"呑吃着中国农村的大荒灾","黄醒华","民主(上海)","1946","第45期","1124-1125","上海"
"胜利周年以后人们获得了些甚么","周建人","民主(上海)","1946","第44期","1104","上海"
"新生的张家口","求思","民主(上海)","1946","第30期","757-758","上海"
"美国人民将考验杜鲁门","费孝通","民主(上海)","1946","第39期","984-987","上海"
"国民党反民主的证实","马叙倫","民主(上海)","1946","第27期","1页，670-671","上海"
"主席行辕","湘子","民主(上海)","1946","第50期","1240","上海"
"日本投降经来的中国政局的清算","鄭振铎","民主(上海)","1946","第43期","1页，1056-1067","上海"
"读美国费正清论中国时局","马敘倫","民主(上海)","1946","第2卷 第1/2期","1285-1288","上海"
"“民主不死”","求思","民主(上海)","1946","第2卷 第3/4期","1314-1315","上海"
"民国政治的空前阶段","蔡尚思","民主(上海)","1946","第14期","343-344","上海"
"如此曲折","方直","民主(上海)","1946","第35期","879-881","上海"
"一周时事述评","石啸冲","民主(上海)","1946","第30期","744-745","上海"
"北方文化拉杂谈","劳荣","民主(上海)","1946","第18期","474-476","上海"
"事实的说明","许傑","民主(上海)","1946","第2卷 第3/4期","1313","上海"
"上海文化界八圑体致电慰问晋京代表","民主(上海)","1946","第37期","940",NA,"上海"
"今日的巴黎和会","梁纯夫","民主(上海)","1946","第42期","1054-1055","上海"
"在宪法问题上争的是什么:附图","胡绳","民主(上海)","1946","第24期","604-607","上海"
"当前的几个重要问题","宗億","民主(上海)","1946","第15期","373-375","上海"
"向政治协商议提供初步意见:(来件二)民主建国会","民主(上海)","1946","第14期","358-359",NA,"上海"
"美国民意与对华政策?","求思","民主(上海)","1946","第47期","1177-1178","上海"
"常熟读者来信","民主(上海)","1946","第19期","503",NA,"上海"
"中国在转变中","萧扬","民主(上海)","1946","第18期","467-469","上海"
"记原子弹下的广岛9(二)","约翰·赫而塞 求思诀","民主(上海)","1946","第2卷 第3/4期","1356-1359","上海"
"什么叫做“过渡时期”","胡绳","民主(上海)","1946","第26期","652-655","上海"
"论争主权之类:附图","周建人","民主(上海)","1946","第20期","514-516","上海"
"漫谈上海职工(下):上海职工向着心与建国的目标继续迈进","永生","民主(上海)","1946","第27期","687-689","上海"
"祝苏联红军节","子起","民主(上海)","1946","第19期","494-496","上海"
"在迫害下(一)","董秋斯","民主(上海)","1946","第27期","685-687","上海"
"论中美“传统睦谊”","周建人","民主(上海)","1946","第42期","1056","上海"
"韬奋先生逝世两年纪念特辑:祭邹韬奋先生文:附照片","陶行知","民主(上海)","1946","第41期","1025-1026","上海"
"论官僚资本","鄭振铎","民主(上海)","1946","第19期","487-489","上海"
"迎马与送魏","景宋","民主(上海)","1946","第25期","627-628","上海"
"光绪壬午朝鲜内内实之一节(上)","沈燕谋","民主(上海)","1946","第15期","382-384","上海"
"马歇尔被窃","倫","民主(上海)","1946","第15期","364-365","上海"
"哈而滨小景(东北通讯)","张大雷","民主(上海)","1946","第15期","376","上海"
"假中杂写","克士","民主(上海)","1946","第16期","414-415","上海"
"人民的力量","景宋","民主(上海)","1946","第18期","470-472","上海"
"上海市保险时间同人致马歇而生书(来件)","民主(上海)","1946","第13期","331",NA,"上海"
"租借法案的再检讨，这是当前必须认清的头等问题，不要看轻它呵!","戴文葆","民主(上海)","1946","第15期","369-372","上海"
"漫谈袁世凯:张一麟谈袁世凯","陆诒","民主(上海)","1946","第34期","854-857","上海"
"一周时事述评","石啸冲","民主(上海)","1946","第33期","820-821","上海"
"战后的英国妇女","景宋","民主(上海)","1946","第24期","615-616","上海"
"开封通讯","羣锋","民主(上海)","1946","第18期","481","上海"
"民权到底有保障没有","鄭振铎","民主(上海)","1946","第18期","1页，462","上海"
"警察做事难","民主(上海)","1946","第18期","481",NA,"上海"
"悼:[诗歌]","任钧","民主(上海)","1946","第13期","316","上海"
"一周大事表(三十五月二十二日至二十八日)","民主(上海)","1946","第33期","835",NA,"上海"
"一周时事述评","石啸冲","民主(上海)","1946","第32期","792-793","上海"
"不要再打下去了!","鄭振铎","民主(上海)","1946","第32期","794","上海"
"古事新谈","西谛","民主(上海)","1946","第33期","827","上海"
"古事新谈","西谛","民主(上海)","1946","第32期","806-807","上海"
"上海人民圑体联合反对警管制宣言(来件)","民主(上海)","1946","第32期","810",NA,"上海"
"“国”与“民”的解剖","仁柳","民主(上海)","1946","第15期","366-368","上海"
"民主宪政与民主经济:附图","新武","民主(上海)","1946","第16期","406-409","上海"
"关于国民大会最后的饶舌","马叙倫","民主(上海)","1946","第16期","1页，390-393","上海"
"民主统一与两派看法","郭生","民主(上海)","1946","第13期","319-320","上海"
"赶快和平协商吧","鄭振铎","民主(上海)","1946","第33期","1页，814","上海"
"从美国政策看东北","湘漁","民主(上海)","1946","第33期","824-826","上海"
"永安公司职工呼声(来件)","民主(上海)","1946","第15期","387",NA,"上海"
"遭难前后(四)","景宋","民主(上海)","1946","第13期","326-329","上海"
"让人民站起来","景宋","民主(上海)","1946","第16期","401-402","上海"
"遭难前后(十)","景宋","民主(上海)","1946","第19期","495-496","上海"
"新中国的牌图和形势","陈尔夀","民主(上海)","1946","第19期","497-499","上海"
"遭难前后(六)","景宋","民主(上海)","1946","第15期","377-379","上海"
"新和平机构的初次考验","史枚","民主(上海)","1946","第16期","408-411","上海"
"再论执法与玩法","娄立齐","民主(上海)","1946","第25期","630-632","上海"
"中国人为发财而做官:财迷论","蔡尚思","民主(上海)","1946","第19期","488-489","上海"
"联总物资与苏北内战","求思","民主(上海)","1946","第42期","1052-1053","上海"
"记韬奋先生的葬仪","邑君","民主(上海)","1946","第41期","1031","上海"
"陶行知思想路线:附照片","陈家康","民主(上海)","1946","第42期","1057-1058","上海"
"光荣归于民主:谈解放区的政治与军事","民主(上海)","1946","第16期","397",NA,"上海"
"由衷之献","梅湜","民主(上海)","1946","第16期","398-399","上海"
"关于剩余物资的始末","于潮","民主(上海)","1946","第46期","1143-1145","上海"
"新闻自由的滥用","求思","民主(上海)","1946","第32期","800-801","上海"
"在迫害下(续完)","董秋斯","民主(上海)","1946","第30期","758-760","上海"
"关于中美合作所","求思","民主(上海)","1946","第26期","660","上海"
"无锡景","杨清河","民主(上海)","1946","第17期","454-455","上海"
"“五四时代”没有过去","叙功","民主(上海)","1946","第29期","729-730","上海"
"职工呼声(四):永安公司职工来信","民主(上海)","1946","第17期","456-457",NA,"上海"
"悼冼星海","桂濤声","民主(上海)","1946","第26期","658-660","上海"
"怎么知道的?","单行","民主(上海)","1946","第26期","659","上海"
"抗敌队伍裹的妇女们(上)","希苓","民主(上海)","1946","第23期","594-595","上海"
"徐州撤退前后","陆诒","民主(上海)","1946","第32期","807-809","上海"
"来信两则","民主(上海)","1946","第16期","428-429",NA,"上海"
"上海杂志联谊会:致政协第三方面代表备忘录，衡山、政之、沫若、君劢、伯钧、努生、王幼椿先生并转政协第三方面诸位代表先生公鉴","民主(上海)","1946","第2卷 第3/4期","1360-1361",NA,"上海"
"从英国名画说起","何家槐","民主(上海)","1946","第40期","1014-1015","上海"
"救济内幕","文琴","民主(上海)","1946","第40期","1009-1010","上海"
"联总物资华竟成了政治武器","求思","民主(上海)","1946","第40期","1007-1010","上海"
"关于驻军的见闻(吴江通讯)","戾野","民主(上海)","1946","第17期","453","上海"
"常熟的形形色色(通讯)","民盾","民主(上海)","1946","第16期","420-421","上海"
"西北纪实","东衣","民主(上海)","1946","第45期","1132-1134","上海"
"“拖”的结果是什么","鄭振铎","民主(上海)","1946","第39期","1页，970-971","上海"
"一周大事表(三十五年七月一日至十日)","民主(上海)","1946","第39期","991-992",NA,"上海"
"忆费巩教授","以中","民主(上海)","1946","第30期","755-756","上海"
"遭难前后(七)","景宋","民主(上海)","1946","第16期","427-429","上海"
"为吁请政策释放费巩教授并取消组织:敬告社会士书(来件)","民主(上海)","1946","第16期","432-433",NA,"上海"
"欧洲政治的转形斯","梁纯夫","民主(上海)","1946","第37期","931-932","上海"
"陪都各界庆祝政治协商议成功大会告全国胞书(来件)","民主(上海)","1946","第18期","482",NA,"上海"
"一周大事表(三十五年八月十四日至二十日)","民主(上海)","1946","第45期","1135",NA,"上海"
"每周时事述评:内战全面化的展开了","念青","民主(上海)","1946","第45期","1118-1120","上海"
"为学校收费及教师待遇等问题:告各界书(来件)","民主(上海)","1946","第16期","433-434",NA,"上海"
"美国人笔下的边区的劳动英雄(三)","求思","民主(上海)","1946","第35期","887-888","上海"
"人民好像仍然生活地侵略者的铁蹄下:附图","周建人","民主(上海)","1946","第23期","586-588","上海"
"孔学总批判(上)","蔡尚思","民主(上海)","1946","第21/22期","560-566","上海"
"从袁项城说起","克士","民主(上海)","1946","第19期","493-494","上海"
"汇率放长何用?","鄭森禹","民主(上海)","1946","第45期","1123","上海"
"协商末次大会通过各案全文(续完)","民主(上海)","1946","第19期","505-507",NA,"上海"
"向谁呼吁(杭州通讯)","俞平清","民主(上海)","1946","第13期","329","上海"
"论中国美苏关系与中国前途","鄭振铎","民主(上海)","1946","第21/22期","540-544","上海"
"道义的懦怯:战后我国外交的检讨","稽古","民主(上海)","1946","第21/22期","546-549","上海"
"上海市公用事业职工会联谊会，关于电力公司职工流血事件各界宣言(来件)","民主(上海)","1946","第19期","503-504",NA,"上海"
"上海杂志界联谊会，为抗议当局非法禁“消息周刊”向各界宣言","民主(上海)","1946","第36期","915",NA,"上海"
"抗议暴徒欧打我们的代表","周建人","民主(上海)","1946","第37期","921-922","上海"
"一周大事表(三十五年八月七日至十三日)","民主(上海)","1946","第44期","1112",NA,"上海"
"每周时事述评:是谁拒绝和平?","念青","民主(上海)","1946","第43期","1068-1069","上海"
"论文化杀戮","吴晗","民主(上海)","1946","第44期","1095","上海"
"黑色恐怖的昆明","李何林","民主(上海)","1946","第45期","1128-1131","上海"
"杜鲁门应负中国内战的责任","求思","民主(上海)","1946","第37期","925","上海"
"美国干涉与中国内争","哈里逊·福门 君羊","民主(上海)","1946","第36期","905-907","上海"
"关于“警员警管区制”","马叙倫","民主(上海)","1946","第31期","770-775","上海"
"“无名肿毒”的病根(每周时事述评)","念青","民主(上海)","1946","第38期","945-946","上海"
"美国兵在中国干什么?","求思","民主(上海)","1946","第29期","733-734","上海"
"实施民主宪政应由选举开始","新武","民主(上海)","1946","第14期","347-348","上海"
"论美国的独占资本","方治平","民主(上海)","1946","第49期","1223-1224","上海"
"郁逹夫的流亡和失踪:给全国文艺界协会报告书(中)","胡愈之","民主(上海)","1946","第49期","1225-1228","上海"
"评华士的外交政策演说","施復亮","民主(上海)","1946","第49期","1218-1220","上海"
"一周大事表(三十五年九月十一日至十七日)(补十日)","民主(上海)","1946","第49期","1231",NA,"上海"
"华莱士的政治立场","董秋斯","民主(上海)","1946","第49期","1228","上海"
"论学生运动","许傑","民主(上海)","1946","第24期","611-613","上海"
"一个浅近的道理","周建人","民主(上海)","1946","第35期","880-883","上海"
"言论自由与言论立场","子午","民主(上海)","1946","第27期","683-685","上海"
"谁有仲裁权?","景宋","民主(上海)","1946","第35期","872-873","上海"
"中国现势图:[图]","方皇绘","民主(上海)","1946","第36期","900","上海"
"转移时局的两个力量","吴耀宗","民主(上海)","1946","第35期","867-868","上海"
"关于目前时局看法","周建人","民主(上海)","1946","第35期","868","上海"
"关于目前时局的意见","寒松","民主(上海)","1946","第35期","869","上海"
"掌握起自己的命运:每周时事述评","念青","民主(上海)","1946","第36期","898-899","上海"
"上海人","景宋","民主(上海)","1945","第3期","82-83","上海"
"昆明“民主周刊社”来信","民主(上海)","1945","第10期","242",NA,"上海"
"从残废兵士说起","克士","民主(上海)","1945","第9期","203-204","上海"
"遭难前后","景宋","民主(上海)","1945","第10期","232-233","上海"
"嗜学风气大学义务讲座及平民图书馆","李玄伯","民主(上海)","1945","第11期","251-253","上海"
"民瘼:物价问题特辑","张凤举","民主(上海)","1945","第5期","116-118","上海"
"收复区的三个现象","柳蕴","民主(上海)","1945","第8期","195","上海"
"读“黄花”","景宋","民主(上海)","1945","第8期","191","上海"
"迎马歇尔特使","炎火","民主(上海)","1945","第11期","249-250","上海"
"立法执法与玩法","娄立齐","民主(上海)","1945","第9期","210-212","上海"
"漫谈一党尃政","克士","民主(上海)","1945","第12期","285-286","上海"
"待解乎?自解乎:[图]","蒲崗","民主(上海)","1945","第11期","266","上海"
"展开艺术运动","程及","民主(上海)","1945","第10期","230-231","上海"
"“一二一”惨案实录:附照片","民主(上海)","1945","第11期","257-259",NA,"上海"
"思想解放","马叙伦","民主(上海)","1945","创刊号","7-8","上海"
"诗三章:梦之余、心诉、秋空","梅湜","民主(上海)","1945","第9期","214","上海"
"联合国胜利万岁:[图]","刘鐵华","民主(上海)","1945","第3期","77","上海"
"论中国的澈底个人主义","周建人","民主(上海)","1945","第7期","160-161","上海"
"东南亚洲的动荡与世界和平:附图","鄭振铎","民主(上海)","1945","第4期","94-96","上海"
"太平洋战争大事记(三)","董秋斯","民主(上海)","1945","第12期","300-301","上海"
"物价平抑识小","李玄伯","民主(上海)","1945","第5期","121","上海"
"论实业救国","董秋斯","民主(上海)","1945","第4期","109-110","上海"
"赖伐尔的后悔:[图]","亚槐","民主(上海)","1945","第8期","177","上海"
"读史杂志","尊闻","民主(上海)","1945","第6期","145","上海"
"炮竹声前的顺民(无锡通讯)","直心","民主(上海)","1945","第11期","267","上海"
"侦察:[图]","刘鐵华","民主(上海)","1945","第3期","74","上海"
"人为的涨价与人为的抑价","鄭振铎","民主(上海)","1945","第5期","119-120","上海"
"也算呼吁","叶圣陶","民主(上海)","1945","第5期","117-118","上海"
"韬奋的流亡生活(三):附照片","杨明","民主(上海)","1945","第5期","130-131","上海"
"胜利的感想","耀羣","民主(上海)","1945","创刊号","17-19","上海"
"读教练官:注意目标是什么","李兆安","民主(上海)","1945","第9期","200","上海"
"俄罗斯性格","托尔斯泰 罗稷南","民主(上海)","1945","第10期","236-240","上海"
"中华与光华","翁文灝","民主(上海)","1945","第7期","156-157","上海"
"肃奸与民主运动","许傑","民主(上海)","1945","创刊号","4-5","上海"
"昆明学潮述评","尊聞","民主(上海)","1945","第10期","226","上海"
"为什么内战?","杨作雨","民主(上海)","1945","第8期","194-195","上海"
"教育前进之路","杨宗億","民主(上海)","1945","第11期","255-256","上海"
"双十颂","天顽","民主(上海)","1945","创刊号","9","上海"
"中国的实用主义害:附图","周建人","民主(上海)","1945","第4期","99-101","上海"
"美国报纸论中国内战问题","秋斯","民主(上海)","1945","第7期","162-163","上海"
"日本国民之再教育","鄭振铎","民主(上海)","1945","第3期","65-66","上海"
"国共会谈的收获","尊闻","民主(上海)","1945","第3期","67-69","上海"
"学生会也要“接收”","一学生","民主(上海)","1945","第12期","290-291","上海"
"人民的愿望","以君","民主(上海)","1945","第8期","182","上海"
"人民需要的是什么","史笃","民主(上海)","1945","第8期","183-184","上海"
"论历史行进的方向","克士","民主(上海)","1945","第8期","189-190","上海"
"陋巷所见","辛笛","民主(上海)","1945","第8期","187-188","上海"
"敏感，错觉和麻木","蓝光","民主(上海)","1945","第6期","144-145","上海"
"大事记","民主(上海)","1945","第4期","111",NA,"上海"
"全国同胞负责建国","振寰","民主(上海)","1945","创刊号","20","上海"
"英雄的双手:[诗歌]","浩泓","时与文","1947","第6期","13","上海"
"成都:青年党的“大本营”","陈纳","时与文","1947","第17期","18","上海"
"论所谓“各党派退出学校”","楚图南","时与文","1947","第14期","5-6","上海"
"记昆明助学运动","顾回","时与文","1947","第2卷 第10期","20","上海"
"返魂有术:[漫画]","人之初","时与文","1947","第2卷 第1期","2","上海"
"读者之声:国营事业领导涨价","王可平","时与文","1947","第17期","24","上海"
"上行下效:[漫画]","穆企","时与文","1947","第13期","2","上海"
"读者之声:牛头不对马嘴","董化之","时与文","1947","第20期","23","上海"
"道德与饥饿","尹行六","时与文","1947","第19期","11","上海"
"关于男女分校","碧遥","时与文","1947","第7期","12-13","上海"
"浙大校友学生被捕案","幼翀","时与文","1947","第2卷 第9期","16-17","上海"
"水涨船不高:[漫画]","石东","时与文","1947","第8期","9","上海"
"开放日本贸易的政治意义","费正","时与文","1947","第2卷 第5期","5-7","上海"
"通货膨胀对财政的影响","伍丹戈","时与文","1947","第2卷 第13期","5-7","上海"
"记成都抢米风潮","陈纳","时与文","1947","第11期","19","上海"
"浙大被捕学生校友公审记","席人","时与文","1947","第2卷 第12期","19-20","上海"
"读者之声:张院长的谈话漏掉一段","金逖","时与文","1947","第18期","24","上海"
"是谁破坏了社会秩序?","吉人","时与文","1947","第12期","6","上海"
"艺文广播:F·望·霭覃原著鲁迅翻译的“小约翰”……","L","时与文","1947","第21期","19","上海"
"第一届全国木刻展览会佳作选辑:介绍第一届全国木展:苗民的酧神舞、倾听新闻:[木刻二幅]","黄永玉 朱鸣冈","时与文","1947","第4期","11","上海"
"大佛拜几拜，小佛踢一脚:[漫画]","黛英","时与文","1947","第2卷 第7期","2","上海"
"音乐界的“第三种人”","金颖","时与文","1947","第2卷 第4期","22","上海"
"为十万元而折腰:[漫画]","黛英","时与文","1947","第24期","2","上海"
"艺术形式的变革","陈曙风","时与文","1947","第2期","3-4","上海"
"“我在六十岁以前”马叙伦著","郝史","时与文","1947","第21期","20","上海"
"法国乐坛动态","平凡","时与文","1947","第21期","20","上海"
"士的束缚及其解放","何若钧","时与文","1947","第24期","5-7","上海"
"上海杂志界联合宣言:上海各杂志社鉴于过去缺乏连系……","时与文","1947","第2卷 第14期","20",NA,"上海"
"中国往那里去?","徐季明","时与文","1947","第2卷 第15期","6-8","上海"
"读者之声:打倒学历制度","吴家滨","时与文","1947","第2卷 第1期","29","上海"
"读者之声:万元大钞及铜元","徐朴敬","时与文","1947","第14期","22","上海"
"新政财与旧财政","伍丹戈","时与文","1947","第7期","10-11","上海"
"读者之声:湖南二三事","欧石","时与文","1947","第2卷 第13期","2","上海"
"欧洲的苦难与新生","陶大镛","时与文","1947","第2卷 第15期","3-5","上海"
"两条路","樊弘","时与文","1947","第2卷 第3期","3-4","上海"
"今日的捷克","殷怀远","时与文","1947","第12期","5-6","上海"
"吊俞颂华先生","德明","时与文","1947","第2卷 第6期","21","上海"
"错误的“看法”与反动的“对策”:关于“民主国际”的论争","施复亮","时与文","1947","第23期","3-7","上海"
"读者之声:胡适的“方向”","老迂","时与文","1947","第2卷 第2期","28","上海"
"读者之声:孙副主席指摘苏联·求援美国","时与文","1947","第16期","21",NA,"上海"
"墓碑:(一)一贩狗者日必杀狗逾千……:[漫画多幅]","余所亚","时与文","1947","第12期","16","上海"
"“五四”在北平","辛扬火","时与文","1947","第10期","15-16","上海"
"读者之声:东北官吏每月贪污款项可办九十五所著名大学","嘉文","时与文","1947","第2卷 第9期","2","上海"
"从民主政治的条件说到来日和谈","程桯","时与文","1947","第5期","6-7","上海"
"北平的浪潮","凌华","时与文","1947","第2卷 第10期","16-18","上海"
"流亡:[木刻]","董荡平","时与文","1947","第21期","2","上海"
"十年来政府威信的丧失:“七七”纪念日在北平师范大学和平社团的讲演词","樊弘","时与文","1947","第19期","10-11","上海"
"评“青青河边草”","易文","时与文","1947","第24期","20","上海"
"弦外组曲","金颖","时与文","1947","第2卷 第7期","21","上海"
"读者之声:请另辟“读者与编者”栏","时与文","1947","第21期","23",NA,"上海"
"北国风光:[漫画]","树之","时与文","1947","第9期","8","上海"
"闻一多的一生:序“闻一多的道路”","吴晗","时与文","1947","第6期","12-13","上海"
"市场与消费者:[漫画]","叶苗","时与文","1947","第7期","8","上海"
"外交部印:[漫画]","方成","时与文","1947","第23期","2","上海"
"读者之声:政府何以开放对日贸易?","林朋","时与文","1947","第23期","21-22","上海"
"台北二周记","胡帝","时与文","1947","第3期","11-13","上海"
"夜读散记","雍蒲足","时与文","1947","第3期","14-16","上海"
"我好像到了一个鬼世界:[诗词]","穆木天","时与文","1947","第3期","17","上海"
"今日美国(四)","曾昭抡","时与文","1947","第13期","15-17","上海"
"论莫斯科会议","张明养","时与文","1947","第1期","15-17","上海"
"小市民狂想曲:[漫画]","叶苗","时与文","1947","第11期","10","上海"
"魏德迈报告之谜","程桯","时与文","1947","第2卷 第8期","3-5","上海"
"读者之声:救济物资原来是救已物资!","思粤","时与文","1947","第2卷 第9期","2","上海"
"法国的经济困难(附表)","郭森麒","时与文","1947","第2卷 第7期","8-10","上海"
"大学教授精神的堕落","向晓","时与文","1947","第2卷 第9期","6-7","上海"
"“慢点，先讲好……”:[漫画]","黛英","时与文","1947","第2卷 第1期","2","上海"
"“假凤虚凰”观后","容方","时与文","1947","第2卷 第1期","28","上海"
"北平一场武剧:党团未合并·先火并","辛莘","时与文","1947","第2卷 第5期","18-19","上海"
"“鲁迅传”序","景宋","时与文","1947","第2卷 第6期","19","上海"
"读者之声:动员可“总”动员不可","李之显","时与文","1947","第18期","24","上海"
"战局与政局","萧遥","时与文","1947","第18期","3-6","上海"
"星海先生二三事","金颖","时与文","1947","第2卷 第8期","22-23","上海"
"马歇尔:“滚你妈的蛋，让老子好好地做黄梁梦吧”!:[漫画]","黛英","时与文","1947","第2卷 第5期","2","上海"
"关于“闻一多的道路”","史靖","时与文","1947","第2卷 第5期","20-21","上海"
"星洲华侨庆祝双十节的一场风波","郑明礼","时与文","1947","第2卷 第6期","17","上海"
"读者之声:对帝国主义国家没有友谊可言","姚海峰","时与文","1947","第2卷 第6期","24","上海"
"读者之声:张东荪氏责杨光时君引错了话","张东荪","时与文","1947","第2卷 第3期","24","上海"
"世界先生是靠“左”走的:[漫画]","黛英","时与文","1947","第2卷 第4期","2","上海"
"马歇尔计划与中国和平","樊弘","时与文","1947","第17期","7-8","上海"
"台湾政治运动的由来与内幕","余景文","时与文","1947","第15期","9-11","上海"
"杂文二题:“大选花絮”","商翼","时与文","1947","第2卷 第14期","11","上海"
"杂文二题:影子","商翼","时与文","1947","第2卷 第14期","11-13","上海"
"准奴隶的新装束:[漫画]","人之初","时与文","1947","第2卷 第1期","2","上海"
"读者之声:严禁自杀!","曹永辉","时与文","1947","第2卷 第1期","29","上海"
"读者之声:上海恐要成为今年的秋都","范琪","时与文","1947","第18期","24","上海"
"读者之声:重庆已成谣言之城","江流","时与文","1947","第24期","22","上海"
"孤立的斗士:关于“萧红小传”","霍然","时与文","1947","第23期","18","上海"
"不是天府的天府(特约重庆通讯)","兰枻","时与文","1947","第24期","13-14","上海"
"印尼民族解放运动","郭钟曦","时与文","1947","第20期","6-8","上海"
"党化教育的破产","许杰","时与文","1947","第19期","15-17","上海"
"低气压中心在南京","皇甫炎","时与文","1947","第19期","17","上海"
"读者之声:福建活埋“土匪”","契之","时与文","1947","第2卷 第4期","24","上海"
"经济新形势","林沧白","时与文","1947","第2卷 第14期","2-3","上海"
"请选我一票，请选我一票:[漫画]","方成","时与文","1947","第2卷 第12期","9","上海"
"“闻一多的道路”:史靖著，生活书店出版","陆舟","时与文","1947","第20期","20","上海"
"小评坛:“相濡以沫”","蝟","时与文","1947","第21期","19","上海"
"读者之声: “访苏三月记”拟出单行本","陆朝华","时与文","1947","第2卷 第1期","30","上海"
"第一届全国木刻展览会佳作选辑:介绍第一届全国木展:征兵大员到了村里:[木刻]","阿杨","时与文","1947","第4期","11","上海"
"现阶段中国之政治与教育","周谷城","时与文","1947","第6期","2-4","上海"
"第一届全国木刻展览会佳作选辑:介绍第一届全国木展:水车:[木刻]","立熹","时与文","1947","第4期","11","上海"
"读者之声:被封报馆切勿出卖自己!","娄水芹","时与文","1947","第24期","21","上海"
"寓言二题:人道主义·暴徒·大麻袋","时与文","1947","第3期","19",NA,"上海"
"空白","凤子","时与文","1947","第23期","17","上海"
"美国·日本·中国","尹其文","时与文","1947","第23期","6-7","上海"
"魏德迈在北平","李一荣","时与文","1947","第24期","12","上海"
"经济前途还能乐观吗?","张西超","时与文","1947","第9期","9-10","上海"
"宋阳与语文改革","焦煤","时与文","1947","第2卷 第1期","10","上海"
"三头六臂的大漫画家:库克利尼克希","石东","时与文","1947","第20期","21","上海"
"英国经济危机的剖视","费正","时与文","1947","第2卷 第1期","7-8","上海"
"动荡中的广东","陈微子","时与文","1947","第2卷 第1期","20-22","上海"
"征借国外存款之商榷","赵凤喈","时与文","1947","第6期","7-8","上海"
"今日张家口:塞外五日行之二","胡笛","时与文","1947","第7期","18-19","上海"
"“中国之命运”:[漫画]","穆企","时与文","1947","第4期","8","上海"
"呼吸英雄的气息:纪念罗斯福总统逝世二周年","陈石铭","时与文","1947","第5期","10-12","上海"
"巴黎的演出考试","平凡","时与文","1947","第24期","20","上海"
"哲学是甚么?哲学家应该做甚么?:四月五日在北京大学讲演","张东荪","时与文","1947","第5期","12-13","上海"
"傅作义治下的察哈尔:塞外五日行之三","胡笛","时与文","1947","第8期","17-19","上海"
"日本政党的新分合","林焕平","时与文","1947","第6期","11","上海"
"狼与小羊","孔瑞明","时与文","1947","第13期","11","上海"
"木刻艺术的前途:从“观众测验”看第一届全国木刻展览会","李桦","时与文","1947","第10期","14-15","上海"
"略论娼妓","汪静远","时与文","1947","第11期","13-14","上海"
"“城与年”介绍","菊子","时与文","1947","第2卷 第8期","21","上海"
"读者之声:公教人员自叹","朱綘","时与文","1947","第2卷 第8期","24","上海"
"读者之声:蒲立德建议一石四鸟","李木子","时与文","1947","第2卷 第7期","24","上海"
"点金术:[漫画]","方成","时与文","1947","第2卷 第7期","5","上海"
"读者之声:这就是行宪准备!","时与文","1947","第13期","18",NA,"上海"
"董·古诃德哲学","于冰","时与文","1947","第10期","19","上海"
"赖马迪内阁的危机","沈炼之","时与文","1947","第10期","5-6","上海"
"“五月丁香”","赵涵","时与文","1947","第2卷 第4期","21-22","上海"
"评“天桥”","容方","时与文","1947","第2卷 第2期","26","上海"
"论战局(附图)","萧遥","时与文","1947","第2卷 第2期","9-13","上海"
"经济崩溃与经济政策(附图)","伍丹戈","时与文","1947","第1期","11-13","上海"
"艺文广播:美国众议院非美活动调查委员会正在侦查好莱坞的共产党活动……","时与文","1947","第2卷 第8期","23",NA,"上海"
"安全政策完成了:[漫画]","尼龙","时与文","1947","第2期","11","上海"
"空手肉搏!:[漫画]","时与文","1947","第2卷 第3期","2",NA,"上海"
"“他们不要瞎子去当兵”(歌曲评介):马凡陀词，嘉工曲","金颖","时与文","1947","第2卷 第3期","23","上海"
"公意:[漫画]","华山","时与文","1947","第2卷 第3期","2","上海"
"从四川国代选举中观察民意及政府的控制力量","何慧英","时与文","1947","第2卷 第14期","16-17","上海"
"美国援华问题的烦恼","宦乡","时与文","1947","第16期","7-9","上海"
"读者之声:救救小学教员","罗名军","时与文","1947","第14期","22","上海"
"简论当前经济政策","周伯棣","时与文","1947","第11期","9-12","上海"
"大局的现状与前途","程桯","时与文","1947","第17期","2-6","上海"
"联络班长任务未了:[漫画]","穆企","时与文","1947","第19期","2","上海"
"读者之声:北风日日凉(诗)","不雅诗人","时与文","1947","第2卷 第12期","2","上海"
"论民主的法治与反民主的法治","庆德苇","时与文","1947","第2卷 第12期","8-9","上海"
"河南:山东第二?","廷光","时与文","1947","第2卷 第13期","14-15","上海"
"读者之声:变戏法","钱毅","时与文","1947","第2卷 第10期","2","上海"
"美国援华的新努力:总结魏德迈在中国一个多月的活动","欧阳长虹","时与文","1947","第2卷 第1期","3-6","上海"
"评“还乡日记”:袁俊编导","容方","时与文","1947","第20期","22","上海"
"剧人广播:“观众”的演员撤离辣斐之后……","时与文","1947","第20期","22",NA,"上海"
"如何发展中国科学工作","高平 际云","时与文","1947","第23期","11-12","上海"
"明代亡国的教训","丁易","时与文","1947","第20期","9-13","上海"
"拾遗:[木刻]","李桦","时与文","1947","第21期","2","上海"
"读者之声:“顶好”报与“顶好”周刊","郑钦仁","时与文","1947","第21期","22","上海"
"儒述途穷","于冰","时与文","1947","第5期","17-19","上海"
"探囊取不尽·内战和无期:[漫画]","阿明","时与文","1947","第23期","2","上海"
"异战所谓“民主国际”!","尹其文","时与文","1947","第21期","10-11","上海"
"动员令到了杭州","张传宗","时与文","1947","第21期","15","上海"
"农村四季图:秋收:[漫画]","张文元","时与文","1947","第2期","17","上海"
"北塔山事件的透视","尹其文","时与文","1947","第16期","5-6","上海"
"主席北巡前后","辛莘","时与文","1947","第2卷 第14期","14","上海"
"致作者:时与文周刊已出到了第四期……","时与文","1947","第4期","19",NA,"上海"
"“精神的刷新”与“匪”的充斥","碧遥","时与文","1947","第20期","14-17","上海"
"前进的行列:[漫画]","方成","时与文","1947","第19期","2","上海"
"读者之声:美国何不送两颗原子弹来?","龚瑞祥","时与文","1947","第17期","24","上海"
"何为美?","周继善","时与文","1947","第7期","14-15","上海"
"沉默是最高的抗议:[木刻]","讷维","时与文","1947","第5期","5","上海"
"寓言二题:战神·和平之神及鹰与蛇","时与文","1947","第3期","18",NA,"上海"
"飞盘:[漫画]","华山","时与文","1947","第2卷 第2期","2","上海"
"重金礼聘:[漫画]","穆企","时与文","1947","第3期","4","上海"
"“今昔蒲剑”:郭沬若著","慈","时与文","1947","第22期","20","上海"
"关于“鲁迅传”的一点事实声明","范泉","时与文","1947","第2卷 第8期","20","上海"
"柴可夫斯基","冬耕","时与文","1947","第2卷 第7期","21","上海"
"论当前物价的上涨及其特征","林沧白","时与文","1947","第2卷 第7期","6-7","上海"
"北平二三事","胡笛","时与文","1947","第17期","19","上海"
"美国外交的新动向","宦乡","时与文","1947","第2期","10-12","上海"
"笛福和他的鲁滨孙飘流记","杨晦","时与文","1947","第2期","15-18","上海"
"论杀妻案","碧遥","时与文","1947","第15期","12-13","上海"
"论“杜鲁门主义”的经济扩张政策","费正","时与文","1947","第16期","10-13","上海"
"一天比一天强:[漫画多幅]","阿常","时与文","1947","第13期","2","上海"
"关于英国片:“孤星血泪”","佐文","时与文","1947","第2卷 第3期","23","上海"
"读者之声:机枪刺刀屠杀难民","辛美","时与文","1947","第2卷 第13期","2","上海"
"“真理”在北平被扼杀了(特约北平通讯)","孟秋蝉","时与文","1947","第2卷 第1期","17-18","上海"
"露出了狼的牙齿","淳风","时与文","1947","第2卷 第1期","22","上海"
"长江以南党的动乱","王士章","时与文","1947","第2卷 第13期","15-18","上海"
"皖省国代选举内情","杜渐","时与文","1947","第2卷 第13期","18-19","上海"
"法义的紧张局面","杜明","时与文","1947","第2卷 第13期","8-10","上海"
"浙大被捕同学惨死案续志","幼翀","时与文","1947","第2卷 第10期","18-20","上海"
"北平各方对民盟解散的态度和看法","文琪","时与文","1947","第2卷 第11期","16-17","上海"
"英国人与缅甸","萧草","时与文","1947","第8期","13-15","上海"
"“这不是你们的领土”!:[漫画]","WS","时与文","1947","第8期","17","上海"
"从马歇尔演说看美国动向","宦乡","时与文","1947","第9期","3-5","上海"
"对日和约问题","宦乡","时与文","1947","第21期","7-9","上海"
"中西文化的冲突与汇合","冯契","时与文","1947","第2期","5-8","上海"
"历史的厄运","穆堂","时与文","1947","第22期","18-19","上海"
"农村四季图:冬藏:[漫画]","张文元","时与文","1947","第2期","17","上海"
"诗与真:闻一多先生诗辑小引","吕荧","时与文","1947","第19期","5","上海"
"“钞票还不拿来?”:[漫画]","陈德龙","时与文","1947","第15期","2","上海"
"“好”景不常:[漫画]","周继光","时与文","1947","第24期","2","上海"
"读者之声:美国不会派军队到中国来“助剿”","欧阳长虹","时与文","1947","第23期","21","上海"
"羡煞，恨然:[漫画]","黛英","时与文","1947","第24期","2","上海"
"勇敢的年青人:萨洛扬","冯亦代","时与文","1947","第22期","20-21","上海"
"对美政策:[漫画]","方成","时与文","1947","第2卷 第8期","2","上海"
"平津见闻","赵其言","时与文","1947","第24期","19","上海"
"重庆舆论界无声了!","江流","时与文","1947","第22期","17","上海"
"伪自由主义者的真面目","伯奇","时与文","1947","第22期","9-11","上海"
"旧报新谭:从“史地”到“文史”","方兰汝","时与文","1947","第21期","20","上海"
"读者之声:平津铁路交通受阻","唐明远","时与文","1947","第15期","23-24","上海"
"从法律观点看“维持社会秩序临时办法”","曹立名","时与文","1947","第13期","3-4","上海"
"如此“爱护”:[漫画]","白木","时与文","1947","第8期","12","上海"
"南行所见:周炳琳四月二十六日在北京大学讲演","时与文","1947","第9期","13-16",NA,"上海"
"水浇错了!:[漫画]","洪荒","时与文","1947","第9期","5","上海"
"罗曼罗兰的道路","杨晦","时与文","1947","第6期","14-16","上海"
"先秦的舆论力量和民主作风","钱健夫","时与文","1947","第4期","12-13","上海"
"南京见闻","柳逢仙","时与文","1947","第4期","16-17","上海"
"访苏三月记(二)","华罗庚","时与文","1947","第15期","17-18","上海"
"今日中国政治失败之症结:论中山先生知难行易学说的错误","樊弘","时与文","1947","第14期","3-4","上海"
"张东荪先生的思想","林布","时与文","1947","第12期","7-10","上海"
"读者之声:东北流亡学生惨遭屠杀","北民","时与文","1948","第3卷 第13期","16","上海"
"知识分子在考验中","孟起","时与文","1948","第3卷 第1期","4-5","上海"
"读者之声:小官难做，小民又如之何?","智明","时与文","1948","第3卷 第8期","16","上海"
"论大批开除学生","张云横","时与文","1948","第3卷 第17期","3-4","上海"
"短论:回忆“七七”","周建人","时与文","1948","第3卷 第13期","封1","上海"
"苏北战场:由扬泰到徐州","冠__","时与文","1948","第3卷 第14期","13-14","上海"
"东北局势的急遽变化","凌华","时与文","1948","第2卷 第20期","16-17","上海"
"“中兴”的官吏","鼎彝","时与文","1948","第3卷 第23期","11","上海"
"高压政策不能消弭学潮","黄志坚","时与文","1948","第3卷 第21期","5-6","上海"
"纸浆与炮灰","傅理门","时与文","1948","第2卷 第18期","15","上海"
"短论:看国民大会","林达懋","时与文","1948","第3卷 第2期","封1","上海"
"知识份子的路","流金","时与文","1948","第3卷 第8期","6-7","上海"
"共军渡江声中的湘鄂形势","稼汉","时与文","1948","第3卷 第6期","11","上海"
"读者之声:张群访日之谜","张孤","时与文","1948","第3卷 第22期","15","上海"
"文化的渐变和剧变","刘绪贻","时与文","1948","第2卷 第24期","2-4","上海"
"中央大学的当局与学生","杭引","时与文","1948","第2卷 第18期","20","上海"
"从刘建绪到李良荣:福建政潮与派系斗争的分析","潜乾","时与文","1948","第3卷 第23期","14-15","上海"
"今日美国(八)","曾昭抡","时与文","1948","第3卷 第2期","10-12","上海"
"正常的经济政治与道德法律:由下起与由上起","蔡尚思","时与文","1948","第2卷 第22期","3-4","上海"
"农民在官僚政治下的社会经济生活:中国官僚政治研究(中国官僚政治之历史的经济的解释)之十一","王亚南","时与文","1948","第2卷 第17期","9-11","上海"
"写给华北剿总傅宜生总司令的一封信","杨星森","时与文","1948","第3卷 第23期","3-4","上海"
"今日美国(九)","曾昭抡","时与文","1948","第3卷 第3期","11-12","上海"
"中国经济政治与文化的归趋(附图)","樊弘","时与文","1948","第2卷 第20期","3-8","上海"
"短论:批评与被批评","水平","时与文","1948","第2卷 第18期","3","上海"
"农村的盘剥方法日新月异","稼汉","时与文","1948","第2卷 第21期","15-16","上海"
"战雨·饥火·抢风交逼沈阳","徐良弼","时与文","1948","第3卷 第5期","13-15","上海"
"读者之声:冯玉祥与“叛变”","银沐","时与文","1948","第3卷 第23期","15-16","上海"
"“九一八”后汾阳访冯(历史回忆)","张西曼","时与文","1948","第3卷 第15期","11","上海"
"由“新闺怨”望新“新闺怨”","不已","时与文","1948","第3卷 第10期","9，16","上海"
"北美重游(四)","陈达","时与文","1948","第2卷 第18期","16-17","上海"
"从美国驻日宪兵击毙华侨一案说起","静怀","时与文","1948","第3卷 第16期","6-7","上海"
"读者之声:难民和粮荒","吴庆生","时与文","1948","第3卷 第11期","16","上海"
"北方教授着美援","文琪","时与文","1948","第2卷 第22期","12","上海"
"岁末天寒的东北与华北","何经","时与文","1948","第2卷 第18期","18","上海"
"论绅权","吴晗","时与文","1948","第3卷 第1期","2-3","上海"
"漫淡整顿学风","范刚","时与文","1948","第3卷 第22期","4-5","上海"
"滇西的“百祸”怪税","蒋笃才","时与文","1948","第3卷 第15期","16","上海"
"关于许寿裳先生","景宋","时与文","1948","第2卷 第21期","11","上海"
"北美重游(八)","陈达","时与文","1948","第2卷 第23期","9","上海"
"历史回忆:收回汉浔租界的国内外条件","张西曼","时与文","1948","第3卷 第20期","11","上海"
"美国人的生活","曾昭抡","时与文","1948","第3卷 第22期","6-8","上海"
"读者之声:北方教授看国民党革新","秋蝉","时与文","1948","第3卷 第18期","16","上海"
"二月杂感:论打与“匪”、改革币制刍议、监狱官司","白苧","时与文","1948","第2卷 第20期","15","上海"
"短论:论“七分政治·三分军事”","丁枫华","时与文","1948","第2卷 第16期","2","上海"
"王东原报聘宋子文","呈炽","时与文","1948","第2卷 第17期","17-18","上海"
"从北平看副总统人选","林一荣","时与文","1948","第2卷 第24期","16，4","上海"
"新陪都的新新闻","凌华","时与文","1948","第2卷 第16期","18-19","上海"
"美国人在汉口集体强奸中国妇女","章之朗","时与文","1948","第3卷 第18期","2-3","上海"
"北平学生为营救被捕同学而努力","金苗","时与文","1948","第3卷 第22期","14-15","上海"
"读者之声:金圆券上没有“金圆”字样","范成之","时与文","1948","第3卷 第20期","16","上海"
"历史回忆:南京何以六天失守?","张西曼","时与文","1948","第3卷 第19期","11","上海"
"总统巡访后的陕晋局势与马阎两家","南极","时与文","1948","第3卷 第17期","12-13","上海"
"短论:论东北大战的意义","柳逢仙","时与文","1948","第2卷 第19期","2","上海"
"“浮华世界”及其作者","林海","时与文","1948","第3卷 第3期","9-10","上海"
"论法郎贬值","郭森麒","时与文","1948","第2卷 第18期","11-13","上海"
"读者之声:即使饿死也不吃美国米麦","时与文","1948","第3卷 第11期","16",NA,"上海"
"读者之声:“收回学生租界”的怪论","杨丑","时与文","1948","第3卷 第12期","16","上海"
"战火烧到湖南米仓","黄非","时与文","1948","第2卷 第16期","16-17","上海"
"沈阳外围之战(北平特约通讯)","凌华","时与文","1948","第2卷 第21期","12-13","上海"
"下一代应有受教育的权利","不已","时与文","1948","第3卷 第17期","5","上海"
"当前金融病态的分析","周伯棣","时与文","1948","第3卷 第16期","3-4","上海"
"美国“军事援华”问题","范承祥","时与文","1948","第2卷 第23期","2-5","上海"
"笑剧时代(杂文)","鱼忘","时与文","1948","第3卷 第12期","15","上海"
"读者之声:关于生活指数","无声","时与文","1948","第3卷 第8期","16","上海"
"北方战场的里里外外","裴仁","时与文","1948","第3卷 第6期","12-13","上海"
"唐代的外援及其代价","金竟","时与文","1948","第3卷 第23期","6-7","上海"
"人性的呼唤:停止空军轰炸!","董冰如","时与文","1948","第3卷 第13期","2","上海"
"短论:析“和谣”","余望白","时与文","1948","第2卷 第21期","10","上海"
"当前物价问题的症结","吕西林","时与文","1948","第3卷 第8期","2-3","上海"
"今日美国(十一)","曾昭抡","时与文","1948","第3卷 第6期","9-10，8","上海"
"冯玉祥的行止·文汇报的复刊与“新政协”的召开","云峰","时与文","1948","第3卷 第19期","13","上海"
"平剧的没落和新音乐的萌生","林一荣","时与文","1948","第3卷 第11期","7-8","上海"
"北平学生反扶日大游行","艾原","时与文","1948","第3卷 第10期","12-14","上海"
"政治的心理谈","商翼","时与文","1948","第2卷 第16期","12","上海"
"北美重游(五)","陈达","时与文","1948","第2卷 第19期","17-18","上海"
"历史回忆:俄人眼里的李鸿章、跪求儿皇帝立宪记、华罗庚入苏前的疏通","张西曼","时与文","1948","第3卷 第16期","9-10","上海"
"传讯与公断","不已","时与文","1948","第3卷 第12期","2","上海"
"论法国政潮","郭梅荪","时与文","1948","第3卷 第22期","3-4","上海"
"新旧官僚政治的推移与转化:中国官僚政治研究(中国官僚政治之历史的经济的解释)之十五","王亚南","时与文","1948","第3卷 第6期","5-8","上海"
"历史上的美洲和美国","曾昭抡","时与文","1948","第3卷 第17期","8-9，4","上海"
"读者之声:公教人员薪给不该折减!","吴铸基","时与文","1948","第3卷 第19期","16","上海"
"今日中国教师的辛酸处境","邵燕平","时与文","1948","第3卷 第19期","5","上海"
"读者之声:关于“救济特捐”","杨丑","时与文","1948","第3卷 第12期","16","上海"
"关于京沪沿线城市难民颠沛流离的综合报导","冠__","时与文","1948","第3卷 第19期","15-16，6","上海"
"北美重游(六)","陈达","时与文","1948","第2卷 第20期","13-14","上海"
"读者之声:朝阳学院捕人的一幕","季向阳","时与文","1948","第3卷 第20期","16","上海"
"司徒雷登这位先生","艾原","时与文","1948","第3卷 第13期","11-13，16","上海"
"读者之声:皖境共军盘据三大山区","杨丑","时与文","1948","第3卷 第9期","16，13","上海"
"短论:援救教育危机","周行健","时与文","1948","第2卷 第20期","2，12","上海"
"改革币制之谜","林沧白","时与文","1948","第2卷 第16期","8-10","上海"
"从经济看大局","曹孟白","时与文","1948","第3卷 第11期","3-4","上海"
"关于复兴日本的几种谬论","范承祥","时与文","1948","第2卷 第20期","8-10","上海"
"中国官僚政治在现代的转形:中国官僚政治研究(中国官僚政治之历史的经济的分释)之十三","王亚南","时与文","1948","第2卷 第21期","5-8","上海"
"中国前途与远东民族解放运动","马复生","时与文","1948","第3卷 第23期","4-6","上海"
"短论:驳所谓中国式的民主政治","谢默依","时与文","1948","第3卷 第5期","封1","上海"
"盛谣之下傅作义大搞政治","艾原","时与文","1948","第3卷 第16期","11-12，15","上海"
"美国世界政策的经济背景","孟宪章","时与文","1948","第3卷 第1期","5-6","上海"
"为小学教师请命","周行健","时与文","1948","第3卷 第12期","2","上海"
"自耕农的生活宽裕吗?","史靖","时与文","1948","第3卷 第10期","4-6","上海"
"言论与资本","张啸虎","时与文","1948","第2卷 第17期","6-8","上海"
"北美重游(二)","陈达","时与文","1948","第2卷 第16期","13-15","上海"
"从华北看“总体战”","裴仁","时与文","1948","第3卷 第9期","11-12","上海"
"十五小时的“壮丁灭”(个人经历)","陶砌","时与文","1948","第2卷 第22期","15-16","上海"
"皖南土共企图打通直抵长江南岸的走廊","丁溪阳","时与文","1948","第2卷 第21期","14-15","上海"
"渍水、西水、南水:湖南水·水湖南","喀尘","时与文","1948","第3卷 第16期","14","上海"
"“中国官僚政治研究”序言","王亚南","时与文","1948","第3卷 第23期","10-11","上海"
"读者之声:论“打老虎”","卫军","时与文","1948","第3卷 第22期","15-16","上海"
"读者之声:逃兵的话","王怡白","时与文","1948","第3卷 第22期","16","上海"
"美国的开发与产业的发达","曾昭抡","时与文","1948","第3卷 第19期","7-10","上海"
"读者之声:一群小朋友反对美国扶植日本","李顺荣 齐家经 曾镜澄","时与文","1948","第3卷 第12期","16","上海"
"读者之声:建议“时与文”另印一种国产纸本","离萍","时与文","1948","第3卷 第8期","16","上海"
"读者之声:“新路”的花样","宁","时与文","1948","第3卷 第9期","13","上海"
"黄梅时节江南的阴云","冠__","时与文","1948","第3卷 第7期","15-16，8","上海"
"西康为中国引来的三大问题:鸦片·夷务与英国势力的入侵","石闻","时与文","1948","第3卷 第22期","11-12","上海"
"成都镍潮补遗(通讯)","余宁旺","时与文","1948","第3卷 第23期","8","上海"
"南京开辟了“第二战线”","磊风","时与文","1948","第3卷 第20期","13-14","上海"
"读者之声:由衷之言","正翁","时与文","1948","第3卷 第9期","13","上海"
"短论:美援对西欧与中国的畸重畸轻","周至诚","时与文","1948","第2卷 第19期","2","上海"
"读曾琦谈话","余介邦","时与文","1948","第3卷 第11期","2","上海"
"美援小品","商翼","时与文","1948","第2卷 第21期","8-9","上海"
"读者之声:胡适颂","朱绛?","时与文","1948","第3卷 第11期","10","上海"
"愚昧主义必须反对","周建人","时与文","1948","第2卷 第22期","2-3","上海"
"戊戌五十年祭","曾国屏","时与文","1948","第3卷 第6期","4-5","上海"
"美国在备战与恐慌的阴影下","胡光","时与文","1948","第3卷 第1期","15-16","上海"
"“劈靶”","许由","时与文","1948","第2卷 第22期","7","上海"
"读者之声:交大并无文法科","时与文","1948","第3卷 第17期","16",NA,"上海"
"北平的“四罢”和请愿","林一荣","时与文","1948","第3卷 第1期","12-14","上海"
"当今政治人物应不怕自动下台","吕克难","时与文","1948","第2卷 第19期","3-5","上海"
"大局激荡中的几个教育问题","杨卫玉","时与文","1948","第3卷 第13期","6-7","上海"
"读者之声:共军会在什么地方渡江?","黄非","时与文","1948","第2卷 第23期","16","上海"
"“妇女解放将近完全实现了”吗?:“妇女节感言”的感言","碧遥","时与文","1948","第2卷 第23期","7","上海"
"榆林备战·青岛失事","文津生","时与文","1948","第2卷 第24期","15-16","上海"
"我不信仰甘地:甘地和平方式批判","蔡尚思","时与文","1948","第2卷 第18期","4-6","上海"
"短论:美援·增产·翁内阁","葛汉民","时与文","1948","第3卷 第8期","封1，2","上海"
"痴人说梦","况自","时与文","1948","第3卷 第16期","10","上海"
"美国的重商观念和拜金主义","曾昭抡","时与文","1948","第3卷 第21期","封1，2-4","上海"
"美国的“黑人问题”","刘尊棋","时与文","1948","第3卷 第13期","7-9","上海"
"反对新闻纸航空邮资的陡涨","南郭一鸣","时与文","1948","第3卷 第13期","2","上海"
"读者之声:这就是美国的“文明”","王奇文","时与文","1948","第3卷 第18期","16","上海"
"平津学生反对特种刑事法庭","林一荣","时与文","1948","第3卷 第9期","15","上海"
"短论:九龙事件","曹孟白","时与文","1948","第2卷 第16期","2","上海"
"总结东北冬季之战","凌华","时与文","1948","第2卷 第23期","10-12","上海"
"读者之声:由学者贪污说起","鲁闻","时与文","1948","第2卷 第23期","16","上海"
"今日美国(十五)","曾昭抡","时与文","1948","第3卷 第14期","10-11","上海"
"一天到底要工作几小时?","不已","时与文","1948","第3卷 第8期","10","上海"
"四川盲肠:华鎣山区","光夫","时与文","1948","第3卷 第22期","14","上海"
"官僚政治对于中国社会长期停滞的影响:中国官僚政治研究(中国官僚政治之历史的经济的解释)之十二","王亚南","时与文","1948","第2卷 第19期","8-12","上海"
"短论:“五四”发人深思","曹立名","时与文","1948","第3卷 第3期","封1","上海"
"读者之声:粮官揩油绝技","无患子","时与文","1948","第3卷 第21期","15","上海"
"读者之声:成都:垃圾为灾·自杀成风·赶布川防","朱均衡","时与文","1948","第3卷 第19期","16","上海"
"论破坏与骂人","蔡尚思","时与文","1948","第3卷 第14期","封1，2","上海"
"读者之声:湖南晚晚报被封","黄非","时与文","1948","第2卷 第23期","16","上海"
"北平的几个镜头:“五一”的紧张和“五四”的热烈","林一荣","时与文","1948","第3卷 第5期","15-16，11","上海"
"太原孤城面临秋季包围战","张山川","时与文","1948","第3卷 第22期","12-13","上海"
"李宗仁·张群·司徒先后北游","裴仁","时与文","1948","第3卷 第16期","12","上海"
"削弱了的“西南国际交通区”(附图)","岑砧","时与文","1948","第3卷 第7期","14-15","上海"
"暹罗的“苦迭达”","复康","时与文","1948","第2卷 第16期","19-20","上海"
"辨苦闷","全慰天","时与文","1948","第3卷 第14期","7-8","上海"
"银本位制·结汇新办法·财产税","周伯棣","时与文","1948","第3卷 第12期","4-5","上海"
"今日美国(十二)","曾昭抡","时与文","1948","第3卷 第8期","13，9","上海"
"今日美国(十)","曾昭抡","时与文","1948","第3卷 第4期","10-12","上海"
"北美重游(九)","陈达","时与文","1948","第2卷 第24期","11-12","上海"
"美国资本的成长及其特征","汤德明","时与文","1948","第3卷 第8期","7-9","上海"
"“子夜”与“战争与和平”","林海","时与文","1948","第3卷 第23期","9-11","上海"
"一个大学生看大学教授","尹颖默","时与文","1948","第2卷 第20期","10-12","上海"
"“罪与罚”及其作者","林海","时与文","1948","第2卷 第19期","15-16，12","上海"
"今日的红军老巢:江西","林明","时与文","1948","第3卷 第15期","12-13","上海"
"北平市郊与长城内外","艾原","时与文","1948","第3卷 第7期","13-14","上海"
"读者之声:助学非法欤?合法欤?","时与文","1948","第3卷 第18期","16",NA,"上海"
"近年来的大公报","陈石铭","时与文","1948","第2卷 第23期","5-6","上海"
"可哀的台湾","林之东","时与文","1948","第3卷 第6期","15-16","上海"
"中国需要全盘的变·迅速的变:论文化变迁和它的连环性","刘绪贻","时与文","1948","第3卷 第14期","3-4","上海"
"和坤的家产(杂文)","大木","时与文","1948","第3卷 第21期","14-15","上海"
"仰望庐山云深处","舒兴","时与文","1948","第3卷 第18期","12-13","上海"
"迭更斯的写作技巧","林海","时与文","1948","第3卷 第12期","9","上海"
"八月廿一日为警宪在燕京大学搜查学生事对在场的学生教职员跟军警宪说话(声调慢而清晰有力)","陆志韦 宋远","时与文","1948","第3卷 第20期","9","上海"
"梁漱溟的整套思想及其背景:梁漱溟思想的评介(一)","蔡尚思","时与文","1948","第3卷 第1期","6-8","上海"
"读者之声:米价突破千万大关","福","时与文","1948","第3卷 第10期","16","上海"
"北平学生保卫自治权利的示威","林百荣","时与文","1948","第2卷 第19期","20","上海"
"敬悼朱自清先生","徐中玉","时与文","1948","第3卷 第18期","10-11","上海"
"孙中山与马克思","樊弘","时与文","1948","第3卷 第3期","2-6","上海"
"从香港看“工厂南迁”","欧阳春","时与文","1948","第3卷 第4期","14","上海"
"论石敬塘式的政权","姚雪垠","时与文","1948","第3卷 第20期","封1，2-3","上海"
"晋阎治下","张老西","时与文","1948","第3卷 第10期","10-13","上海"
"读者之声:改币的波浪冲击汕头","青锋","时与文","1948","第3卷 第20期","16","上海"
"读者之声:中正大学开除学生一百名","张成","时与文","1948","第3卷 第20期","16","上海"
"四川地方势力与中央系势力的磨擦","石闻","时与文","1948","第3卷 第13期","13","上海"
"论美国的远东政策","孟超","时与文","1948","第3卷 第11期","6","上海"
"浙大学生被欧·罢课与休罢的详细经过","周禾生","时与文","1948","第2卷 第17期","18-19","上海"
"反对日货倾销运动在香港","胡光","时与文","1948","第3卷 第6期","13-15","上海"
"同济:准备赴京请愿之前","蒋修苗","时与文","1948","第2卷 第18期","19-20","上海"
"读者之声:广东近事","张帆","时与文","1948","第3卷 第12期","16","上海"
"目击湖南大水灾","稼汉","时与文","1948","第3卷 第11期","15","上海"
"短论:禁舞问题","丁枫华","时与文","1948","第2卷 第18期","2-3","上海"
"短论:从所谓职业学生谈起","张子龄","时与文","1948","第3卷 第7期","封1","上海"
"日益枯竭的城市经济","裴仁","时与文","1948","第3卷 第11期","12-13，15","上海"
"司徒的失态与胡适的媚外","董冰如","时与文","1948","第3卷 第10期","封1，2","上海"
"读者之声:“谢谢美国!”","鄢从善","时与文","1948","第2卷 第23期","16","上海"
"春季物价上涨的风暴","林沧白","时与文","1948","第2卷 第21期","封1，2","上海"
"短论:贺李宗仁","曾审思","时与文","1948","第3卷 第4期","封1","上海"
"梁漱溟的政治思想(附结论):梁漱溟思想的评介(五)","蔡尚思","时与文","1948","第3卷 第5期","6-11","上海"
"读者之声:昆明“七一五”惨案的一张清单","李浩然","时与文","1948","第3卷 第21期","15","上海"
"历史不容曲解:评吕克难君的中国史观","姚雪垠","时与文","1948","第3卷 第16期","5-6","上海"
"粮荒声中的话征实","贾才","时与文","1948","第3卷 第17期","11","上海"
"七七事变前的苏联建议(历史回忆)","张西曼","时与文","1948","第3卷 第18期","11","上海"
"民穷财尽话江南","冠__","时与文","1948","第3卷 第13期","14-15","上海"
"宋子文的愁闷","陈纪","时与文","1948","第3卷 第1期","14","上海"
"北美重游(三)","陈达","时与文","1948","第2卷 第17期","13-16","上海"
"币制改革后的蓉市风云","冯启康","时与文","1948","第3卷 第20期","14-15","上海"
"北美重游(七)","陈达","时与文","1948","第2卷 第22期","10-11","上海"
"施复亮先生的“自由主义者的道路”是什么?","孟坚","时与文","1948","第2卷 第18期","9-10","上海"
"白米与白报纸","曹孟白","时与文","1948","第2卷 第20期","12","上海"
"关外与关内·空间与时间","凌华","时与文","1948","第2卷 第19期","19-20","上海"
"短论:经济崩溃之一解","曾明理","时与文","1948","第3卷 第1期","封1","上海"
"短论:简论同济学潮","张子龄","时与文","1948","第2卷 第18期","2","上海"
"读者之声:康泽被俘和襄阳之役","奇虹","时与文","1948","第3卷 第17期","16","上海"
"读者之声:反对邮局裁员","非邮人","时与文","1948","第3卷 第13期","16","上海"
"傅作义的多线作战","裴仁","时与文","1948","第3卷 第3期","13-14","上海"
"读者之声:暑假留校学生被监视·饿肚皮","张成","时与文","1948","第3卷 第16期","16","上海"
"关中战危·川北告警","钱塘潮","时与文","1948","第3卷 第5期","12-13","上海"
"美国号召下的“新革命运动”","曾国屏","时与文","1948","第3卷 第4期","5-6","上海"
"读者之声:通讯社造谣","黄家栋","时与文","1948","第3卷 第11期","16","上海"
"今日美国(十六)","曾昭抡","时与文","1948","第3卷 第16期","7-8","上海"
"梁漱溟的教育思想:梁漱溟思想的评介(三)","蔡尚思","时与文","1948","第3卷 第3期","7-8","上海"
"宋子文·建军·分区绥靖","于人","时与文","1948","第2卷 第16期","17-18","上海"
"忆佩弦先生","冯契","时与文","1948","第3卷 第18期","9","上海"
"论士大夫的出处","庆德苇","时与文","1948","第3卷 第17期","封1，2-3","上海"
"白崇禧与武汉这一“总体战实验区”","李汉","时与文","1948","第3卷 第14期","14","上海"
"短论:两个朝鲜","潘公昭","时与文","1948","第2卷 第21期","10-11","上海"
"美国对日政策的剧变","孟宪章","时与文","1948","第2卷 第22期","5-7","上海"
"关于缩减篇幅的声明:本刊决定从这期起将篇幅暂减为十六页……","时与文","1948","第2卷 第21期","16",NA,"上海"
"如何实现“耕者有其田”","林沧白","时与文","1948","第3卷 第5期","4-6","上海"
"金圆券在广州出现以后","平子","时与文","1948","第3卷 第20期","15-16","上海"
"苏北共军与上海叛兵南渡入浙","甬民","时与文","1948","第3卷 第8期","15","上海"
"胡适论","蔡尚钰","时与文","1948","第3卷 第11期","4-5，11","上海"
"“傲慢与偏见”及其作者","林海","时与文","1948","第3卷 第1期","9-11","上海"
"“咆哮山庄”及其作者","林海","时与文","1948","第3卷 第10期","7-8","上海"
"圭山区民变队伍出击·昆明戒严(附图)","岑砧","时与文","1948","第3卷 第9期","14","上海"
"有感于义大利的大选","王冀民","时与文","1948","第3卷 第4期","4","上海"
"反对美国扶日并不就是反美","孟永之","时与文","1948","第3卷 第9期","2-3","上海"
"梁漱溟的哲学思想:梁漱溟思想的评介(二)","蔡尚思","时与文","1948","第3卷 第2期","7-9","上海"
"知识分子的彷徨","冯契","时与文","1948","第2卷 第24期","5-7","上海"
"历史回忆:对抗直系武力政策的“三角同盟”、民国八年二月一个改造党务的建议","张西曼","时与文","1948","第3卷 第19期","11-12","上海"
"儿戏国事的中东路战争","张西曼","时与文","1948","第3卷 第18期","15","上海"
"历史回忆:东方民族代表大会","张西曼","时与文","1948","第3卷 第17期","10","上海"
"美侨美兵集体强奸事件","杨子涵","时与文","1948","第3卷 第18期","13-14","上海"
"短论:立法院的恶作剧","伍丹戈","时与文","1948","第3卷 第11期","封1","上海"
"从苏皖新部署说到华东半壁的战局","冠__","时与文","1948","第3卷 第21期","11-12","上海"
"靖康二三事","碧遥","时与文","1948","第3卷 第2期","16","上海"
"进步教育与民主政治","林布","时与文","1948","第3卷 第14期","4-5","上海"
"傅作义楚溪春应付华北险局的军政方针","凌华","时与文","1948","第2卷 第24期","13-15","上海"
"川防急迫·川民饥饿","杨祖之","时与文","1948","第3卷 第14期","15-16","上海"
"炼狱","凤子","时与文","1948","第2卷 第18期","15","上海"
"短论:从“西欧联盟”说起","周至诚","时与文","1948","第2卷 第17期","2","上海"
"论币制改革","周伯棣","时与文","1948","第3卷 第19期","3-4","上海"
"关内外秋季大战揭幕","陈章","时与文","1948","第3卷 第23期","12-13","上海"
"戊戌维新的一幕","吴泽","时与文","1948","第3卷 第21期","6-10","上海"
"读者之声:关于管制经济的一点意见","正翁","时与文","1948","第3卷 第19期","16","上海"
"读者之声:“四行二局员工联谊会”被解散","吴基","时与文","1948","第3卷 第13期","16","上海"
"反扶日的各种理由:为纪念“八一三”而作","蔡尚思","时与文","1948","第3卷 第17期","6-8","上海"
"从黄色音乐说到民歌","唐挚","时与文","1948","第3卷 第23期","7-8","上海"
"杂文二题:谈“官场现形记”、血滴子","大木","时与文","1948","第3卷 第22期","10","上海"
"论日本经济复兴五年计划","钟唐","时与文","1948","第3卷 第10期","2-3","上海"
"一个被遗忘的总统候选人:美国社会党领袖汤麦士","邵循道","时与文","1948","第3卷 第4期","16，6","上海"
"犹太人在美国","刘尊棋","时与文","1948","第3卷 第14期","8-9","上海"
"读者之声:关于中国人口问题","裘审行","时与文","1948","第3卷 第18期","16","上海"
"读者之声:成都特刑庭拘捕学生","石闻","时与文","1948","第3卷 第21期","15","上海"
"读者之声:中国官僚资本的一张清单","文抄公","时与文","1948","第3卷 第22期","15","上海"
"逼近眉睫的塞上争粮战","蕴谛","时与文","1948","第3卷 第22期","13","上海"
"读者之声:反对公用事业在任意涨价","小市民","时与文","1948","第3卷 第17期","16","上海"
"“国民党革命委员会”和民盟三中全会","胡光","时与文","1948","第2卷 第21期","13-14","上海"
"历史回忆:卖国的“低调俱乐部”","张西曼","时与文","1948","第3卷 第22期","9","上海"
"刘建绪周旋于搢绅之间","张授","时与文","1948","第3卷 第17期","13-14","上海"
"浙东邻海地区军情实录","林木","时与文","1948","第3卷 第17期","14-15","上海"
"短论:遥望美国大选","南郭一鸣","时与文","1948","第3卷 第12期","封1，2","上海"
"五月攻势前的东北","凌华","时与文","1948","第3卷 第4期","13","上海"
"“五月渡江”声中的苏北新形势","冠__","时与文","1948","第3卷 第2期","14-15","上海"
"以美之矛攻美之盾:吴嘉棠先生游日各论文批判","孟宪章","时与文","1948","第3卷 第13期","3-4","上海"
"读者之声:陇东之“捷”","梁士","时与文","1948","第3卷 第10期","16","上海"
"关于大学训导工作","徐中玉","时与文","1948","第3卷 第15期","10-11","上海"
"土地改革与农业生产:与董时进先生论土地分配问题","秦柳方","时与文","1948","第3卷 第15期","封1，2-6","上海"
"由下半年国家总预算看物价","郭梅荪","时与文","1948","第3卷 第14期","5-7","上海"
"从司徒大使声明说起","宦乡","时与文","1948","第3卷 第9期","3-5","上海"
"新师表与再学习:反对以孔圣诞为教师节","蔡尚思","时与文","1948","第3卷 第19期","6","上海"
"“夏虫疑冰”(杂文)","商翼","时与文","1948","第2卷 第23期","8","上海"
"阶级·政党与民主政治","樊弘","时与文","1948","第3卷 第4期","2-4","上海"
"北平“四罢”的延续与陈雪屏的莅临","林一荣","时与文","1948","第3卷 第3期","14-16","上海"
"读者之声:关中人民心目中的胡宗南","士心","时与文","1948","第3卷 第22期","16","上海"
"人民自己作主人才是真正的民主:论“民本”不是“民主”","刘绪贻","时与文","1948","第3卷 第20期","4-5","上海"
"论新民主国家的土地改革(附表)","陶大镛","时与文","1948","第3卷 第7期","2-7","上海"
"“齐之以礼”还是“齐之以刑”?","周行健","时与文","1948","第3卷 第11期","2","上海"
"评汉口美人集体强奸案兼论兽性与奴性","李津彪","时与文","1948","第3卷 第20期","3-4","上海"
"硬打硬拼的物价政策","胡宣之","时与文","1948","第3卷 第22期","封1，2-3","上海"
"新岁杂感:论甘地先生饿饭、竞选呢?还是征婚?、所谓“调整”待遇!","白苧","时与文","1948","第2卷 第17期","12","上海"
"中国政府关于对日和会的态度","范承祥","时与文","1948","第2卷 第16期","4-8","上海"
"读者之声:江汉工程局与鄂中水灾","张一知","时与文","1948","第3卷 第17期","16","上海"
"历史回忆:张鼓峰战争中坐失良机","张曼西","时与文","1948","第3卷 第20期","11，10","上海"
"短论:读“三十二条”","颜钦善","时与文","1948","第2卷 第23期","封1","上海"
"军人风度","碧遥","时与文","1948","第2卷 第20期","14","上海"
"新官僚政治的成长:中国官僚政治研究(中国官僚政治之历史的经济的解释)之十六","王亚南","时与文","1948","第3卷 第7期","9-11","上海"
"读者之声:英大学生被捕","木人","时与文","1948","第3卷 第23期","15","上海"
"生活在首善之区","小石","时与文","1948","第3卷 第15期","13-14","上海"
"香港的“新政协”运动","欧阳春","时与文","1948","第3卷 第11期","11","上海"
"历史回忆:刘成禺纪载失实","张西曼","时与文","1948","第3卷 第22期","9-10","上海"
"六月十六日重庆抢米大风潮","杨祖之","时与文","1948","第3卷 第11期","14","上海"
"“乡建”不是中国的出路","谢默依","时与文","1948","第3卷 第21期","6","上海"
"评萧公权先生的“二十世纪的历史任务”","樊弘","时与文","1948","第3卷 第7期","7-8","上海"
"燕京学生反对司徒声明:“吾爱吾师，吾尤爱真理!”","涤森","时与文","1948","第3卷 第10期","14","上海"
"从陇海一“线”看华北全“面”","张青萍","时与文","1948","第2卷 第23期","12-14","上海"
"中国土地改革的初阶","林沧白","时与文","1948","第3卷 第3期","6-7","上海"
"拥护“不给钱运动”","鱼忘","时与文","1948","第3卷 第4期","12","上海"
"读者之声:外滩的一幕","时与文","1948","第3卷 第9期","16",NA,"上海"
"山雨欲来的关中战场","南极","时与文","1948","第3卷 第13期","10-11","上海"
"关于各党各派在香港斗争的详细报导","胡光","时与文","1948","第3卷 第12期","10-13","上海"
"传统的旧官僚政治之覆败:中国官僚政治研究(中国官僚政治之历史的经济的解释)之十四","王亚南","时与文","1948","第2卷 第24期","8-10","上海"
"今日美国(七)","曾昭抡","时与文","1948","第3卷 第1期","10-11","上海"
"读者之声:从七杀碑想起","张献祖","时与文","1948","第3卷 第10期","16","上海"
"读者之声:“五卅”非“五三”","吴鹤飞","时与文","1948","第3卷 第12期","16","上海"
"读者之声:物价狂涨与豪门资本","正翁","时与文","1948","第3卷 第11期","10","上海"
"读者之声:美援与内河航行权","萍庵","时与文","1948","第3卷 第9期","16","上海"
"今日美国(十三)","曾昭抡","时与文","1948","第3卷 第9期","8-10","上海"
"从“门外的秘密”说到好莱坞式的制片路线","凤子","时与文","1948","第3卷 第11期","10","上海"
"短论:关于和谈的几阵旋风","林达懋","时与文","1948","第2卷 第20期","2","上海"
"寒夜乱笔","不已","时与文","1948","第2卷 第18期","14","上海"
"读者之声:信件检查","时与文","1948","第3卷 第14期","16",NA,"上海"
"今日美国(十四)","曾昭抡","时与文","1948","第3卷 第11期","8-9","上海"
"民社党革新派的“再革新”","上官芳","时与文","1948","第3卷 第12期","12，8","上海"
"华盛顿与莫斯科","宾符","时与文","1948","第3卷 第8期","3","上海"
"“悲惨世界”及其作者","林海","时与文","1948","第3卷 第8期","11-13","上海"
"战氛笼罩下的锦州","北人","时与文","1948","第3卷 第9期","12-13","上海"
"中国的出路","汤德明","时与文","1948","第3卷 第2期","2-5","上海"
"汉口警察枪击豫籍流亡学生","林璜","时与文","1948","第3卷 第21期","14","上海"
"支持官僚社会高度发展的第一大杠杆:两税制:中国官僚政治研究(中国官僚政治之历史的经济的解释)之八","王亚南","时与文","1947","第2卷 第11期","9-12","上海"
"杜鲁门主义进入好莱坞","郿卿","时与文","1947","第24期","18-19","上海"
"中间派在政治上的地位和作用","施复亮","时与文","1947","第5期","3-5","上海"
"近事杂感","甘笑","时与文","1947","第12期","18-19","上海"
"中间派的政治路线","施复亮","时与文","1947","第1期","6-10","上海"
"保障人权!:街头小景(一):[漫画]","石东 高潮","时与文","1947","第13期","7","上海"
"读者之声:建议:增辟文艺栏、介绍作者的职务","金焕","时与文","1947","第2卷 第15期","2","上海"
"争取学术独立应有的警惕","朱声绂","时与文","1947","第2卷 第11期","7-8","上海"
"读者之声:怎样替“时与文”写通讯","戚可诹","时与文","1947","第2卷 第7期","24","上海"
"法国儿童电影","屏藩","时与文","1947","第2卷 第6期","22-23","上海"
"读蒲立特“访华观感”","马叙伦","时与文","1947","第2卷 第7期","3-5","上海"
"致作者:我们有几件事要告诉各位写稿的朋友:一、来稿希望有一般性和现实性……","时与文","1947","第10期","19",NA,"上海"
"电影批评的真实性与人情味","洪深","时与文","1947","第11期","15-16","上海"
"战犯·汉奸·学生","钱实甫","时与文","1947","第19期","12-14","上海"
"真实的讽刺:关于西蒙诺夫“俄罗斯问题”","霍然","时与文","1947","第21期","19","上海"
"读者之声:一学生驳斥熊伟教授的迷乱之见","任雄","时与文","1947","第15期","23","上海"
"可怜的骑师:[漫画]","尼龙","时与文","1947","第9期","10","上海"
"读者之声:祈祷可以获致和平吗?","钱毅","时与文","1947","第24期","21","上海"
"读者之声:杨光时君为“民主国际”申辩","杨光时","时与文","1947","第23期","21","上海"
"英大学潮与派系斗争","凡影","时与文","1947","第18期","17-18","上海"
"审判:[漫画]","方成","时与文","1947","第2卷 第8期","2","上海"
"论创作的艺术(附图)","吕荧","时与文","1947","第22期","12-15","上海"
"读者之声:教部取缔煽动歌谣","黄非","时与文","1947","第2卷 第5期","24","上海"
"无锡两日游","潘孑农","时与文","1947","第5期","16-18","上海"
"养民·教民·治民:三民主义的一定次序","蔡尚思","时与文","1947","第2卷 第1期","9-10","上海"
"如此“独立”外交","王寄篱","时与文","1947","第2卷 第12期","10-12","上海"
"法国装饰画专校","王益之","时与文","1947","第2卷 第1期","26","上海"
"读者之声:院长的幸福、好莱坞英勇的一面","老弟","时与文","1947","第2卷 第11期","2","上海"
"论所谓官僚政治:中国官僚政治研究(中国官僚政治之历史的经济的解释)之一(附图)","王亚南","时与文","1947","第2卷 第1期","13-16","上海"
"苦笑:[木刻]","李桦","时与文","1947","第1期","5","上海"
"当前的若干经济问题","周伯棣","时与文","1947","第2卷 第4期","10-12","上海"
"英国统治马来亚的新花样","郑道传","时与文","1947","第2卷 第9期","11-12","上海"
"张君劢的悲哀","何幸之","时与文","1947","第2卷 第7期","20","上海"
"书话:俞平伯散文","晦庵","时与文","1947","第2卷 第1期","27","上海"
"看国民党的三中全会","程桯","时与文","1947","第1期","17-18","上海"
"旧货摊:[漫画]","吕平","时与文","1947","第18期","2","上海"
"读者之声:“重视”英文","白湜","时与文","1947","第2卷 第3期","24","上海"
"华北人民的苦难","陈际云","时与文","1947","第12期","12-13","上海"
"狮爪录:生活与艺术一致的巴尔扎克","林如稷","时与文","1947","第23期","20","上海"
"论南北朝","刘勉","时与文","1947","第22期","3-6","上海"
"狼犬出狱:[漫画]","白朗","时与文","1947","第16期","2","上海"
"过河小卒和杀蠹芸香","于冰","时与文","1947","第7期","13","上海"
"生活:[木刻]","龙廷霸","时与文","1947","第21期","2","上海"
"湖南的党团互斗","伍山","时与文","1947","第2卷 第7期","18","上海"
"多此一举:[漫画多幅]","米谷","时与文","1947","第10期","11","上海"
"叔孙通之流的业绩","欧阳牧堂","时与文","1947","第6期","17","上海"
"平津小事","大荣","时与文","1947","第2卷 第1期","26","上海"
"控诉:[诗词]","任钧","时与文","1947","第2期","4-5","上海"
"“三一八”的重演","尹行六","时与文","1947","第11期","4","上海"
"今日美国","曾昭抡","时与文","1947","第10期","17-18","上海"
"英国社会安全制度","吕竹","时与文","1948","第3卷 第18期","5-6","上海"
"内河航权与“援华”双边协定","董冰如","时与文","1948","第3卷 第12期","3","上海"
"美国对华文化政策的政治经济意义","张麟书","时与文","1948","第3卷 第5期","2-4","上海"
"神经紧张的南京","静涵","时与文","1948","第3卷 第14期","12","上海"
"美贷的获得及对中国经济的影响","林沧白","时与文","1948","第2卷 第19期","5-8","上海"
"短论:愿“民意机关”勿出卖民意","李之显","时与文","1948","第2卷 第17期","2","上海"
"论中国人口问题:驳戴世光先生等的主张","胡宣之","时与文","1948","第3卷 第15期","6-10","上海"
"泄漏试题·沙坪坝六千学生罢考","杨祖之","时与文","1948","第3卷 第16期","15","上海"
"读者之声:教部解散湖北国师","张知一","时与文","1948","第3卷 第18期","16","上海"
"“第二战线”在北平","何荷","时与文","1948","第3卷 第19期","14","上海"
"司徒雷登·巴大维南来做什么?","胡光","时与文","1948","第3卷 第2期","13-14","上海"
"历史回忆:围攻段执政的一幕","张西曼","时与文","1948","第3卷 第17期","10","上海"
"再论绅权","吴晗","时与文","1948","第3卷 第9期","5-7","上海"
"“新第三方面”:中国社会经济研究会","裴仁","时与文","1948","第2卷 第23期","14-15，6","上海"
"论士大夫","吴晗 文琪","时与文","1948","第2卷 第21期","3-4","上海"
"评大公报对于自由主义的看法","杜明","时与文","1948","第2卷 第17期","5-6","上海"
"短论:论美国干涉中国学生运动","陈实","时与文","1948","第3卷 第9期","封1","上海"
"暑假给学生带来忧闷(生活与社会)","许小花","时与文","1948","第3卷 第14期","11","上海"
"挤兑金钞，物价堪虞!","童继烈","时与文","1948","第3卷 第20期","4","上海"
"察哈尔的“小康局面”","异戈","时与文","1948","第3卷 第19期","13-14","上海"
"关于周作人","子规","时与文","1948","第2卷 第18期","13","上海"
"舞女暴动","碧遥","时与文","1948","第2卷 第18期","14","上海"
"论自由主义的本质与方向","冯契","时与文","1948","第2卷 第18期","6-9","上海"
"读者之声:重温历史","郁栀","时与文","1948","第3卷 第9期","16","上海"
"短论:刘伯承与林彪","柳逢仙","时与文","1948","第2卷 第16期","2","上海"
"从法币到金圆券","汤德明","时与文","1948","第3卷 第19期","封1，2","上海"
"重游桂林","凤子","时与文","1948","第3卷 第2期","12","上海"
"从柏林冷战看美苏关系","郭森麒","时与文","1948","第3卷 第12期","5-7","上海"
"粤东沿海一带的军情民隐","凌雪","时与文","1948","第3卷 第17期","15，11","上海"
"自由主义者与中国现局","程桯","时与文","1948","第2卷 第16期","3-4","上海"
"致读者:本刊在一个月的停刊期内……","时与文","1948","第2卷 第17期","16",NA,"上海"
"中学课程的彻底改造","杨卫玉","时与文","1948","第3卷 第2期","6","上海"
"读者之声:如此“自卫队”!","青争","时与文","1948","第3卷 第20期","16","上海"
"北方风云人物","凌华","时与文","1948","第3卷 第21期","13","上海"
"美国领土的扩张","曾昭抡","时与文","1948","第3卷 第18期","6-9","上海"
"论变革须从根本上变起","夏炎德","时与文","1948","第3卷 第16期","封1，2-3","上海"
"京沪沿线工商各界反抗增税","冠__","时与文","1948","第3卷 第12期","14-16","上海"
"短论:谈“赤色的上海”","丁枫华","时与文","1948","第2卷 第24期","封1","上海"
"金涛镍浪冲击下的成都","旋锋","时与文","1948","第3卷 第21期","13-14","上海"
"襄樊一役后的四川局势","石闻","时与文","1948","第3卷 第18期","14-15","上海"
"读者之声:民不畏死，奈何以死惧之?","时与文","1948","第3卷 第16期","16",NA,"上海"
"金融管理之分析","郭大力","时与文","1948","第2卷 第16期","10-11","上海"
"苏北近事实录","徐卿","时与文","1948","第2卷 第22期","13-14","上海"
"美援与中国","梅碧华","时与文","1948","第2卷 第17期","3-5","上海"
"新近震撼粤港的两处战争","胡光","时与文","1948","第3卷 第16期","13-14","上海"
"读者之声:因为是中国人","似潜","时与文","1948","第3卷 第11期","16","上海"
"读者之声:简答:(长沙)一星先生:你的建议，我们不打算遵办……、递赠“时与文”","时与文","1948","第3卷 第11期","16，10",NA,"上海"
"日睹在平难生生活惨状","村渔","时与文","1948","第3卷 第15期","14","上海"
"读者之声:合演“三娘教子”","老崇","时与文","1948","第3卷 第16期","16","上海"
"读者之声:不戴白帽者·便戴红帽","青锋","时与文","1948","第3卷 第16期","16","上海"
"美苏对立与世界和平","韩德培 朱性谦","时与文","1948","第3卷 第12期","7-8","上海"
"论中美双边协定","林沧白","时与文","1948","第3卷 第13期","4-6","上海"
"历史回忆:张宗昌祸鲁的初步","张西曼","时与文","1948","第3卷 第17期","10","上海"
"层层重压下的四川","石闻","时与文","1948","第3卷 第15期","15-16","上海"
"北平多事","胡笛","时与文","1948","第3卷 第12期","13-14","上海"
"新议会与新内阁","浦熙修","时与文","1948","第3卷 第7期","12-13","上海"
"读者之声:“一贯道”的猖獗","时与文","1948","第3卷 第21期","15-16",NA,"上海"
"中国官僚政治的前途","王亚南","时与文","1948","第3卷 第8期","4-5","上海"
"国大余绪:中正大学的一场风波","吴明德","时与文","1948","第3卷 第3期","16，8","上海"
"初夏的苏北:“总体战示范区”","冠__","时与文","1948","第3卷 第8期","14-15","上海"
"读者之声:泪眼看河南","杜渐","时与文","1948","第3卷 第8期","16","上海"
"短论:看大局","司马观","时与文","1948","第2卷 第22期","封1","上海"
"读者之声:赠××群英会","张达僧","时与文","1948","第2卷 第23期","16","上海"
"波茨坦宣言与日本投降三周年","孟宪章","时与文","1948","第3卷 第18期","3-4","上海"
"读者之声:建议增辟“科学”栏","罗庆辉","时与文","1948","第3卷 第11期","16","上海"
"阎傅之间","静之","时与文","1948","第2卷 第17期","19-20","上海"
"北平的又一串搜捕事件","何经","时与文","1948","第2卷 第20期","17-20","上海"
"湖南的两件惨案","黄非","时与文","1948","第2卷 第22期","14-15","上海"
"读者之声:乱抓壮丁","江南燕","时与文","1948","第3卷 第10期","16","上海"
"“父与子”及其作者","林海","时与文","1948","第2卷 第22期","8-9","上海"
"所谓新政协","欧阳春","时与文","1948","第3卷 第7期","13","上海"
"拟上司徒大使书","曾国屏","时与文","1948","第3卷 第10期","6","上海"
"无锡工商界反抗增税之轩然大波","冠__","时与文","1948","第3卷 第4期","14-16","上海"
"由史莫换文看美苏关系","宦乡","时与文","1948","第3卷 第6期","封1，2-3","上海"
"迫害风暴袭击杭州","方旦","时与文","1948","第3卷 第23期","13","上海"
"读者之声:清剿队强奸暴行、常州夜拉丁","林血 蒋源","时与文","1948","第3卷 第23期","16","上海"
"八月廿一日为警宪在燕京大学搜查学生事对在场的学生教职员跟军警宪说话:附录:三十七年八月廿一日下午四时为警宪在校内搜查学生事对在场的学生教职员跟军警宪说话","陆志韦","时与文","1948","第3卷 第20期","10","上海"
"美国发展前途的限度","曾昭抡","时与文","1948","第3卷 第20期","6-9","上海"
"读者之声:今日的太原","华文玲","时与文","1948","第3卷 第21期","15","上海"
"读者之声:巢县邮局偷扣杂志","时与文","1948","第3卷 第21期","16",NA,"上海"
"苏皖军情日急·江南米市奇荒","冠__","时与文","1948","第3卷 第10期","15","上海"
"缅甸是怎样“独立”的?","郑道传","时与文","1948","第2卷 第19期","13-14","上海"
"梁漱溟的社会思想和经济思想:梁漱溟思想的评介(四)","蔡尚思","时与文","1948","第3卷 第4期","7-9","上海"
"停刊告别读者","时与文","1948","第3卷 第23期","封1，2-3",NA,"上海"
"读者之声:英大使·新内阁·内河航行权","吕漠","时与文","1948","第3卷 第9期","16","上海"
"华北角逐的新情势","艾原","时与文","1948","第3卷 第20期","12-13","上海"
"张群访日的闷葫芦","静怀","时与文","1948","第3卷 第21期","12-13","上海"
"面包与自由的抉择:为中国政治前途进一解","周绶章","时与文","1948","第3卷 第18期","封1，2","上海"
"美国抬举晏阳初","欧阳春","时与文","1948","第3卷 第2期","15-16","上海"
"将军堡上吼，群宾座中寒:[漫画]","黛英","时与文","1947","第2卷 第3期","2","上海"
"关于高中毕业会考的讨论","施克","时与文","1947","第10期","10-11","上海"
"论当前世界主要矛盾:兼评国际问题评论家的混乱观念","沈志远","时与文","1947","第18期","7-10","上海"
"恐怖的重庆","兰枻","时与文","1947","第15期","14-16","上海"
"老张的故事:[漫画四幅]","沈同衡","时与文","1947","第4期","6","上海"
"济南近貌","赵志超","时与文","1947","第13期","14","上海"
"读者之声:“今日美国”续稿即到","金文杰","时与文","1947","第2卷 第1期","30","上海"
"读者之声:一个青年学生的控诉","孙殿伟","时与文","1947","第14期","22","上海"
"越南问题","郑道传","时与文","1947","第2卷 第12期","13-15","上海"
"旧报新谭:吴雨僧与“文学副刊”","时与文","1947","第2卷 第7期","23",NA,"上海"
"读者之声:可耻的“同意”","关外月","时与文","1947","第2卷 第7期","24","上海"
"奴才与无知(杂文二题)","张帆","时与文","1947","第22期","19","上海"
"读者之声:废票所表现的民意","伍山","时与文","1947","第2卷 第15期","2","上海"
"论货币的二重政策","郭大力","时与文","1947","第10期","3-4","上海"
"天真得和孩子一般:吊严杰人","冷火","时与文","1947","第18期","21-23","上海"
"评“蓝色狂想曲”","逸之","时与文","1947","第2卷 第1期","28","上海"
"精采演出:[漫画]","叶苗","时与文","1947","第7期","5","上海"
"答林布君兼论左派理论","张东荪","时与文","1947","第14期","10，9","上海"
"“安心读书”:[漫画]","穆企","时与文","1947","第16期","2","上海"
"看自杀","碧遥","时与文","1947","第2卷 第10期","10","上海"
"读者之声:关于解聘教授","翟敬","时与文","1947","第21期","23","上海"
"考验","寒山","时与文","1947","第2卷 第6期","23","上海"
"农村在剧变中(特约会稽通讯)","与稷","时与文","1947","第2卷 第3期","18-20","上海"
"民歌的“刺”","臧克家","时与文","1947","第2期","14","上海"
"评“追”","容方","时与文","1947","第22期","22","上海"
"物价变动是政治状态的晴雨计","郭大力","时与文","1947","第2卷 第1期","11-12","上海"
"读者之声:解聘教授","时与文","1947","第20期","23",NA,"上海"
"大学教授程度的降低","王念昆","时与文","1947","第2卷 第11期","5-6","上海"
"目前的学生运动","向晓","时与文","1947","第4期","7-9","上海"
"读者之声:大赦汉奸!","褚家麟","时与文","1947","第2卷 第13期","2","上海"
"读者之声:服役义务的条件","陈汉","时与文","1947","第23期","22","上海"
"艺文广播:沈兼士二日晚在北平中风逝世，民六至民八沈曾写新白话甚多……","莲子","时与文","1947","第22期","22","上海"
"杀人投资!:[漫画]","尼龙","时与文","1947","第9期","4","上海"
"书话:“达夫全集”……","晦庵","时与文","1947","第22期","21","上海"
"书话:“新月派”、朱湘诗集四种","晦庵","时与文","1947","第20期","21","上海"
"塞上五日行","胡笛","时与文","1947","第6期","18-19","上海"
"艺文广播:许寿棠最近出版的……","伯","时与文","1947","第2卷 第7期","23","上海"
"一只手赞成你，一只手向你要钱:[漫画]","黛英","时与文","1947","第2卷 第4期","2","上海"
"“好吧，你也得进来!”:[漫画]","米谷","时与文","1947","第14期","2","上海"
"读者之声:麦克阿瑟的东方极乐世界","时与文","1947","第13期","18",NA,"上海"
"鲁迅的避难生活","许寿裳","时与文","1947","第2卷 第6期","20-21","上海"
"“春残梦断”观后","容方","时与文","1947","第2卷 第4期","23","上海"
"杭州学生的怒吼","张传宗","时与文","1947","第14期","13","上海"
"今日美国(五)","曾昭抡","时与文","1947","第14期","19-21","上海"
"烽火中的东北","上官北斗","时与文","1947","第12期","17","上海"
"读者之声:物价全面上涨","潘大悲","时与文","1947","第2卷 第6期","24","上海"
"中国官僚资本与国家资本","王亚南","时与文","1947","第4期","3-6","上海"
"新生活和新性格","容方","时与文","1947","第2卷 第8期","22","上海"
"书话:“冬夜”","晦庵","时与文","1947","第2卷 第1期","27","上海"
"读者之声: “艺文志”应保留而充实之","时与文","1947","第23期","22",NA,"上海"
"第一届全国木刻展览会佳作选辑:介绍第一届全国木展:赶洋船:[木刻]","李桦","时与文","1947","第4期","10","上海"
"蜡烛的尊严:(1)光滑头脸严然生威:[漫画]","盾戈","时与文","1947","第22期","2","上海"
"读者之声:惨胜两年","张继勋","时与文","1947","第22期","23","上海"
"解冻:[漫画]","米谷","时与文","1947","第20期","2","上海"
"读者之声:致一青年同好","曹永辉","时与文","1947","第18期","24","上海"
"读者之声:时与文的“背景”","时与文","1947","第13期","18",NA,"上海"
"论对日和会中的否决权","林焕平","时与文","1947","第23期","8-9","上海"
"美国的高物价与新经济危机","林沧白","时与文","1947","第2卷 第9期","3-5","上海"
"安徽的“土四军”","许柏","时与文","1947","第2卷 第15期","16-17","上海"
"悲哀","魏金枝","时与文","1947","第7期","17","上海"
"半个浙江在水深火热中:浙东农村的今昔","范仲","时与文","1947","第22期","16-17","上海"
"殖民地制度的总危机","吴清友","时与文","1947","第2卷 第2期","14-16","上海"
"“欧琴妮·葛兰德”及其作者","林海","时与文","1947","第2卷 第1期","23-25","上海"
"读者之声:“除非上帝，谁也不晓得”","牛奉先","时与文","1947","第19期","22","上海"
"冯至讲“鲁迅在北大”","赵镇乾","时与文","1947","第2卷 第8期","17","上海"
"今日文化:[漫画]","洪荒","时与文","1947","第2期","6","上海"
"广东水灾的回顾","陈微子","时与文","1947","第2卷 第8期","19","上海"
"记香港战争时韬奋的琐事","茅盾","时与文","1947","第20期","18","上海"
"河北战区的农村面","一荣","时与文","1947","第2卷 第12期","17-18","上海"
"英雄的梦","凤子","时与文","1947","第4期","14-15","上海"
"国民党现阶段的政略","谭铭","时与文","1947","第24期","8，4","上海"
"沈阳“战时”风光","霍焰","时与文","1947","第19期","18-19","上海"
"关于杂文","关怀","时与文","1947","第2卷 第6期","22","上海"
"学生公费与教授待遇","元方","时与文","1947","第23期","9-10","上海"
"看东北战场(通讯)(附图)","时与文","1947","第2卷 第8期","12-15",NA,"上海"
"金元万能:[漫画]","黛英","时与文","1947","第2卷 第7期","5","上海"
"学潮压制得了吗?","周天行","时与文","1947","第11期","7-8","上海"
"读者之声:“纯粹学术”与清一色","文丑","时与文","1947","第24期","21","上海"
"人民诗人闻一多","楚图南","时与文","1947","第19期","21","上海"
"欧洲的分裂","汤德明","时与文","1947","第19期","6-9","上海"
"读者之声:东北的军事与经济","王济道","时与文","1947","第15期","24","上海"
"“中国饥饿，上海跳舞”","石燕","时与文","1947","第2卷 第2期","21","上海"
"读者之声:愿美国莫再逼成“共产国际”的扩大!","周至诚","时与文","1947","第2卷 第6期","24","上海"
"十年来的教育文化统制:教育文化低落的最大原因","蔡尚思","时与文","1947","第17期","14-15","上海"
"资本主义经济的前途","吴清友","时与文","1947","第2卷 第5期","3-4","上海"
"束缚:[漫画]","人之初","时与文","1947","第2卷 第14期","7","上海"
"与民争食:[漫画]","黛英","时与文","1947","第2卷 第1期","2","上海"
"反战行列在北平","辛扬火","时与文","1947","第13期","12-14","上海"
"朝鲜问题","郭森麒","时与文","1947","第2卷 第3期","5-8","上海"
"从“外科医生”谈到“市民治”","周华","时与文","1947","第2卷 第4期","18","上海"
"弗朗哥威胁着全人类:[漫画]","米谷","时与文","1947","第18期","2","上海"
"胜利之“果”:[漫画]","张文元","时与文","1947","第3期","13","上海"
"农村四季图:春耕:[漫画]","张文元","时与文","1947","第2期","16","上海"
"旧地重游有何感想:[漫画]","米谷","时与文","1947","第1期","16","上海"
"萧邦的手迹与巴黎版画市场","平凡","时与文","1947","第2卷 第2期","25","上海"
"原子弹战争是可能的么?","蔡鸿干","时与文","1947","第1期","14-15","上海"
"马歇尔援欧计划的现阶段","费正","时与文","1947","第2卷 第8期","6-8","上海"
"成都政治风景线","何慧英","时与文","1947","第2卷 第7期","17","上海"
"教授生涯:[木刻]","李桦","时与文","1947","第2卷 第5期","7","上海"
"官僚政治与儒家思想:中国官僚政治研究(中国官僚政治之历史的经济的解释)之六","王亚南","时与文","1947","第2卷 第6期","13-16","上海"
"文艺的功用","林焕平","时与文","1947","第4期","14-15","上海"
"艺文广播:魏建功为钱玄同入室弟子……","H","时与文","1947","第20期","20","上海"
"访苏三月记(一)","华罗庚","时与文","1947","第14期","15-18","上海"
"马占山将军的出处","霍焰","时与文","1947","第19期","20","上海"
"读者之声:关于“时与文”的篇幅与容量","王庆全","时与文","1947","第2卷 第12期","2","上海"
"安徽的“善后救济”","邵资","时与文","1947","第2卷 第14期","19","上海"
"小评坛:洁癖与自由","非","时与文","1947","第22期","20","上海"
"域外书市“三十年文集”","夏奈蒂","时与文","1947","第23期","19","上海"
"读者之声:为“国”耶?为“私”耶","陈汉","时与文","1947","第22期","23","上海"
"诗二首:你叫我","时与文","1947","第1期","7",NA,"上海"
"读者之声:“时与文”的作者与编者注意!","钟微言","时与文","1947","第21期","23","上海"
"记北平市助学运动","赵镇乾","时与文","1947","第2卷 第1期","19-21","上海"
"精神分析的物质基础","董秋斯","时与文","1947","第9期","11-12","上海"
"政府改组后之“施政方针”","马叙伦","时与文","1947","第7期","2-3","上海"
"试论英雄","臧克家","时与文","1947","第7期","16-17","上海"
"当前国际形势","石啸冲","时与文","1947","第3期","9-10","上海"
"新小上坟","安娥","时与文","1947","第8期","18-19","上海"
"父亲哭什么?:[漫画]","曾景初","时与文","1947","第3期","18","上海"
"重庆六月恐怖中的几段小故事","沈犁","时与文","1947","第18期","18","上海"
"帮忙与扯淡","流金","时与文","1947","第4期","13","上海"
"霉季杂感(三题)","潘孑农","时与文","1947","第20期","16-17","上海"
"访苏三月记(三)","华罗庚","时与文","1947","第16期","17-20","上海"
"“劫收”后的工厂:[漫画]","李桦","时与文","1947","第3期","8","上海"
"答傅雷先生的“关于亲帝反苏”","周建人","时与文","1947","第24期","11-12","上海"
"读者之声:五色病幻者的梦呓","时与文","1947","第19期","22",NA,"上海"
"上海滩(坍)!:[漫画]","张文元","时与文","1947","第3期","6","上海"
"读者之声:自由主义者不应“反苏”“反共”","夏诚希 施复亮","时与文","1947","第2卷 第1期","30","上海"
"替一个人打算:[漫画]","甘草","时与文","1947","第9期","9","上海"
"美国:新战争之灌溉者:[漫画]","所亚","时与文","1947","第5期","11","上海"
"人民翻身的十年间","孔瑞明","时与文","1947","第17期","13","上海"
"大学潮与真民意","蔡尚思","时与文","1947","第12期","3-5","上海"
"保障人权!:街头小景(二):[漫画]","石东 高潮","时与文","1947","第13期","7","上海"
"从平凡处追念奋韬的伟大","王造时","时与文","1947","第20期","19","上海"
"一个公务员的谈话","与稷","时与文","1947","第2卷 第11期","14-15","上海"
"读者之声:孙院长应该如此说!","张道清","时与文","1947","第17期","24","上海"
"北平是怎样渡过“六二”的","胡笛","时与文","1947","第14期","12","上海"
"学生运动是季世现象吗?","冯契","时与文","1947","第8期","11-12","上海"
"大时代的小感触","孔瑞明","时与文","1947","第12期","17-19","上海"
"战时的昆明劳工","陈达","时与文","1947","第6期","8-10","上海"
"读者之声:请营救重庆“六一”被捕的人们","江流","时与文","1947","第21期","22","上海"
"内战财政的幻术:试论美金债券发行的意义与前途","甘祠森","时与文","1947","第5期","8-9","上海"
"论言论出版之自由","张啸虎","时与文","1947","第21期","12-13","上海"
"左拉与社会主义","林如稷","时与文","1947","第2卷 第6期","23","上海"
"“争取学术独立十年计划”的论战(特约北平通讯)","赵镇乾","时与文","1947","第2卷 第3期","16-17","上海"
"鲁迅对自己著译的订正","寒山","时与文","1947","第2卷 第8期","21","上海"
"美苏的外交战","宦乡","时与文","1947","第2卷 第4期","3-5","上海"
"本屐的威胁:[漫画]","尼龙","时与文","1947","第2卷 第3期","2","上海"
"读者之声:一位青年朋友对“时与文”的观感","张啸虎","时与文","1947","第2卷 第13期","2","上海"
"法西斯的地下阴谋:[漫画]","米谷","时与文","1947","第15期","2","上海"
"蜡烛的尊严:(4)最后结果……:[漫画]","盾戈","时与文","1947","第22期","2","上海"
"七月的偶语","适夷","时与文","1947","第17期","16-17","上海"
"访苏三月记(四)","华罗庚","时与文","1947","第17期","20-23","上海"
"“失落过的公文”:苏联的五彩卡通","逸之","时与文","1947","第24期","20","上海"
"读者之声:关于北大等三校入学试题走漏一事","邵基","时与文","1947","第24期","21","上海"
"“戒严”的法律问题","沈钧儒","时与文","1947","第18期","13-14","上海"
"官僚教育与市侩教育:现代中国教育的最大缺点","蔡尚思","时与文","1947","第15期","3-4","上海"
"广州大选趣闻","于人","时与文","1947","第2卷 第13期","20","上海"
"读者之声:关于益阳惨案的一点尾声","黄非","时与文","1947","第2卷 第10期","2","上海"
"广东南路的动乱","子薯","时与文","1947","第2卷 第3期","17-19","上海"
"读者之声:大学中的上课制度","翁锡益","时与文","1947","第2卷 第12期","2","上海"
"“列宁”观后","逸之","时与文","1947","第21期","21","上海"
"读者之声: “时与文”的政论·通讯和“艺文志”","杨作英","时与文","1947","第24期","22","上海"
"读者之声:告转载“时与文”作品的报刊","郁栀","时与文","1947","第2卷 第11期","2","上海"
"读者之声:对“时与文”漫画的意见","高惜冰","时与文","1947","第20期","23","上海"
"“收拾人心”","商翼","时与文","1947","第2卷 第13期","10","上海"
"莫斯科会议一夕谈","程桯","时与文","1947","第2期","13","上海"
"话说冒险:沙丁楼杂文之二","张帆","时与文","1947","第11期","16","上海"
"币制改革与“动员勘乱”","李一雯","时与文","1947","第24期","9-10","上海"
"生活在香港","李康民","时与文","1947","第16期","16","上海"
"读者之声:“非统治即破坏”","时与文","1947","第16期","21",NA,"上海"
"学潮的去和来","程桯","时与文","1947","第13期","10-11","上海"
"难兄难弟:[漫画]","米谷","时与文","1947","第13期","2","上海"
"法币将往何处去","漆琪生","时与文","1947","第3期","5-8","上海"
"黄金政策之过去与今后","周伯棣","时与文","1947","第2期","8-9","上海"
"读者之声:美兵强奸华女，not guilty!","张佛森","时与文","1947","第16期","21","上海"
"获释以后:[木刻]","李桦","时与文","1947","第2卷 第7期","16","上海"
"美兵“在打喜鹊”:[漫画]","范凡","时与文","1947","第8期","16","上海"
"永远不变的“定理”:[漫画]","叶苗","时与文","1947","第4期","4","上海"
"读者之声:曾琦诗人近作与中华时报一篇社论","谷振元","时与文","1947","第15期","23","上海"
"大马戏团:[木刻]","赵延年","时与文","1947","第21期","2","上海"
"忠孝仁义解","林布","时与文","1947","第2卷 第12期","16","上海"
"读者之声:苏北的所谓自卫队·肃奸队·人民服务队","高憬","时与文","1947","第2卷 第9期","2","上海"
"大学潮是不光荣的吗?:评熊伟教授上国府主席书","贵善","时与文","1947","第18期","15-16","上海"
"大局之分析与展望","欧阳长虹","时与文","1947","第19期","3-5","上海"
"武力解决抑和平变更","汤德明","时与文","1947","第6期","5-6","上海"
"生的苦恼:[木刻]","李桦","时与文","1947","第1期","4","上海"
"近五十年来中国之政治","周谷城","时与文","1947","第1期","3-6","上海"
"人市:[木刻]","漾兮","时与文","1947","第11期","14","上海"
"死路一条:[漫画]","罗蒙","时与文","1947","第23期","2","上海"
"“愁城”福州","诸葛波","时与文","1947","第23期","15-17","上海"
"学潮平议","翦伯赞","时与文","1947","第13期","8-9","上海"
"读者之声:暨大同学向社会控诉","敢为","时与文","1947","第2卷 第4期","24","上海"
"论苏联的民族政策","吴清友","时与文","1947","第2卷 第7期","13-14","上海"
"今日大学教育的病象及其诊断","陈际云","时与文","1947","第2卷 第9期","8-10","上海"
"迎浅予爱莲","冯亦代","时与文","1947","第2卷 第4期","21","上海"
"平津的两种逮捕·两种“萧清”(特约北平通讯)","凌华","时与文","1947","第2卷 第5期","17-19","上海"
"教费与军费·教薪与官薪:兼答官方对我的质难","蔡尚思","时与文","1947","第2卷 第10期","3-4","上海"
"新型舞蹈底新精神","卫韧","时与文","1947","第2卷 第3期","21","上海"
"魏德迈的来去和中国问题的症结","马叙伦","时与文","1947","第2卷 第2期","3-8","上海"
"官僚贵族化与门阀:中国官僚政治研究(中国官僚政治之历史的经济的解释)之七","王亚南","时与文","1947","第2卷 第10期","6-9","上海"
"英国的抉择","王韵霞","时与文","1947","第2卷 第8期","9-11","上海"
"托尔斯泰的固执和坚强","林如稷","时与文","1947","第2卷 第3期","22","上海"
"湖南民社党的“家丑”","陈襟湘","时与文","1947","第2卷 第15期","17-18","上海"
"民社党·革新会·梁秋水","文琪","时与文","1947","第21期","14-15","上海"
"读者之声:人民的希望","陈华人","时与文","1947","第15期","24","上海"
"街头小景:[漫画]","所亚","时与文","1947","第20期","2","上海"
"蜡烛的尊严:(2)混身油水只怕火点:[漫画]","盾戈","时与文","1947","第22期","2","上海"
"“波法利夫人传”及其作者","林海","时与文","1947","第21期","16-18","上海"
"成都报业贷款案内幕","默沙","时与文","1947","第2卷 第8期","18","上海"
"关于“民主国际”的讨论","吴世昌","时与文","1947","第2卷 第3期","9-11","上海"
"“叫我们吃什么?”:[漫画]","黛英","时与文","1947","第2卷 第11期","15","上海"
"读者之声:八月的“调整”","高沃","时与文","1947","第2卷 第1期","29","上海"
"今日美国(六)","曾昭抡","时与文","1947","第15期","19-22","上海"
"两种麻木:沙汀楼杂文之一","张帆","时与文","1947","第11期","8","上海"
"魏德迈的“调查”与中国大局","程桯","时与文","1947","第21期","3-6","上海"
"愿雨点快些洒下:[诗歌]","浩泓","时与文","1947","第6期","13","上海"
"与张东荪先生论“示人以不广”问题","周建人","时与文","1947","第17期","12-13","上海"
"“大卫·高柏菲尔自述”及其作者","林海","时与文","1947","第24期","15-17","上海"
"救星快来了吧?:[漫画]","老马","时与文","1947","第2卷 第8期","2","上海"
"今日美国(二)","曾昭抡","时与文","1947","第11期","17-18","上海"
"致作者:我们有几件事要告诉各位写稿的朋友……","时与文","1947","第8期","19",NA,"上海"
"政府俨然改组了","程桯","时与文","1947","第7期","4-6","上海"
"石家庄失守后的北平政界","凌华","时与文","1947","第2卷 第14期","15-16","上海"
"益阳惨案纪实","黄非","时与文","1947","第2卷 第7期","19","上海"
"山城秋色","黄瘦","时与文","1947","第2卷 第3期","11","上海"
"英美在香港的市场斗争","余初侨","时与文","1947","第9期","13-17","上海"
"政治的心理谈","商翼","时与文","1947","第2卷 第10期","11","上海"
"还能支持多久:[漫画]","洪荒","时与文","1947","第10期","4","上海"
"有吏夜捉人?:[漫画]","张文元","时与文","1947","第1期","9","上海"
"中央大学师生对浙大惨案的反响","廖哲煌","时与文","1947","第2卷 第11期","19-20","上海"
"“四大需要”:[漫画]","张文元","时与文","1947","第7期","15","上海"
"两个美国","吴子","时与文","1947","第2卷 第11期","12-13","上海"
"自食其果:[漫画]","L.C","时与文","1947","第14期","2","上海"
"读者之声:一个“自由主义”者的自白","林朋","时与文","1947","第2卷 第1期","29-30","上海"
"小评坛:“假凤虚凰”与“艺术家”","时与文","1947","第20期","20",NA,"上海"
"拉丁:[漫画]","刃锋","时与文","1947","第14期","2","上海"
"私立大学里的坏现象","张云横","时与文","1947","第2卷 第8期","10-11","上海"
"论美国外交政策","林焕平","时与文","1947","第2卷 第6期","7-9","上海"
"读者之声:青岛美兵强奸少女代价美金二十元正","M.P","时与文","1947","第2卷 第7期","24","上海"
"论“为中国的农业试探一条出路”","李定中","时与文","1947","第2卷 第6期","10-12","上海"
"读者之声:张君劢的“明确态度”呢?","章洛平","时与文","1947","第18期","24","上海"
"读者之声:对“时与文”的几点意见","王舜桑","时与文","1947","第16期","22","上海"
"读者之声:孙副主席的外交谈话","孔用济","时与文","1947","第2卷 第3期","24","上海"
"漫谭“电影剧本选”","夏奈蒂","时与文","1947","第2卷 第2期","27","上海"
"内战在安徽","许柏","时与文","1947","第2卷 第9期","13-14","上海"
"官僚·官僚阶层内部利害关系及一般官制的精神:中国官僚政治研究(中国官僚政治之历史的经济的解释)之五","王亚南","时与文","1947","第2卷 第5期","10-13","上海"
"艺文广播:去年，鲁迅全集出版社为纪念鲁迅先生逝世十周年……","时与文","1947","第2卷 第1期","27",NA,"上海"
"大局逆转以后的昆明","俞仲","时与文","1947","第4期","18-19","上海"
"马歇尔援欧:[漫画]","黛英","时与文","1947","第2卷 第2期","2","上海"
"忘记了一只大老虎:[漫画]","米谷","时与文","1947","第16期","2","上海"
"中美苏之间","王寄篱","时与文","1947","第2卷 第13期","3-4","上海"
"评“欲海情魔”:琼克劳馥主演","容方","时与文","1947","第20期","22","上海"
"合肥城乡","方瑛","时与文","1947","第2卷 第14期","18-19","上海"
"论马歇尔援欧计画","费正","时与文","1947","第17期","9-11","上海"
"歌唱起来!","臧克家","时与文","1947","第1期","19","上海"
"从物价狂涨看经济崩溃","龙成志","时与文","1947","第8期","9-10","上海"
"曹禺的“追”","小林","时与文","1947","第21期","21","上海"
"乞灵·哭灵:[漫画]","穆企","时与文","1947","第2卷 第12期","15","上海"
"读者之声:“时与文”的“文”与画","顾百琦","时与文","1947","第22期","23","上海"
"张东荪讲“最近时局”","辛扬火","时与文","1947","第12期","11-13","上海"
"从历史看民变","胡里","时与文","1947","第9期","11-12","上海"
"魏德迈来华之后(特约南京通讯)","柳逢仙","时与文","1947","第23期","13-14","上海"
"“政客饶恕学生”!","马平","时与文","1947","第14期","11","上海"
"印度:从殖民地到自治领(附图)","张庸","时与文","1947","第2卷 第5期","8-9","上海"
"论学术独立","陈旭麓","时与文","1947","第2卷 第14期","4-7","上海"
"论和平的先决步骤","吴晗","时与文","1947","第13期","5-7","上海"
"乌烟瘴气的青岛","曦诒","时与文","1947","第16期","14-15","上海"
"美军是这样撤出中国的!","辛扬火","时与文","1947","第8期","16-17","上海"
"总有一天……:[漫画四幅]","洪荒","时与文","1947","第8期","6","上海"
"蜡烛的尊严:(3)油之将尽其声也哀:[漫画]","盾戈","时与文","1947","第22期","2","上海"
"读者之声:一个精神病患者的来书与诗稿","时与文","1947","第19期","22",NA,"上海"
"浙江的“匪患”","范仲","时与文","1947","第2卷 第5期","21","上海"
"“老朋友!阔别二年了”:[漫画]","人之初","时与文","1947","第2卷 第2期","2","上海"
"既空前必绝后:[漫画]","罗蒙","时与文","1947","第23期","10","上海"
"难民·兵·卦摊充斥济南","江帆","时与文","1947","第15期","16","上海"
"读者之声:刊物胡乱造谣","朱碧波","时与文","1947","第2卷 第6期","24","上海"
"时代与中国:[漫画]","许志家","时与文","1947","第6期","16","上海"
"出卖良心:[漫画]","穆企","时与文","1947","第6期","4","上海"
"取暖:[木刻]","李桦","时与文","1947","第5期","18","上海"
"艺文广播:新越剧艺术人袁雪芬，息演半年……","爱莲","时与文","1947","第23期","20","上海"
"丰厚的礼物:[漫画]","方成","时与文","1947","第22期","2","上海"
"“虎胆忠魂”观后","容方","时与文","1947","第2卷 第7期","22","上海"
"域外影讯","苓","时与文","1947","第22期","20","上海"
"白色恐怖的制造者:[漫画]","阿明","时与文","1947","第13期","2","上海"
"记杭州的“剧咏团”","潘孑农","时与文","1947","第2卷 第15期","8-9","上海"
"读者之声:今之丘迟","北方","时与文","1947","第2卷 第7期","24","上海"
"法国经济的蜕变","费正","时与文","1947","第10期","7-9","上海"
"聪明的洋大人:[漫画]","尼龙","时与文","1947","第20期","2","上海"
"小说中的“光”与“热”","林海","时与文","1947","第5期","14-15","上海"
"这个姿态对人类并不生疏:[漫画]","尼龙","时与文","1947","第3期","10","上海"
"读者之声:执法玩法","张以虚","时与文","1947","第2卷 第15期","2","上海"
"关于“鲁迅传”还有几句话想说","许广平","时与文","1947","第2卷 第10期","5","上海"
"挡得住吗?:[漫画]","老马","时与文","1947","第2卷 第8期","2","上海"
"一种可贵的精神","以群","时与文","1947","第5期","19","上海"
"实践底指标:关于“论中国文学革命”","霍然","时与文","1947","第24期","18","上海"
"孩子们的甘露:看“小马戏班”演出","林其民","时与文","1947","第2卷 第8期","23","上海"
"广州的黄色文化与倒退教育","林郁","时与文","1947","第2卷 第12期","18-19","上海"
"民主路线与中间路线","伍丹戈","时与文","1947","第8期","3-4，15","上海"
"今后的八九个月","程桯","时与文","1947","第9期","6-8","上海"
"北美重游(一)","陈达","时与文","1947","第2卷 第15期","14-15","上海"
"从罗卓英到宋子文","陈纪","时与文","1947","第2卷 第10期","12-16","上海"
"援欧与援华","范承祥","时与文","1947","第2卷 第11期","3-4","上海"
"鄂尔多斯草原的警报(特约包头通讯)","漠南","时与文","1947","第2卷 第1期","18-19","上海"
"一举成名:[漫画]","牛斤两","时与文","1947","第2卷 第7期","2","上海"
"“花之舞曲”","逸之","时与文","1947","第2卷 第5期","23","上海"
"和平呼吁与国民参政会","程桯","时与文","1947","第11期","2-4","上海"
"读者之声:太平洋月刊负责人否认造谣中伤“时与文”","耿笑天","时与文","1947","第2卷 第8期","24","上海"
"调整待遇:[漫画]","方成","时与文","1947","第2卷 第7期","2","上海"
"论中国都市与农村的社会经济关系","王亚南","时与文","1947","第15期","5-8","上海"
"编者的话:“艺文志”今天第一次和读者诸君见面……","时与文","1947","第20期","22",NA,"上海"
"“战争与和平”及其作者","林海","时与文","1947","第18期","19-20","上海"
"内战全貌(附图)","石磊","时与文","1947","第2卷 第6期","2-6","上海"
"中国还需要革命","陈旭麓","时与文","1947","第2卷 第4期","6-9","上海"
"宋子文接替罗卓英","林郁","时与文","1947","第2卷 第6期","18-19","上海"
"尾巴主义!:[漫画]","张文元","时与文","1947","第14期","2","上海"
"法币制度应该如何改革","漆琪生","时与文","1947","第14期","7-9","上海"
"巴勒司坦的命运:[漫画]","黛英","时与文","1947","第2卷 第8期","2","上海"
"代替:[漫画三幅]","老马","时与文","1947","第2卷 第8期","20","上海"
"中间路线与挽救危局","施复亮","时与文","1947","第8期","5-8","上海"
"北平学生进步了","文琪","时与文","1947","第2卷 第4期","19-20","上海"
"张东荪论华盛顿与南京之间的距离:张氏九月八日在清华大学讲演辞，原题“南行见闻杂感”","文琪","时与文","1947","第2卷 第2期","22-24","上海"
"中国官僚政治的诸特殊表象:中国官僚政治研究(中国官僚政治之历史的经济的解释)之三","王亚南","时与文","1947","第2卷 第3期","12-15","上海"
"“守望莱茵河”演出人遭判罪:茀特列马区为休姆林辩护","童秀","时与文","1947","第2卷 第3期","21","上海"
"进出口:[漫画]","华山","时与文","1947","第2卷 第14期","7","上海"
"支持官僚政治高度发展的第二大杠杆:科举制:中国官僚政治研究(中国官僚政治之经济的历史的研究)之九","王亚南","时与文","1947","第2卷 第14期","8-13","上海"
"读者之声:鱼与熊掌二者兼失","尹捷","时与文","1947","第2卷 第15期","2","上海"
"读者之声:学校俨如商店学场有似官场","金克仁","时与文","1947","第2卷 第5期","24","上海"
"同情美景:[漫画]","方成","时与文","1947","第2卷 第4期","2","上海"
"欢送志愿军:[漫画四幅]","方成","时与文","1947","第2卷 第5期","13","上海"
"今日云南","高名","时与文","1947","第2卷 第2期","23-24","上海"
"尊重理论:关于“密云期风习小纪”","关怀","时与文","1947","第2卷 第2期","25","上海"
"内战的新阶段","萧遥","时与文","1947","第16期","3-4","上海"
"“吊胃口”:[漫画]","阿明","时与文","1947","第16期","2","上海"
"读者之声:华罗庚“访苏三月记”即将刊载","时与文","1947","第13期","18",NA,"上海"
"保障人权!:街头小景(三):[漫画]","石东 高潮","时与文","1947","第13期","7","上海"
"官僚政治在世界各国:中国官僚政治研究(中国官僚政治之历史的经济的解释)之二","王亚南","时与文","1947","第2卷 第2期","17-21","上海"
"得到黄金的时候:[漫画三幅]","老马","时与文","1947","第2卷 第2期","16","上海"
"今日美国(三)","曾昭抡","时与文","1947","第12期","14-16","上海"
"生活守望:[木刻]","甫堡","时与文","1947","第11期","8","上海"
"愤怒的人们:[木刻]","赵延年","时与文","1947","第12期","19","上海"
"音乐·番茄·葡萄糖","子欣","时与文","1947","第2卷 第2期","27","上海"
"士宦的政治生活与经济生活:中国官僚政治研究(中国官僚政治之经济的历史的解释)之十","王亚南","时与文","1947","第2卷 第15期","10-13","上海"
"民主政治的经济基础","汤德明","时与文","1947","第2卷 第12期","3-7","上海"
"诗二首:踏进毛房去拉屎","马凡陀","时与文","1947","第1期","7","上海"
"读者之声:中国自来是个礼仪之邦","董化之","时与文","1947","第20期","23","上海"
"华南的走私","于人","时与文","1947","第2卷 第9期","20","上海"
"李先念威胁下的四川防务","默沙","时与文","1947","第2卷 第8期","16-17","上海"
"谈姚牧的创作:听姚牧作品演奏会","冬耕","时与文","1947","第2卷 第5期","22-23","上海"
"和平何以会死了","张东荪","时与文","1947","第3期","3-4","上海"
"法国雕刻的厄运","平凡","时与文","1947","第2卷 第4期","23","上海"
"乐观的华脱狄斯耐","林其民","时与文","1947","第2卷 第7期","22","上海"
"读者之声:壮丁的死路和“生”路","陈汉","时与文","1947","第21期","22-23","上海"
"辟“法利赛人”对于“五四”的曲解与蒙混","夏康农","时与文","1947","第10期","12-13","上海"
"读者之声:魏德迈来做什么?","邹至诚","时与文","1947","第19期","23","上海"
"宋子文到任后的广东政治·经济与治安(附图)","林郁","时与文","1947","第2卷 第9期","15-19","上海"
"中国少数民族的厄运:以一个西南衰亡的民族为例","史靖","时与文","1947","第2卷 第7期","11-12","上海"
"读者之声:偶见的“天真的童心”","陈汉","时与文","1947","第23期","22","上海"
"战士怎样在地上生根的:关于“荷花淀”，孙犂著，海洋版","怀霜","时与文","1947","第2卷 第3期","22","上海"
"从所谓“民主国际”说起","欧阳长虹","时与文","1947","第22期","7-8","上海"
"新鬼烦冤旧鬼哭:[漫画]","穆企","时与文","1947","第2卷 第5期","2","上海"
"鸡变蛋(储蓄者的故事):[漫画多幅]","米谷","时与文","1947","第5期","9","上海"
"革命的爱在大众:“列宁在一九一八年”观后","林其民","时与文","1947","第23期","18-19","上海"
"东北的战鼓(附图)","于夫","时与文","1947","第2卷 第5期","14-16","上海"
"湖南参府冲突事件","黄非","时与文","1947","第2卷 第15期","18-20","上海"
"石家庄之役结束以后","凌华","时与文","1947","第2卷 第11期","17-18","上海"
"青年须要重新估定政治环境:自录在北京大学于子三追悼会上演词，劝同学这一次莫要游行示威","樊弘","时与文","1947","第2卷 第10期","4-5","上海"
"历史剧的道路:从“狼群”想开去","霍然","时与文","1947","第2卷 第1期","26","上海"
"读“中国作家”","赵涵","时与文","1947","第2卷 第5期","22-23","上海"
"张东荪谈华莱士和平运动","胡笛","时与文","1947","第9期","17-18","上海"
"中苏间系的恶化","高松","时与文","1947","第18期","11-12","上海"
"读者之声:内战葬送青年的前途","孙殿伟","时与文","1947","第16期","22","上海"
"水灾兵祸之下的安徽人民","杜渐","时与文","1947","第2卷 第11期","18-19","上海"
"读者之声:“功碑”压死重庆市民","江流","时与文","1947","第24期","22","上海"
"魏德迈来了又怎样?(附图)","萧遥","时与文","1947","第20期","3-5","上海"
"评“龙凤花烛”","容方","时与文","1947","第21期","21","上海"
"读者之声:寄阅报诸君","王品仪","时与文","1947","第15期","24","上海"
"胡适的昨日与今日","伯迦","时与文","1947","第11期","11-12","上海"
"“请检查”:[漫画]","米谷","时与文","1947","第15期","2","上海"
"第一届全国木刻展览会佳作选辑:介绍第一届全国木展:工赈队的骚动:[木刻]","讷维","时与文","1947","第4期","10","上海"
"农村四季图:夏耘:[漫画]","张文元","时与文","1947","第2期","16","上海"
"自由主义·批判·批判的态度","伯奇","时与文","1947","第24期","3-4","上海"
"关于“夏伯阳”","逸之","时与文","1947","第22期","22","上海"
"美国兵在青岛的暴行","王醒觉","时与文","1947","第23期","16","上海"
"拒绝与奉送:[漫画]","石东","时与文","1947","第19期","2","上海"
"读者之声:饥民的制造和救济","秦澄","时与文","1947","第16期","22","上海"
"记华罗庚教授(附照片)","时风","时与文","1947","第14期","14","上海"
"最近战局鸟瞰","叶辛","时与文","1947","第11期","5-7","上海"
"读者之声:陈诚将军难为无米之炊","辛华","时与文","1947","第16期","21-22","上海"
"抛砖引玉:[漫画]","穆企","时与文","1947","第2卷 第12期","15","上海"
"“丑角的世界”:诗创造第二辑","钟越","时与文","1947","第23期","19","上海"
"秋风里的北平文化教育界","辛莘","时与文","1947","第2卷 第9期","18-19","上海"
"内战的火燃遍了广东","于人","时与文","1947","第2卷 第7期","15-16","上海"
"中国官僚政治的社会经济基础:中国官僚政治研究(中国官僚政治之历史的经济的解释)之四","王亚南","时与文","1947","第2卷 第4期","13-17","上海"
"读者之声:教部次长充当“打手”","杨奚水","时与文","1947","第2卷 第4期","24","上海"
"大别山下","杜渐","时与文","1947","第2卷 第4期","17","上海"
"“浮提”(域外书市)","夏奈蒂","时与文","1947","第2卷 第3期","21","上海"
"岁暮杂感","凤子","时与文","1947","第2卷 第15期","9","上海"
"中国民族工业的国内市场问题","李紫翔","时与文","1947","第7期","7-9","上海"
"暹罗政变剖析","郑道传","时与文","1947","第2卷 第13期","11-13","上海"
"北平琐记","冶秋","时与文","1947","第9期","18-19","上海"
"对于文坛的又一风气的看法:谈短篇小说之不短及其它","茅盾","文萃","1945","第1期","11-12","上海"
"向人福斯学习","郭沫若","文萃","1945","第4期","13","上海"
"“民主”人(一)","洪深","文萃","1945","第4期","14-15","上海"
"毛遂","绀弩","文萃","1945","第4期","22-24","上海"
"家书:图","宋秉恒","文萃","1945","第8期","2","上海"
"民主和原子弹(本刊特稿)","袁水拍","文萃","1945","第8期","10","上海"
"火已经燃起来了(本刊特稿):胜利后的成都景象","何满子","文萃","1945","第12期","16-17","上海"
"美国的速度:图","伊戈斯","文萃","1945","第12期","2","上海"
"惨案特写","王季","文萃","1945","第11期","7-8","上海"
"聂耳的一生","徐嘉瑞","文萃","1945","第12期","18-23","上海"
"关于民主之实践(本刊特稿)","熊佛西","文萃","1945","第11期","5","上海"
"对不起，再没有事情好做了:图","摩斯","文萃","1945","第12期","2","上海"
"给收复区以新闻自由!","文萃","1945","第12期","11",NA,"上海"
"华北会变成第三次世界大战的桥梁吗?(本刊特稿)","钱端升 于友","文萃","1945","第12期","14-15","上海"
"从制止内战谈到政治协商会议","左舜生","文萃","1945","第12期","6-7","上海"
"王安石(名人评传)","郭沫若","文萃","1945","第11期","19-21","上海"
"鲁迅曾入光复会之考证","林辰","文萃","1945","第6期","12-15","上海"
"人类的尊严与教育的自由","翦伯赞","文萃","1945","第9期","14","上海"
"笔尖:人民变了","沙柯","文萃","1945","第9期","7","上海"
"立即召开政治会议","章伯钧","文萃","1945","第3期","8","上海"
"斯茉特莱记鲁迅(本刊特稿)","万歌","文萃","1945","第10期","15-19","上海"
"创作经验谈:我怎样写“春蚕”","茅盾","文萃","1945","第8期","13-14","上海"
"再见!:图","荒烟","文萃","1945","第10期","2","上海"
"廉洁图:图","余所亚","文萃","1945","第11期","2","上海"
"北方:图","沙清泉","文萃","1945","第8期","2","上海"
"黄金政策所表现之经济政策","马寅初","文萃","1945","第2期","13-15","上海"
"劫后柳州(竹画笔)","黎冰鸿","文萃","1945","第3期","1页","上海"
"满洲和大连的新任务","赛菲洛夫","文萃","1945","第11期","12-13","上海"
"对于今天时局的认识","邓初民","文萃","1945","第10期","3-4","上海"
"“民主”人(二)","洪深","文萃","1945","第5期","14-19","上海"
"吹笛猎人(童话)","袁水拍","文萃","1945","第7期","20","上海"
"新中国地图","金端苓","文萃","1945","第8期","1页","上海"
"民主政治与民主教育","邓初民","文萃","1945","第11期","17-18","上海"
"造成有声的中国","方与严","文萃","1945","第4期","5，10","上海"
"苏联的政治","王赣愚","文萃","1945","第10期","10-11","上海"
"论人民的军队","楚图南","文萃","1945","第5期","2-3","上海"
"谈被推与推人到历史上去","雪峰","文萃","1945","第6期","16-17","上海"
"如何才能全面而澈底的消弭内战?","邓初民","文萃","1945","第8期","3-4","上海"
"笔尖:原子弹政策","萧萧","文萃","1945","第5期","4","上海"
"中国民主运动的两条路线","邓初民","文萃","1945","第1期","16，20","上海"
"八年来中国民主的动向","罗隆基","文萃","1945","第2期","4-6，19","上海"
"爸爸回来了:图","荒烟","文萃","1945","第9期","2","上海"
"论印度尼西亚人民的解放运动","石啸冲","文萃","1945","第7期","2-6","上海"
"饥寒:图","廷霸","文萃","1945","第7期","3","上海"
"恋爱·结婚·家庭(本刊特稿)","陈愿","文萃","1945","第7期","18-19","上海"
"笔尖:这是什么意思?","陶伯","文萃","1945","第6期","4-5","上海"
"人民世纪与妇女解放","李公樸","文萃","1945","第5期","13","上海"
"调整期的经济恐慌","伍启元","文萃","1945","第4期","16-20","上海"
"笔尖:反对内战","源天","文萃","1945","第5期","4-5","上海"
"笔尖:民主?","悠然","文萃","1945","第6期","4","上海"
"美国军舰把黄浦江的水族挤上了码头:图","伊戈斯","文萃","1946","第16期","2","上海"
"时事周评:变与不变","晨","文萃","1946","第2卷 第1期","2","上海"
"中国必须办一次真正的选举","张东荪","文萃","1946","第15期","5-6","上海"
"国大代表必须重选","伍丹戈","文萃","1946","第16期","3-4","上海"
"打倒经济专政","马寅初","文萃","1946","第16期","9","上海"
"和平楼夜话","申公","文萃","1946","第38期","19-21","上海"
"痛悼民主战士李公朴先生:民主同盟、云南支部公告","文萃","1946","第39期","2",NA,"上海"
"痛悼民主战士李公朴先生:悼李公朴先生","章伯钧","文萃","1946","第39期","2-3","上海"
"政治协商会议前记(特稿)","刘宁","文萃","1946","第15期","23-24","上海"
"我穿上了绿衣:歌曲","钟绍锟 刘鹤云","文萃","1946","第15期","27","上海"
"痛悼民主战士李公朴先生:恐怖之城-昆明，李公朴先生被杀前后","胡笛","文萃","1946","第39期","3-6","上海"
"我怎样写“青铜时代”和“十批判书”(上)","郭沫若","文萃","1946","第13期","15-18","上海"
"陶行知四卖兴学","章回","文萃","1946","第13期","21","上海"
"时事周评:惊弓之鸟","洛","文萃","1946","第2卷 第10期","2","上海"
"萧红小传四","骆宾基","文萃","1946","第2卷 第9期","28-31","上海"
"论自由(本刊特稿)","李南山","文萃","1946","第18期","8-10","上海"
"第X回，宇宙圈原子造反珊瑚岛群丑表功","贺青","文萃","1946","第37期","18-19","上海"
"美国在中国的出路","拉铁摩尔 清涟","文萃","1946","第2卷 第9期","12-14","上海"
"迎阳光闪耀的新时代(本刊特稿)","柳迈之","文萃","1946","第18期","11-12","上海"
"巴黎的双簧","爱伦堡 荘予","文萃","1946","第2卷 第10期","16-17","上海"
"上海新闻记者为羊枣之死向政府抗议","文萃","1946","第16期","7",NA,"上海"
"湖南省参议会内幕:请人民来评判，它能代表民意吗?","高荘","文萃","1946","第37期","21-22","上海"
"时事周评:“革命运动”呢?","言","文萃","1946","第2卷 第7期","2","上海"
"时事周评:拼了它吧!","心","文萃","1946","第2卷 第7期","2","上海"
"廿一条要求!:成都新闻记者向政协会议提出","文萃","1946","第16期","6-7",NA,"上海"
"最近经济措施的检讨","方治平","文萃","1946","第15期","7-8","上海"
"时事周评:只要人民的力量在","城","文萃","1946","第2卷 第5期","2","上海"
"万湜思琐忆(本刊特稿)","谷新笵","文萃","1946","第14期","22-24","上海"
"兵不管秀才!","郭沫若","文萃","1946","第16期","6-7","上海"
"怀郁达夫先生(本刊特稿)","张白山","文萃","1946","第13期","22-23","上海"
"毒素侵蚀下的教育","光雨","文萃","1946","第14期","10-13","上海"
"上海杂志界联谊会致政协第三方面代表备忘录","文萃","1946","第2卷 第4期","34-35",NA,"上海"
"人民不死!记“一·一三”上海人民大游行","申由","文萃","1946","第15期","25-26","上海"
"时事周评:朂第三方面","诚","文萃","1946","第2卷 第6期","2","上海"
"时事周评:弗朗哥哪里去?","喜","文萃","1946","第2卷 第4期","2","上海"
"像煞有介事的土耳其:图","伊戈斯","文萃","1946","第16期","2","上海"
"丁聪兄绘现象图属题作歌","丁易","文萃","1946","第14期","14","上海"
"李大妈:歌曲","天风 乐里","文萃","1946","第13期","25","上海"
"都门侧影(南京通讯)","捷夫","文萃","1946","第38期","22-23","上海"
"战局转换的关键","丁静","文萃","1946","第2卷 第6期","11-13","上海"
"孙中山先生对于青年的爱护","柳亚子","文萃","1946","第14期","16-17","上海"
"闻羊枣弃世有感","叔梁仲谷?","文萃","1946","第16期","20-21","上海"
"杨杰将军论与世界中国","芜江","文萃","1946","第37期","6","上海"
"谈目前青年生活的几种偏向","傅岩","文萃","1946","第2卷 第7期","15-16","上海"
"停止读遗嘱的商榷","董时进","文萃","1946","第20期","12","上海"
"电钮·电钮","何满子","文萃","1946","第2卷 第10期","24-25","上海"
"谁是?谁非?:恳切的忠告(新华日报社论)","文萃","1946","第19期","9",NA,"上海"
"汤芗铭那里去了?","辛蘋","文萃","1946","第2卷 第9期","9-10","上海"
"时事周评:迎克利浦斯夫人","南","文萃","1946","第2卷 第2期","2","上海"
"悼念夏丐尊先生:记夏丐尊先生","傅彬然","文萃","1946","第28期","15-16","上海"
"假如内战全国爆发国民经济将会怎样?","文萃","1946","第36期","9",NA,"上海"
"“基地”与保护:图","雾城","文萃","1946","第36期","17","上海"
"平津在恐怖中","无意","文萃","1946","第32期","4","上海"
"青年党外史","陈永年","文萃","1946","第45期","15-16","上海"
"国民党的出路在那里","唐旻","文萃","1946","第32期","5-6","上海"
"慰问宣化店:军事三人小组视查中原军区随行记","冷眉","文萃","1946","第31期","13-18","上海"
"读者投书:被绞杀的西安文化界，李敷仁先生血案","文萃","1946","第31期","22",NA,"上海"
"黄鱼满天飞:歌曲","端木蕻良 舒模","文萃","1946","第37期","23","上海"
"过去与现在(二)法西主义与帝国主义，自由主义的考验(一)","雪峰","文萃","1946","第37期","16-17","上海"
"中国新纪元的开始:图","伊戈斯","文萃","1946","第17期","2","上海"
"老怕性随笔","虫豸","文萃","1946","第37期","5","上海"
"今后中学教育往那里走?","林砺儒","文萃","1946","第29期","11-13","上海"
"时事周评:第二大党","洛","文萃","1946","第2卷 第7期","2","上海"
"“母亲”在中国的命运:纪念革命大文豪高尔基七十八岁诞辰","夏衍","文萃","1946","第24期","14","上海"
"新闻集萃:人民那得不穷?等四篇","文萃","1946","第24期","7",NA,"上海"
"现在我们要开始检讨","茅盾","文萃","1946","第15期","13-14","上海"
"中国今后之经济建设","马寅初 公彦","文萃","1946","第25期","13-15","上海"
"从“封神演义”扯到佛朗哥","绀弩","文萃","1946","第13期","24","上海"
"中外文萃:未来事件的形态","文萃","1946","第2卷 第3期","27",NA,"上海"
"昆明在转变中","汀明","文萃","1946","第36期","22","上海"
"谁忽视了主要的事实?:质彭学沛","于怀","文萃","1946","第33期","5-6","上海"
"踏莎行:题丁聪兄现象图","叶圣陶","文萃","1946","第14期","14","上海"
"放眼看战场","公孙求知","文萃","1946","第48期","3-6","上海"
"闲话“东北问题”","萧军","文萃","1946","第21期","4-5","上海"
"内战·官僚资本·美货","史蒂文斯 小鱼","文萃","1946","第2卷 第7期","17-21","上海"
"辛亥革命新论","宋云彬","文萃","1946","第2卷 第1期","26-30","上海"
"打到何时为止?","蓝夫","文萃","1946","第41期","2-3","上海"
"走向战争的美国和国际形势","张铁生","文萃","1946","第49期","9-10","上海"
"时代并不悲哀:读雷海宗先生:“时代的悲哀”","张若水","文萃","1946","第39期","17-19","上海"
"论苏联音乐(本刊特稿)","Shostakovich，D. 白寒","文萃","1946","第14期","16-17","上海"
"中外文萃:过去与现在(三)","雪峰","文萃","1946","第38期","16","上海"
"马茨坦·磨坊·宪法","费孝通","文萃","1946","第29期","5-7","上海"
"过去与现在(四):美国对世界的领导","雪峰","文萃","1946","第39期","18-19","上海"
"论石东先生的漫画和洪遒先生的批评:一位读者的来信","世杞","文萃","1946","第2卷 第4期","25","上海"
"上海十月和谈记闻","王坪","文萃","1946","第2卷 第3期","29-30","上海"
"挽歌:歌曲","郭沫若 沙梅","文萃","1946","第41期","23","上海"
"民主大道我们开:歌曲","佚名 知更","文萃","1946","第40期","23","上海"
"略论陶行知主义","邓初民","文萃","1946","第49期","17-19","上海"
"文萃信箱:征求有效的办法，替臧大二子申冤，抢救失不儿童也不合法吗?剿匪标语触目惊心，西安积极准备内战","文萃","1946","第2卷 第2期","23",NA,"上海"
"向国民党说教","张雪岩","文萃","1946","第27期","15-16","上海"
"不得不防(元帅颂之二)","绿青","文萃","1946","第2卷 第8期","3-5","上海"
"永生的死!:记羊枣追悼会","申由","文萃","1946","第31期","19-20","上海"
"新闻集萃:何应钦如是说等二篇","文萃","1946","第26期","4",NA,"上海"
"时事杂感","萧扬","文萃","1946","第28期","10-12","上海"
"王小二检举不肖房东记","马凡陀","文萃","1946","第27期","18","上海"
"炮火声中的和平空气","李南山","文萃","1946","第45期","5-6","上海"
"摧毁封建堡垒:保甲制度","吕继芩","文萃","1946","第19期","2-4","上海"
"谁是?谁非?:致新华日报社的公开信(中央社)","文萃","1946","第19期","9-10",NA,"上海"
"时事周评:上台容易下台难","普","文萃","1946","第2卷 第4期","2","上海"
"读者投书:救救狱中人","文萃","1946","第30期","21-23",NA,"上海"
"时事周评:张先生已矣","戒","文萃","1946","第2卷 第8期","2","上海"
"时事周评:马歇尔何处去?","城","文萃","1946","第2卷 第7期","2","上海"
"萧红小传一","骆宾基","文萃","1946","第2卷 第6期","29-31","上海"
"美国与菲律宾独立","Chapman，A. 赵子骅","文萃","1946","第2卷 第8期","22-24","上海"
"请辞国民大会代表候选人:上国民政府主席书","王卓然","文萃","1946","第16期","4","上海"
"时事周评:马歇尔七七八八","南","文萃","1946","第48期","2","上海"
"一片反对警察“访问”击:警察巡查到府上","马凡陀","文萃","1946","第30期","13","上海"
"可怜的爸爸，妈妈!:图","文萃","1946","第23期","2",NA,"上海"
"萧红小传六","骆宾基","文萃","1946","第2卷 第11期","27-30","上海"
"悼念夏丐尊先生:从此不再听见他的声音","叶圣陶","文萃","1946","第28期","15","上海"
"停止反人民的战争:歌曲","黎洛","文萃","1946","第45期","23","上海"
"中外文萃:湘南的民变","林以孩","文萃","1946","第2卷 第3期","28","上海"
"时事周评:麻木还是忍耐?","起","文萃","1946","第2卷 第2期","2","上海"
"一个政治家的成长","法兰茜丝·潘金斯 清涟","文萃","1946","第2卷 第4期","18-22","上海"
"新闻集萃:“本党自由”，参议员的自由，公教人员大请愿，工厂复工加紧生产，要求免征反对征借，还是救自己","文萃","1946","第36期","23",NA,"上海"
"内战终必打不下去","章仪","文萃","1946","第35期","4，20","上海"
"佛朗哥政权之末日","黄药眠","文萃","1946","第23期","12-13","上海"
"民主日本的胎动","林焕平","文萃","1946","第21期","16-17","上海"
"评贝尔纳斯的演说(本刊特稿)","史天","文萃","1946","第21期","10-11","上海"
"为甚么蔷薇失去了娇艳?:歌曲","海湼 冰夫","文萃","1946","第19期","23","上海"
"论和平攻势与政治把戏","邓初民","文萃","1946","第2卷 第10期","9-10","上海"
"耶诞卡片上的两幅画","清涟","文萃","1946","第2卷 第11期","23","上海"
"真理必胜!:图","文萃","1946","第20期","2",NA,"上海"
"昆明各界庆祝政治协商会议成功，抗议重庆“二·一○”血案，坚持严惩“一二·一”祸首大会宣言(来件)","文萃","1946","第20期","20-21",NA,"上海"
"中国倒底有没有CC?","司徒必登","文萃","1946","第48期","22","上海"
"“我所知道的罗斯福”第四章，家庭中的罗斯福","法兰茜丝·潘金斯 清涟","文萃","1946","第2卷 第6期","16-19","上海"
"“华盛顿，别接错了龙头!”","王坪","文萃","1946","第38期","7-9","上海"
"文萃信箱:一位读者的鼓励信，十五岁的小伙子，受了洋兵的脚尖，洋兵们，回去吧!","劝青","文萃","1946","第2卷 第11期","31","上海"
"东北问题剖视(待稿)","丁一","文萃","1946","第21期","12-14","上海"
"时事周评:自治，制宪与行宪","夫","文萃","1946","第2卷 第10期","2","上海"
"流氓伎俩举隅(特稿)","西方朔","文萃","1946","第21期","21-22","上海"
"春草","端木蕻良","文萃","1946","第20期","12-13","上海"
"一个信号","荃麟","文萃","1946","第2卷 第10期","19-20","上海"
"制宪不如散会","公孙求之","文萃","1946","第2卷 第10期","3-5","上海"
"西安劳动营内幕","商新","文萃","1946","第2卷 第10期","26","上海"
"中国五大独占集团","陈翰笙","文萃","1946","第2卷 第11期","13-16","上海"
"混乱的皖东北","杨林","文萃","1946","第2卷 第11期","25-26","上海"
"陈嘉庚先生的二三事","建中","文萃","1946","第50期","35-36","上海"
"划时代的重大收获:二中全会圆满闭幕","文萃","1946","第23期","5-6",NA,"上海"
"时事周评:路在哪里?","中","文萃","1946","第50期","2","上海"
"诗的步武:从文汇报和大公报的诗特辑想起的","铁马","文萃","1946","第2卷 第9期","23-26","上海"
"时局测隐并告第三方面政协代表","马叙伦","文萃","1946","第2卷 第5期","6-8","上海"
"临沂五十天","赵则诚","文萃","1946","第2卷 第5期","21-24","上海"
"中外文萃:今日不宜兵役制","越缨","文萃","1946","第2卷 第3期","26","上海"
"上海监狱政治犯吁请释放(来件)","文萃","1946","第18期","12",NA,"上海"
"八桂船夫(素描):图","黎冰鸿","文萃","1946","第14期","2","上海"
"新闻集萃:军粮万急!等五篇","文萃","1946","第32期","12",NA,"上海"
"政治逆流在汇合起来(本刊特稿)","柳迈之","文萃","1946","第20期","3-4","上海"
"来件:为特务捣毁本报谨告社会","文萃","1946","第22期","21-22",NA,"上海"
"民主的进军!(待稿):记昆明“二·一七”各界万人示威大游行","右江","文萃","1946","第20期","14-15","上海"
"我向你们歌唱!:歌曲","冰夫","文萃","1946","第20期","23","上海"
"从议场到战场","公孙求之","文萃","1946","第2卷 第4期","3-5","上海"
"周信芳先生与平剧改革运动","田汉","文萃","1946","第50期","11-15","上海"
"墨水和血","(苏)爱伦堡 亚丹","文萃","1946","第44期","10-14","上海"
"蒋主席在“国大”演说","马叙伦","文萃","1946","第2卷 第10期","6-8","上海"
"新闻集萃:冒牌解放报等五篇","文萃","1946","第28期","14",NA,"上海"
"新国防军队与民主精神(本刊特稿)","湘渔","文萃","1946","第19期","5-8","上海"
"中外文萃:美对华政策与中国内战","(英)曼特斯特","文萃","1946","第41期","18","上海"
"中国要责任政府制","何思敬","文萃","1946","第32期","7-12","上海"
"来件:昆明各大中学学生为抗议任用“一二·一”惨案杀人犯李宗黄与争取合理解决“一二·一”惨案罢课宣言","文萃","1946","第22期","22",NA,"上海"
"“自食其言”的民社党","施复亮","文萃","1946","第2卷 第9期","8-10","上海"
"共和党获胜以后的美国","梁纯夫","文萃","1946","第2卷 第6期","14-15","上海"
"时事周评:不妨等著瞧","塔","文萃","1946","第48期","2","上海"
"司徒·司马·司空","公孙龙","文萃","1946","第46期","4-5","上海"
"双十节纪念特辑:一年间的认识","茅盾","文萃","1946","第2卷 第1期","20-21","上海"
"中外文萃:美国的武力政策","(苏)弗郎斯基","文萃","1946","第45期","18-19","上海"
"论顽固分子","夏康农","文萃","1946","第24期","10-11","上海"
"还乡记","守真","文萃","1946","第42期","14-15","上海"
"抗战八年胜利到:歌曲","荘严","文萃","1946","第42期","20","上海"
"国际干涉论","李启","文萃","1946","第42期","4-5","上海"
"新闻集萃:“都是第三者不好”","旦","文萃","1946","第43期","5","上海"
"暴戾的济南","鲁大昭","文萃","1946","第41期","22-23","上海"
"巴加斯坦:图","摩斯","文萃","1946","第13期","2","上海"
"风暴已经起来了!","李沛","文萃","1946","第33期","7","上海"
"论国民党的革新运动(本刊特稿)","宦乡","文萃","1946","第21期","3-4","上海"
"人权何在","周行","文萃","1946","第27期","11","上海"
"新闻集萃:新华中报的读者，陈嘉庚论内战与民主","文萃","1946","第47期","9",NA,"上海"
"过分的宣传","文萃","1946","第26期","8",NA,"上海"
"中外文萃:文汇报停刊事件","文萃","1946","第40期","18",NA,"上海"
"“岂能让人”?","陈白尘","文萃","1946","第18期","15","上海"
"中外文萃:安平镇事件","文萃","1946","第42期","11",NA,"上海"
"读者投书:“妇女”“孩子”也遭殃","文萃","1946","第31期","22-23",NA,"上海"
"中外文萃:XX派大官僚资本","徐方略","文萃","1946","第44期","15-16","上海"
"人所豢畜者","郭沫若","文萃","1946","第2卷 第8期","27","上海"
"时事周评:朂新的第三方面","言","文萃","1946","第2卷 第8期","2","上海"
"冼星海纪念歌:歌曲","马思聪","文萃","1946","第18期","25","上海"
"北平无春天:记中山公园音乐堂特务暴行案","无意","文萃","1946","第29期","19-23","上海"
"时事周评:史迪威之逝","沉","文萃","1946","第2卷 第2期","2","上海"
"现实·具体·生活","黎紫","文萃","1946","第28期","19-20","上海"
"追忆闻一多先生附图","杜迈之","文萃","1946","第50期","23-25","上海"
"诗人闻一多","刘芃如?","文萃","1946","第50期","26-27","上海"
"诺言与肥皂泡","秦牧","文萃","1946","第32期","23","上海"
"读了“李家荘的变迁”","郭沫若","文萃","1946","第49期","20","上海"
"观苏联之光","葛一","文萃","1946","第47期","18","上海"
"中外文萃:论今日我国经济问题的特质","郭大力","文萃","1946","第47期","19-20","上海"
"袁世凯的落难","辛蘋","文萃","1946","第47期","26","上海"
"__赖种种","荃麟","文萃","1946","第48期","13-14","上海"
"时事周评:“登记国”","南","文萃","1946","第49期","2","上海"
"惊涛骇浪一年间","梁纯夫","文萃","1946","第43期","11-12","上海"
"郁香严案侧闻","金家秀","文萃","1946","第47期","22-23","上海"
"时事周评:立法院所司何事","夫","文萃","1946","第48期","2","上海"
"党国分家?","捷夫","文萃","1946","第48期","17","上海"
"上海资金逃港内幕","赵元浩","文萃","1946","第48期","18-19","上海"
"东蒙古的无边瀚海(上)","刘白羽","文萃","1946","第47期","27-28","上海"
"来件:为田桂庭同学遭特务持枪威吓事件告同胞书","文萃","1946","第24期","22",NA,"上海"
"看青年党的戏","莫奇","文萃","1946","第45期","14-15","上海"
"可惜上海非纽约!“上海小姐”选举形色","申由","文萃","1946","第45期","20-22","上海"
"从伪报看当年事:汪政府治下的青年党","文萃","1946","第45期","17",NA,"上海"
"新闻集萃:李闻案凶手","耳","文萃","1946","第43期","5","上海"
"在英国见赠兵船十二艘有作","马凡陀","文萃","1946","第42期","4","上海"
"大选前夜的日本政局","思慕","文萃","1946","第24期","8-9","上海"
"论马司联合声明","李南山","文萃","1946","第43期","5-6","上海"
"提高人民生活:图","江苇","文萃","1946","第24期","2","上海"
"外汇颂(特稿):外汇开放后市面顿趋平定","马凡陀","文萃","1946","第21期","20","上海"
"政府必须实践诺言:昆明学生·教授将有新的表示","Canning，C.L. 丁一","文萃","1946","第22期","18-19","上海"
"我们在中国干些什么?","诺斯 张泉","文萃","1946","第35期","7-11","上海"
"使人窒息的“雪茄烟”味:图","陈烟桥","文萃","1946","第22期","2","上海"
"新闻集萃:鹿地亘夫妇返日等四篇","文萃","1946","第22期","4",NA,"上海"
"人民·政党·民生","费孝通","文萃","1946","第22期","14-15","上海"
"一个警察的申诉(来件)","文萃","1946","第21期","22",NA,"上海"
"时局文献:国共两党代表最近往来函件","文萃","1946","第28期","8-9",NA,"上海"
"我对当前时局的意见","孙宋庆龄","文萃","1946","第40期","2","上海"
"澈查南通事件真相(来件)","文萃","1946","第27期","22",NA,"上海"
"打开僵局","宦乡","文萃","1946","第28期","2-4","上海"
"戴爱莲之舞","萧鲲","文萃","1946","第45期","22","上海"
"曾琦北上之谜","慕曾","文萃","1946","第50期","38","上海"
"致美国有儿女的人们","陈白尘","文萃","1946","第50期","17","上海"
"杨主任的悲哀","叶有榆","文萃","1946","第24期","21","上海"
"中外文萃:是谁掌握美国?","文萃","1946","第50期","34",NA,"上海"
"时事周评:军火与和平","为","文萃","1946","第2卷 第1期","2","上海"
"为什么我写作?我为谁写作?","(法)罗曼罗兰 徐迟","文萃","1946","第16期","16","上海"
"工资争议的本质","稽古","文萃","1946","第27期","5-6","上海"
"指导:图","丁聪","文萃","1946","第27期","2","上海"
"新闻集萃:他看见农民翻身，马乘风暴富，民主运动地下化?","文萃","1946","第41期","5",NA,"上海"
"痛悼吾师闻一多先生","胡笛","文萃","1946","第40期","10-12","上海"
"这叫做“装腔作势”","乔木","文萃","1946","第41期","4-5","上海"
"中外文萃:不是什么，而是怎样!:上海俄文报“新生活”评美对华声明","文萃","1946","第41期","17",NA,"上海"
"中外文萃:谁杀死了我的爸爸?","闻立鵰 周立鹏","文萃","1946","第40期","17-18","上海"
"美国外交政策之史的考察","石啸冲","文萃","1946","第41期","6-7","上海"
"等于泰山崩:痛悼陶行知先生","陆诒","文萃","1946","第41期","9，23","上海"
"美式装备无用论","申由","文萃","1946","第41期","15-16","上海"
"中外文萃:中报评昆明暗杀案","文萃","1946","第40期","17-18",NA,"上海"
"中外文萃:各党派对李闻被杀案的反应","文萃","1946","第40期","16",NA,"上海"
"日警枪杀台人有感","纯青","文萃","1946","第41期","8，14","上海"
"重庆一月(本刊特稿)","刘宁","文萃","1946","第18期","13-15","上海"
"寂寞“文化城”:记今日桂林的文化教育","刘士伟","文萃","1946","第23期","20-21","上海"
"密勒氏评论报论孙夫人的呼吁","文萃","1946","第41期","18-19",NA,"上海"
"中外舆论:“一个人的家，就是他的宫殿”等三篇","文萃","1946","第30期","9-10",NA,"上海"
"是谁在辱国?谁在殃民?","吴晗","文萃","1946","第39期","11-14","上海"
"中外文萃:美军在华暴行录","文萃","1946","第49期","25-27",NA,"上海"
"无可奈何而歌","薛汕","文萃","1946","第25期","19-20","上海"
"英雄们向暴风雨飞去:歌曲","郭沫若 夏白","文萃","1946","第27期","23","上海"
"论时局","文萃","1946","第28期","7-9",NA,"上海"
"论提高政治水准","邓初民","文萃","1946","第20期","5-6","上海"
"忿恨之歌(李公朴先生):歌曲","杜宁 兼济","文萃","1946","第39期","24","上海"
"文萃信箱:内战打得紧青年怎么办?以行动对付行动，一位热诚的读者义务代本刊发行","文萃","1946","第2卷 第10期","31",NA,"上海"
"新闻集萃:“黑色即政府”，慰劳那一个?好战者无言，上海房产谁最多?","文萃","1946","第48期","6",NA,"上海"
"时事周评:问题的所在","年","文萃","1946","第2卷 第9期","2","上海"
"时事周评:坚持原则，再接再厉","城","文萃","1946","第2卷 第5期","2","上海"
"人权·逮捕·提审","费孝通","文萃","1946","第27期","7-9","上海"
"山居随笔","陈白尘","文萃","1946","第40期","21","上海"
"论反民主","绀弩","文萃","1946","第36期","13，18-19","上海"
"偶语记","何名","文萃","1946","第36期","21","上海"
"读唐弢先生编全集补遗后","景宋","文萃","1946","第2卷 第2期","14","上海"
"零食·清谈·知识份子","方迅","文萃","1946","第26期","20-21","上海"
"重庆自由导报被查禁事件始末(特稿)","章回","文萃","1946","第15期","11-12","上海"
"战局答问","丁静","文萃","1946","第2卷 第4期","6-10","上海"
"时事周评:蒋廷__事件","巳","文萃","1946","第2卷 第1期","2","上海"
"论“否决权”的意义","萨高老夫 岳光","文萃","1946","第2卷 第4期","15-17","上海"
"评国民党二中全会","文萃","1946","第23期","6-8",NA,"上海"
"学步者之招供","茅盾","文萃","1946","第46期","12-13","上海"
"五人会议是如何产生的","公孙求之","文萃","1946","第46期","2-3","上海"
"新闻集萃:东北接收之后，民何以堪!“整军”与“复员”，胆大的贪官，国库与党库，诺言底蕴之一，学校牢笼化","文萃","1946","第33期","22",NA,"上海"
"老怕性随笔","虫豸","文萃","1946","第38期","4","上海"
"高尔基论苏联红军(本刊特稿)","葆荃","文萃","1946","第20期","10-11","上海"
"我们需要和平","宦乡","文萃","1946","第33期","2-4","上海"
"我建议","郭沫若","文萃","1946","第18期","17","上海"
"从民盟活动看大局前途","申由","文萃","1946","第35期","5-6","上海"
"杂感","清涟","文萃","1946","第2卷 第2期","15","上海"
"我回到了上海","荃麟","文萃","1946","第46期","14","上海"
"中外文萃:费正清论中国时局真相","李嘉","文萃","1946","第50期","28-33","上海"
"新闻集萃:张张布要钱等二篇","文萃","1946","第35期","16，23",NA,"上海"
"抢救饥荒!","陈文川","文萃","1946","第34期","15-17","上海"
"无法无天","YT","文萃","1946","第21期","17","上海"
"驳宣铁吾局长","上海一市民","文萃","1946","第30期","4-5","上海"
"双十节纪念特辑:双十节纪念","郭沫若","文萃","1946","第2卷 第1期","20","上海"
"创造宣言","陶行知","文萃","1946","第41期","11","上海"
"对二中全会的观感:我们需要和平·安定·民主·进步","文萃","1946","第23期","8-9",NA,"上海"
"主权三论","农慕之","文萃","1946","第37期","7-8，19","上海"
"时事周评:杀人者有功","为","文萃","1946","第50期","2","上海"
"中外舆论:人民的愤怒:轰他出去!等四篇","文萃","1946","第30期","10-12",NA,"上海"
"牛的故事:图","尼龙","文萃","1946","第2卷 第11期","8-10","上海"
"论物价问题","卢作孚","文萃","1946","第23期","17-19","上海"
"停战背面","捷夫","文萃","1946","第35期","6","上海"
"黄水谣:歌曲","冼星海","文萃","1946","第17期","27","上海"
"送某将军赴美","田汉","文萃","1946","第18期","18","上海"
"政治协商会议里外之二(本刊特稿)","刘宁","文萃","1946","第17期","9-11","上海"
"东北问题复杂化了","李克明","文萃","1946","第32期","2-3","上海"
"一个东北人民抗日联军战士的控诉!:读大公报二月二十五日“中国要和东北共存亡”一文以后","冬麦","文萃","1946","第22期","5-9","上海"
"访问孙中原","屠西","文萃","1946","第44期","8-9","上海"
"重新展开的对内战争取和平运动","邓初民","文萃","1946","第2卷 第11期","6-7","上海"
"无涉与纯粹","诸葛玻","文萃","1946","第2卷 第3期","21-23","上海"
"战后国际新闻战","思慕","文萃","1946","第34期","10-12","上海"
"我们要高声唱!:歌曲","陈平 文纲","文萃","1946","第25期","23","上海"
"法西斯中国在建造中","史沫特莱","文萃","1946","第2卷 第8期","16-17","上海"
"五五宪草与建国大纲","马哲民","文萃","1946","第25期","4-5","上海"
"论当前的中国经济危机","许滌新","文萃","1946","第35期","17-18","上海"
"新阶段的任务(本刊特稿)","东方晦之","文萃","1946","第18期","4-5","上海"
"昆明学生复课以后","徐森","文萃","1946","第15期","17-18","上海"
"新旧之间:一段时间空白的超越","张子毅","文萃","1946","第29期","13-14","上海"
"空洞的话(本刊特稿)","胡风","文萃","1946","第13期","3","上海"
"华莱士路线与杜鲁门的两面政策","梁纯夫","文萃","1946","第48期","7-8","上海"
"时事周评:不幸中之幸事","言","文萃","1946","第2卷 第10期","2","上海"
"论民主与独裁","怀湘","文萃","1946","第23期","10-11","上海"
"时事周评:枪与民主","山","文萃","1946","第48期","2","上海"
"忆冼星海","马思聪","文萃","1946","第17期","21","上海"
"论第三次世界大战","杨伯恺","文萃","1946","第18期","6-7","上海"
"今年是何年?","易梧枝","文萃","1946","第19期","6","上海"
"重庆的几张报纸","龙之介","文萃","1946","第47期","25-26","上海"
"创建民主的思想·生活","怀湘","文萃","1946","第16期","12-13","上海"
"时事周评:此之谓民主","然","文萃","1946","第2卷 第5期","2","上海"
"昆明血案中光荣殉难的潘琰烈士:图","文萃","1946","第18期","2",NA,"上海"
"苏美公民间的一场笔战:原题:“答美国读者”","(苏)泰根 岳光","文萃","1946","第2卷 第6期","20-23","上海"
"十一月八日的新花样","公孙求之","文萃","1946","第2卷 第6期","3-6","上海"
"这是什么世界?","文萃","1946","第34期","21",NA,"上海"
"民立女中学生呼吁(来件)","文萃","1946","第20期","21-22",NA,"上海"
"我的爸爸(本刊特稿)","(美)克拉侖斯·戴 杨潮","文萃","1946","第16期","23-25","上海"
"中国还没有春天","黎纬北","文萃","1946","第26期","2-4","上海"
"从比基尼到巴黎","农慕之","文萃","1946","第38期","11-12","上海"
"人民应立刻注意宪法问题","胡冈","文萃","1946","第25期","3-4","上海"
"言论自由在今天","申由","文萃","1946","第44期","7","上海"
"“一二一”运动始末记","闻一多","文萃","1946","第2卷 第9期","17","上海"
"花开时节:歌曲","端木蕻良 佚名","文萃","1946","第29期","23","上海"
"“学习鲁迅的顽强性”","尚钺","文萃","1946","第2卷 第2期","12-13","上海"
"怎样消这个战斗的夏?","田汉","文萃","1946","第37期","14-18","上海"
"一片反对警察“访问”击:街头人语","街头人","文萃","1946","第30期","13","上海"
"明是非当自有清议始","邓之诚","文萃","1946","第47期","21","上海"
"中外文萃:美国操纵中国经济主权","廖蓋隆","文萃","1946","第48期","16","上海"
"“辱骂，决不是战斗!”给“文萃”编者，兼致华商报的一封信","洪遒","文萃","1946","第2卷 第3期","24-25","上海"
"茅盾先生谈“五四”","韩北屏","文萃","1946","第28期","20-21","上海"
"中国人民的最后抉择","柳迈之","文萃","1946","第23期","4-5","上海"
"时事周评:有什么办法?","蓝","文萃","1946","第50期","2","上海"
"时事周评:血与性命","奇","文萃","1946","第2卷 第8期","2","上海"
"从“江北难民”说起","范长江","文萃","1946","第36期","14","上海"
"祝:让黑暗留在后面，让落后永远不再围绕你的身边","陈烟桥","文萃","1946","第21期","10-11","上海"
"张百万(本刊特稿)","马凡陀","文萃","1946","第19期","22","上海"
"可耻的大公报社论","文萃","1946","第27期","17",NA,"上海"
"“新贵州”与杨森","黔首","文萃","1946","第35期","9-11","上海"
"时事周评:危机的深化","年","文萃","1946","第2卷 第9期","2","上海"
"时事周评:强身之术","洛","文萃","1946","第2卷 第4期","2","上海"
"时事周评:无话可说","深","文萃","1946","第2卷 第9期","2","上海"
"新闻萃集:言论自由?等四篇","文萃","1946","第27期","6",NA,"上海"
"“一二·一”运动的意义:纪念“一二·一”一周年","夏康农","文萃","1946","第2卷 第9期","16","上海"
"苏报评论中国问题","文萃","1946","第38期","14",NA,"上海"
"痛悼民主战士李公朴先生:沈钧儒谈李公朴","申由","文萃","1946","第39期","8","上海"
"拆穿“新舰队”","姚璋","文萃","1946","第42期","9-10","上海"
"时事周评:还太乐观","培","文萃","1946","第2卷 第8期","2","上海"
"陕西人民站起来了","于汎","文萃","1946","第35期","21","上海"
"流亡杂记","韩北屏","文萃","1946","第32期","19-21","上海"
"时事周评:陈纳德的对头","南","文萃","1946","第48期","2","上海"
"弹今吹古录君道章","萧军","文萃","1946","第32期","18-21","上海"
"“法统 的鬼崇","马叙伦","文萃","1946","第2卷 第9期","7","上海"
"国民党与“国民政府”及“中华民国”","施复亮","文萃","1946","第28期","5-6","上海"
"时事周评:戴高乐落空了","山","文萃","1946","第2卷 第2期","2","上海"
"争取和平，实现民主:歌曲","欧阳山尊 贺绿汀","文萃","1946","第35期","23","上海"
"掀起更高的反内战狂潮","李南山","文萃","1946","第36期","2-3","上海"
"怎样消这个战斗的夏?(三)","田汉","文萃","1946","第39期","20-21","上海"
"向公朴先生学习","陆诒","文萃","1946","第50期","18","上海"
"烟莱道上","李普","文萃","1946","第50期","37-38","上海"
"春天之歌","马凡陀","文萃","1946","第25期","12","上海"
"冯玉祥出洋","王坪","文萃","1946","第46期","17-18","上海"
"反内战的巨浪激动了上海","王坪","文萃","1946","第36期","4-6","上海"
"三八节与中国妇女","景宋","文萃","1946","第21期","15-16","上海"
"重庆值得留恋","郭沫若","文萃","1946","第30期","22","上海"
"五月是太阳:歌曲","梅滨","文萃","1946","第31期","23","上海"
"驳蒋介石","文萃","1946","第26期","5-8",NA,"上海"
"论中央社","赵则诚","文萃","1946","第34期","13-14","上海"
"时事周评:一百五十一与一","耻","文萃","1946","第2卷 第10期","2","上海"
"再谈谈“明是非张正气”","马叙伦","文萃","1946","第47期","10-13","上海"
"“这是你的战争”","清涟","文萃","1946","第2卷 第8期","26","上海"
"论地方自治","香汀","文萃","1946","第32期","9-11","上海"
"痛悼民主战士李公朴先生:踏著战士的血前进!:敬悼李公朴先生之死","田汉","文萃","1946","第39期","5-7","上海"
"新闻集萃:客观周刊向汉中读者道歉等四篇","文萃","1946","第17期","8",NA,"上海"
"读彭部长诗有感","莫道川","文萃","1946","第44期","12","上海"
"内战全面爆发了","李南山","文萃","1946","第44期","2-3","上海"
"时事周评:狐狸的尾巴","城","文萃","1946","第2卷 第4期","2","上海"
"张学良的惊喜与哀愁","申由","文萃","1946","第46期","11","上海"
"本号准时开幕:图","公隼","文萃","1946","第27期","2","上海"
"悼念夏丐尊先生:夏丐尊先生传略","文萃","1946","第28期","15",NA,"上海"
"环绕和会的美苏之争","梁纯夫","文萃","1946","第45期","8-9","上海"
"痛悼民主战士李公朴先生:坚定人必胜的信心:敬悼李公朴先生","周建人","文萃","1946","第39期","4-5","上海"
"香港浮雕(本刊特稿)","柳迈之","文萃","1946","第16期","16-18","上海"
"“你们死了，还有我们!”(昆明通讯):“一二·一”死难四烈士出殡公葬记","右江","文萃","1946","第24期","15-18","上海"
"经济的民主化(本刊特稿)","郑森禹","文萃","1946","第17期","5-6","上海"
"民主格言:仿朱柏庐治家格言","鹤父","文萃","1946","第20期","11","上海"
"双十节纪念特辑:庆祝双十话内战","徐盈","文萃","1946","第2卷 第1期","23","上海"
"新闻集萃:国新社恢复发稿等六篇","文萃","1946","第19期","4",NA,"上海"
"驻兵外国干什么?不过为了做强盗!","文萃","1946","第49期","27",NA,"上海"
"悼羊枣(密勒氏评论报)","文萃","1946","第18期","20",NA,"上海"
"华莱士辞职以后","梁纯夫","文萃","1946","第49期","11-12","上海"
"中外文萃:打破大学教授的精神枷锁","向林冰","文萃","1946","第48期","15","上海"
"“国大”开幕以后","公孙求之","文萃","1946","第2卷 第7期","3-4","上海"
"痛悼民主战士李公朴先生:死，不是结束，而是开始","吴晗","文萃","1946","第39期","7","上海"
"美国的魔手与最后裁决权","萧扬","文萃","1946","第34期","6，17","上海"
"痛悼民主战士李公朴先生:“李公朴先生惨遭暗杀-伤势过重于今晨五时廿分逝世，公朴先生之被杀为向人* 民进攻的信号，反动派将在昆施行恐怖政策”","文萃","1946","第39期","6-7",NA,"上海"
"虱子和大粪","李普","文萃","1946","第2卷 第3期","33-34","上海"
"苏皖边区的文化教育工作","刘季平","文萃","1946","第23期","14-16","上海"
"时事周评:究竟何处是好?","言","文萃","1946","第2卷 第9期","2","上海"
"我们为什么主张联合政府","沈若谷","文萃","1946","第14期","3-4","上海"
"韬奋·羊枣","宜闲","文萃","1946","第31期","20-21","上海"
"言论自由“兑现”广州当局摧残文化!","文萃","1946","第17期","15",NA,"上海"
"最近物价波动的透视(本刊特稿)","娄立斋","文萃","1946","第19期","15-16","上海"
"论军队国家化(上)","乔木","文萃","1946","第19期","17-19","上海"
"过去与现在","雪峰","文萃","1946","第36期","17-19","上海"
"时局的真相","李南山","文萃","1946","第39期","9-10","上海"
"时事周评:不要再上当了","郭","文萃","1946","第2卷 第8期","2","上海"
"迎春(本刊特稿)","吴祖光","文萃","1946","第16期","11","上海"
"“国大”开幕与进攻延安","刘移山","文萃","1946","第2卷 第8期","11-13","上海"
"青年党往何处去?","辛蘋","文萃","1946","第2卷 第6期","10","上海"
"美国进步力量的现状及展望","宦乡","文萃","1946","第2卷 第9期","11-13","上海"
"论经济危机","杨深","文萃","1946","第2卷 第7期","12-14","上海"
"蒋匀田的“三变”","辛蘋","文萃","1946","第2卷 第10期","24-25","上海"
"时事周评:朱学范事件","言","文萃","1946","第2卷 第8期","2","上海"
"嘱望英国","费孝通","文萃","1946","第26期","9-11","上海"
"葫芦依样旧阴谋:李闻血案又是如法泡制不名誉地了结了","昆明一记者","文萃","1946","第45期","12-13，22","上海"
"第三方面错在那里?","辛蘋","文萃","1946","第2卷 第5期","9-10","上海"
"新兴事业:图","丁聪","文萃","1946","第18期","2","上海"
"“我所知道的罗斯福”第五章，在战争中的几年","法兰茜丝·潘金斯 清涟","文萃","1946","第2卷 第7期","22-26","上海"
"我的肉呀!:图","丁聪","文萃","1946","第21期","2","上海"
"新闻集萃:卢汉出关，孙中原事件，何德奎的党派问题","文萃","1946","第42期","5",NA,"上海"
"美帝国主义对世界的威胁(下)","(美)福斯特 陈时臬","文萃","1946","第41期","20-21","上海"
"怀阳残堡(竹笔画):图","黎冰鸿","文萃","1946","第15期","2","上海"
"制止全面内战抑平米价物价:严重的经济危机","文萃","1946","第31期","5",NA,"上海"
"青菜甜","马凡陀","文萃","1946","第23期","21","上海"
"新生的苦痛","许杰","文萃","1946","第36期","7-9","上海"
"广州文化侧影","文萃","1946","第34期","8",NA,"上海"
"别让它遭灾害:歌曲","蒙沙 尤民湘","文萃","1946","第44期","23","上海"
"新闻集萃:香港华商报出版等三篇","文萃","1946","第15期","6",NA,"上海"
"文萃信箱:放弃“和平”的幻想，粉碎中美好战份子的企图","文萃","1946","第2卷 第4期","33",NA,"上海"
"上海文化界人士上蒋主席书","文萃","1946","第35期","22",NA,"上海"
"科学工作者的苦闷","江声","文萃","1946","第48期","9-11","上海"
"关于中国民主同盟","毅生","文萃","1946","第14期","7-9","上海"
"采访散记","洋场记者","文萃","1946","第43期","22","上海"
"反对内战!:歌曲","中大","文萃","1946","第38期","23","上海"
"美国对华政策之史的探讨","冯铸","文萃","1946","第37期","9-10","上海"
"时事周评:最后的和平攻势","培","文萃","1946","第2卷 第8期","2","上海"
"中国怎样打开对美贸易?(本刊特稿)","于友","文萃","1946","第17期","13","上海"
"萧红小传三","骆宾基","文萃","1946","第2卷 第8期","28-31","上海"
"钥匙之恋:图","丁聪","文萃","1946","第17期","2","上海"
"论诗歌工作者的自我改造","黄药眠","文萃","1946","第17期","19-21","上海"
"论两个划时代的政治集会","邓初民","文萃","1946","第2卷 第8期","9-10","上海"
"时事周评:比工商界更惨","先","文萃","1946","第2卷 第10期","2","上海"
"岁寒看战场","丁静","文萃","1946","第2卷 第9期","3-6","上海"
"争取全面的和平只有走政协的路","邓初民","文萃","1946","第2卷 第6期","7-9","上海"
"谁是?谁非?:给中央社的公开覆信(新华日报)","文萃","1946","第19期","10",NA,"上海"
"我的爸爸(二)","(美)克拉侖斯·戴 杨潮","文萃","1946","第17期","22-24","上海"
"狄托-南斯拉夫人民的领袖(本刊特稿)","Fielding，T.H. 苏儒","文萃","1946","第17期","16-18","上海"
"美国回头!","华慈 小鱼","文萃","1946","第2卷 第9期","14-15","上海"
"特务政治论:为李公朴闻一多二先生被害作","叶辛","文萃","1946","第40期","8-10","上海"
"北平的“文化扫荡”","子午","文萃","1946","第35期","7-8","上海"
"抛锚大合唱:歌曲","端木蕻良 马思聪","文萃","1946","第34期","23-22","上海"
"时事周评:忠奸原是一家","培","文萃","1946","第2卷 第1期","2","上海"
"八月","萧扬","文萃","1946","第47期","2-4","上海"
"看广州“地狱”(广州通讯)","唐棠","文萃","1946","第24期","19-21","上海"
"宣传:当兵为强身之本:[画图]","文魁","文萃","1946","第2卷 第7期","9","上海"
"赠爱人:歌曲","屠岸 叶雄","文萃","1946","第30期","23","上海"
"谈谈马凡陀的山歌","洁泯","文萃","1946","第2卷 第10期","20-23","上海"
"迎马歇尔将军","李启","文萃","1946","第27期","3-4，22","上海"
"制止全面内战抑平米价物价:起来，制止反动派全国内战阴谋!","文萃","1946","第31期","2",NA,"上海"
"人民需要民主和平","稽古","文萃","1946","第25期","6-8","上海"
"中外文萃:中外各方检讨美国对华政策","文萃","1946","第37期","11-13",NA,"上海"
"民主建国会向政治协商会议提供第二次意见(来件)","文萃","1946","第17期","12",NA,"上海"
"保卫政协决议","邓初民","文萃","1946","第24期","4","上海"
"退出中国","弗德力克·弗尔德 邵眉","文萃","1946","第49期","13","上海"
"“你们不怕流血吗”?","文萃","1946","第32期","13-15",NA,"上海"
"新闻集萃:共产党员的“资格”等三篇","文萃","1946","第21期","19",NA,"上海"
"上海的两件笨事(文汇报)","文萃","1946","第18期","21",NA,"上海"
"政治协商会议里外(本刊特稿)","刘宁","文萃","1946","第16期","14-15","上海"
"时事周评:我们怨谁呢?","南","文萃","1946","第2卷 第5期","2","上海"
"招魂(哀悼昆明四烈士):歌曲","冯至 赵沨","文萃","1946","第24期","23","上海"
"质宋子文先生:兼论中小工厂自救的意义","钟灵","文萃","1946","第19期","11-12","上海"
"时事周评:何有于民主?","民","文萃","1946","第2卷 第8期","2","上海"
"基本教练:图","绿青","文萃","1946","第2卷 第10期","18-22","上海"
"中国外交与美苏关系(本刊特稿)","史坦因 于友","文萃","1946","第16期","10-11","上海"
"初到解放区","赵则诚","文萃","1946","第2卷 第4期","30-32","上海"
"谈改变","丁易","文萃","1946","第42期","15","上海"
"李泽是这样垮台的!(本刊特稿)","王坪","文萃","1946","第15期","15-16","上海"
"一片反对警察“访问”击:屋里有人吗?","文萃","1946","第30期","13",NA,"上海"
"大公报七十二变","方力","文萃","1946","第2卷 第2期","19-21","上海"
"时事周评:悲凉之外","培","文萃","1946","第2卷 第7期","2","上海"
"“四海无闲田”:图","丁聪","文萃","1946","第23期","2","上海"
"烟台漫步","李普","文萃","1946","第2卷 第5期","21-24","上海"
"终会有这末一天:薪水用麻袋装:图","文萃","1946","第20期","2",NA,"上海"
"东北人民需要什么?","宇文宙","文萃","1946","第17期","3-4","上海"
"真打和假谈","公孙求之","文萃","1946","第49期","3-5","上海"
"时事周评:不涨才怪，一万三，愤慨与忠告，党的关连，神经病流行，伟大的遗教，说了所想说的","文萃","1946","第2卷 第11期","2",NA,"上海"
"新闻集萃:马歇尔如何挽出司徒雷登?傅泾波是什么人?周济道手里的王牌，罗隆基讲故事","申由","文萃","1946","第44期","13-14","上海"
"为控告一二·一惨案杀人罪犯，呈国民政府军事委员会告诉状","文萃","1946","第15期","19-22，26",NA,"上海"
"咏雪词话","锡金","文萃","1946","第26期","16-18","上海"
"教育界真希冀平静无事么?","林砺儒","文萃","1946","第26期","15-16","上海"
"“拖”:有一种战术，叫做“拖”","荃麟","文萃","1945","第4期","12","上海"
"论“政治协商会议”","孟南","文萃","1945","第6期","3-5，8","上海"
"民族文化的大危机:如何击退颓风开展文化的新运","茅盾","文萃","1945","第2期","10-12","上海"
"笔尖:要认清楚","沙柯","文萃","1945","第4期","4-5","上海"
"北平通讯:华服下的疮疤","张申府","文萃","1945","第6期","22-23","上海"
"笔尖:言慧珠呵!","萧萧","文萃","1945","第7期","5","上海"
"中国戏剧中的新旧女性","阳翰笙","文萃","1945","第6期","18-21","上海"
"关于政治协商会议:邵子力，王若飞，张澜，黄炎培，章伯钧","文萃","1945","第7期","8-10",NA,"上海"
"原子弹管制诸问题(本刊特稿)","于友","文萃","1945","第7期","7","上海"
"__鹭树(本刊特稿)","端木蕻良","文萃","1945","第6期","10","上海"
"复员声中的工业问题(本刊特稿)","龙季子","文萃","1945","第2期","16-17","上海"
"你们在干什么?:歌曲","仁荪 方丁","文萃","1945","第7期","22","上海"
"林语堂博士在美国搞些什么?","余林","文萃","1945","第2期","10-11","上海"
"漫画家笔下的战争(本刊特稿)","黄茅","文萃","1945","第4期","21","上海"
"谈谈戏剧检查","吴祖光","文萃","1945","第7期","14","上海"
"笔尖:合理与合法","陶伯","文萃","1945","第5期","5","上海"
"东北文化协会对当前国是的主张(来件)","文萃","1945","第12期","4-5",NA,"上海"
"蓝色的忧郁","端森蕻良 于殷","文萃","1945","第11期","24","上海"
"笔尖:管制日本","萧萧","文萃","1945","第4期","4","上海"
"八年抗战在思想上的成就(本刊特稿)","夏康农","文萃","1945","第3期","12-14","上海"
"论新德国的生长","农慕之","文萃","1945","第3期","9-11","上海"
"女人和女作家","葛琴","文萃","1945","第3期","16-17","上海"
"统制经济与官僚资本应该休息了","韦康","文萃","1945","第4期","8-9","上海"
"工业界的呼吁(来件)","文萃","1945","第4期","9-10",NA,"上海"
"狗道主义举隅","绀弩","文萃","1945","第2期","20","上海"
"永恒的纪念与景仰","茅盾","文萃","1945","第3期","19-21","上海"
"质中共","文萃","1945","第10期","6-7",NA,"上海"
"新法国的文学(本刊特稿)","(法)·安德兰罗素 孙源","文萃","1945","第5期","20","上海"
"本刊特稿:南斯拉夫，波兰的镜子:献给新民主运动的典型","思慕","文萃","1945","第2期","7-9","上海"
"苗寨汉家女(本刊特稿)","韩北屏","文萃","1945","第8期","20-23","上海"
"保障剧作家创作自由的建议(本刊特稿)","欧阳予倩","文萃","1945","第9期","8-9","上海"
"最后一颗子弹(本刊特稿)","荒烟","文萃","1945","第6期","1页","上海"
"屋荒，屋荒!到处都是屋荒!敬礼，蜗牛与螺蛳!(本刊特稿)","秦牧","文萃","1945","第5期","24","上海"
"进步赞","郭沫若","文萃","1945","第12期","17","上海"
"学习怎样运用自由","(英)马可里 陶行知","文萃","1945","第5期","17","上海"
"秋收:姜步畏家史四卷之一","骆宾基","文萃","1945","第10期","19-21","上海"
"笔尖:不要再吃了","陶伯","文萃","1945","第3期","4","上海"
"晚歌(本刊特稿)","端木蕻良 (瑞士)G·凯勒","文萃","1945","第5期","7","上海"
"你这个坏东西:歌曲","舒模","文萃","1945","第12期","24","上海"
"何以人心思汉?","张恨水","文萃","1945","第7期","12","上海"
"从法国普选看世界潮流","李复康","文萃","1945","第6期","7-8","上海"
"在歧路上的日本","绿川英子","文萃","1945","第1期","6-7","上海"
"大勇者的精神","萧军","文萃","1945","第1期","17-19","上海"
"贵阳通讯:再过一个冬天","叶帆","文萃","1945","第7期","21","上海"
"论中苏同盟","乔木","文萃","1945","第1期","3-5","上海"
"读了左舜生先生“从制止内战谈到政治协商会议”以后","邓初民","文萃","1945","第12期","8-9","上海"
"关于和平建国方案","章伯钧","文萃","1945","第11期","4","上海"
"应该让越南自由独立(本刊特稿)","励吾","文萃","1945","第3期","2","上海"
"苏联青年与爱国战争","焦敏之","文萃","1945","第5期","8-9","上海"
"芬兰小姐:大时代的小女性之一","胡春冰","文萃","1945","第5期","23","上海"
"麦克阿瑟扯谈","纯青","文萃","1946","第47期","5","上海"
"我对西洋文明的观感","文幼章","文萃","1946","第50期","9-10","上海"
"为羊枣冤狱谨告新闻界同业","杨刚","文萃","1946","第27期","19","上海"
"流亡杂记:夜渡苗岭(续)，风雪八万山","韩北屏","文萃","1946","第33期","17-19","上海"
"停水之前(陪部特写):图","王琦","文萃","1946","第14期","2","上海"
"我们的抗议:告广州市当局","文萃","1946","第17期","14",NA,"上海"
"黄季陆其人","兴隆","文萃","1946","第2卷 第3期","31-32","上海"
"新闻集萃:如此学校等三篇","文萃","1946","第32期","17",NA,"上海"
"政协决定，不准推翻!:歌曲","洪冰 孙慎","文萃","1946","第2卷 第5期","27","上海"
"时事周评:使人胡涂","塔","文萃","1946","第50期","2","上海"
"时事周评:这算什么国家?","希","文萃","1946","第2卷 第10期","2","上海"
"记华中民主联军","赵则诚","文萃","1946","第2卷 第7期","27-28","上海"
"特务·暴力·法律","费孝通","文萃","1946","第31期","6-8","上海"
"谈判生涯老了周恩来","曾敏之","文萃","1946","第31期","9-11","上海"
"中外文萃:南京和谈经纬","文萃","1946","第2卷 第4期","26-27",NA,"上海"
"“中国之命运”在美国的出版竞赛","爱德华·罗卜 章麟","文萃","1947","第2卷 第21期","24-25","上海"
"解放区旅行记","田风","文萃","1947","第2卷 第19期","28-31","上海"
"时事周评:劝工大楼惨案，打到何时?山穷水尽的绝境","文萃","1947","第2卷 第19期","2",NA,"上海"
"新疆又不稳了","本源","文萃","1947","第2卷 第18期","11-14","上海"
"论中国新预算","小鱼","文萃","1947","第2卷 第14期","19","上海"
"豫皖苏鲁战场全图","临江","文萃","1947","第2卷 第20期","10","上海"
"时事周评:改组不易，解决在战场，美国如何呢?趁火打劫之类","文萃","1947","第2卷 第18期","2",NA,"上海"
"兵役和他们","金近","文萃","1947","第2卷 第20期","33-35","上海"
"周末散记:为人民的方向，如芒刺背的“民主短简”，“小市民趣味”","洁泯","文萃","1947","第2卷 第22期","25-27","上海"
"中国经济地位的没落","小鱼","文萃","1947","第2卷 第21期","10-12","上海"
"好莱坞的帝国主义","福斯脱 余平","文萃","1947","第2卷 第20期","27-29","上海"
"中国人对莫斯科会议的意见","邓初民 艾寒松 张絅伯","文萃","1947","第2卷 第20期","11-19","上海"
"周末散记","洁泯","文萃","1947","第2卷 第21期","27-28","上海"
"大原则之外","虞挺英","文萃","1947","第2卷 第22期","19-20","上海"
"时事周评:台湾事件的背景，宋子文去后，破釜沉舟么?","文萃","1947","第2卷 第22期","10-12",NA,"上海"
"一个美国人看:中国学生抗暴运动","公彦","文萃","1947","第2卷 第15/16期","15-20","上海"
"劳资合作共渡年关","移山","文萃","1947","第2卷 第12/13期","26-29","上海"
"罗辛格“评中国之怒吼”","清涟","文萃","1947","第2卷 第17期","11-13","上海"
"新高潮前夕的斗争形势","萧超","文萃","1947","第2卷 第22期","2-7","上海"
"游苏日记(二)","茅盾","文萃","1947","第2卷 第21期","17-19","上海"
"国共战争胜败管窥(上)","张志龢","文萃","1947","第2卷 第20期","7-9","上海"
"中立·调和与中间派","施复亮","文萃","1947","第2卷 第12/13期","18-20","上海"
"时事周评:新的起点，“国大财”，路路不通，微妙的民社党，党与总预算，张学良如何?真假之分","文萃","1947","第2卷 第14期","2",NA,"上海"
"美国军国主义的抬头","(苏)葛拉克條诺夫少将 岳光","文萃","1947","第2卷 第14期","20-22","上海"
"九万三千亿的大预算","杨深","文萃","1947","第2卷 第14期","15-18","上海"
"论沈从文的“从现实学习”","杨华","文萃","1947","第2卷 第12/13期","38-41","上海"
"三十六年国内政局的动态","张絅伯","文萃","1947","第2卷 第12/13期","15-17","上海"
"美国式的中立(上海密勒氏评论报社论)","清涟","文萃","1947","第2卷 第12/13期","21-22","上海"
"一月战场","秦上校","文萃","1947","第2卷 第17期","8-10","上海"
"美国内幕谈之二:美国人民的“屋底梦”","古琹","文萃","1947","第2卷 第17期","14-17","上海"
"从“天堂”说起","王玫","文萃","1947","第2卷 第15/16期","55-58","上海"
"就经济而言经济，是乎否乎?","马寅初","文萃","1947","第2卷 第15/16期","39","上海"
"臧克家的“宝贝儿”","李白凤","文萃","1947","第2卷 第15/16期","54-58","上海"
"害人精","马凡陀","文萃","1947","第2卷 第14期","32","上海"
"和平攻势内幕两则","辛蘋","文萃","1947","第2卷 第15/16期","4-6","上海"
"为人民的文艺","令狐玄","文萃","1947","第2卷 第19期","20-22","上海"
"时事周评:和平运动，西沙群岛之争，中美亲善又一例，大票发出之后，五年经济计划，今年的“一·二八”","文萃","1947","第2卷 第17期","2",NA,"上海"
"东北劫收后的歌谣","薛汕","文萃","1947","第2卷 第22期","28-30","上海"
"迎向爱国民主运动的新时期","公孙求之","文萃","1947","第2卷 第21期","3-6","上海"
"从两部影片看一个方向:“遥远的爱”和“八千里路云和月”","方滨","文萃","1947","第2卷 第22期","21-24","上海"
"美国电影的迷魂阵","清涟","文萃","1947","第2卷 第14期","35-38","上海"
"中国人对莫斯科会议的意见","文萃","1947","第2卷 第21期","20-23",NA,"上海"
"打得石头出火","李白凤","文萃","1947","第2卷 第20期","31-32","上海"
"在困苦中挣扎的上海剧坛","俞晨","文萃","1947","第2卷 第20期","30-32","上海"
"苏北战地见闻","方裕之","文萃","1947","第2卷 第21期","29-30","上海"
"序白毛女","郭沫若","文萃","1947","第2卷 第21期","26","上海"
"论中国的自由主义者","杜迈之","文萃","1947","第2卷 第22期","8-12","上海"
"局面怎样变好?","景宋","文萃","1947","第2卷 第15/16期","7-9","上海"
"大闹天宫","观者","文萃","1947","第2卷 第12/13期","48","上海"
"诗工作的道路:洁泯“谈谈马凡陀的山歌”读后","金大均","文萃","1947","第2卷 第12/13期","46-48","上海"
"广州三千人之狱","花西里","文萃","1947","第2卷 第12/13期","50-52","上海"
"美军在华暴行的责任","马叙伦","文萃","1947","第2卷 第14期","23-25","上海"
"举国人民要求美军即刻退出","马寅初","文萃","1947","第2卷 第14期","26","上海"
"愤怒的古城","于干","文萃","1947","第2卷 第14期","30-34","上海"
"谈高中集训","张志龢","文萃","1947","第2卷 第19期","12-13","上海"
"缩小了的人头","清涟","文萃","1947","第2卷 第18期","32-34","上海"
"上海俄文新生命日报，评北平美军暴行:原题:丑恶的庇护者","吴靱","文萃","1947","第2卷 第17期","28-30","上海"
"诗二首:破裂，拆洋烂污","马凡陀","文萃","1947","第2卷 第18期","34","上海"
"美军暴行与胡适博士的态度","乔风","文萃","1947","第2卷 第15/16期","44","上海"
"马歇尔离华的声明","马叙伦","文萃","1947","第2卷 第15/16期","10-13","上海"
"淮阴行","小蒂","文萃","1947","第2卷 第15/16期","61-63","上海"
"访李济深将军","金家秀","文萃","1947","第2卷 第15/16期","59-60","上海"
"拟寓言四篇","雪峰","文萃","1947","第2卷 第15/16期","48-49","上海"
"清算(报告文学)","刘火子","文萃","1947","第2卷 第15/16期","50-53","上海"
"新春话时局","丁静","文萃","1947","第2卷 第17期","3-7","上海"
"“三民主义”这个词可否用在宪法上","一公","文萃","1947","第2卷 第17期","39","上海"
"文萃信箱:远在东北的本刊读者，抗议一连串的暴行","文萃","1947","第2卷 第21期","31",NA,"上海"
"史达林访问记","伊利奥特·罗斯福 小鱼","文萃","1947","第2卷 第20期","20-23","上海"
"生活可以冻结吗?","王玫","文萃","1947","第2卷 第22期","26-27","上海"
"静静的北平","流哨","文萃","1947","第2卷 第12/13期","51-52","上海"
"时事周评:变不变?对内加紧，如何了局呢?","文萃","1947","第2卷 第21期","2",NA,"上海"
"经济危机与“紧急措施”","施复亮","文萃","1947","第2卷 第21期","7-12","上海"
"文萃信箱:为了本刊一张地图，一位读者竟遭非法拘捕:读者家属亚函向社会呼吁","文萃","1947","第2卷 第20期","35",NA,"上海"
"教育工作中的偶得","徐迟","文萃","1947","第2卷 第12/13期","33-34","上海"
"时事周评:跳出火坑吧，教育上的奴化，为何怀欲肩此末稍","文萃","1947","第2卷 第20期","2",NA,"上海"
"法西斯帮凶的嘴脸:评“中坚”半月刊所谓中产阶级革命运动","杜迈之","文萃","1947","第2卷 第20期","24-26","上海"
"行列，浙东小景一","何家槐","文萃","1947","第2卷 第15/16期","45-47","上海"
"冷与甘","郭沫若","文萃","1947","第2卷 第12/13期","45","上海"
"地下的笑声","郭沫若","文萃","1947","第2卷 第17期","35-38","上海"
"笔和剑","臧克家","文萃","1947","第2卷 第12/13期","49","上海"
"文萃信箱:展开国民党的新生运动:首都一群国民党员对同志们的恳挚号召，解决国是的办法","新生","文萃","1947","第2卷 第17期","42-43","上海"
"我们为什么不了解苏联?","斯诺 钱华","文萃","1947","第2卷 第22期","13-18","上海"
"两个战场，两种攻势","丁静","文萃","1947","第2卷 第14期","7-11","上海"
"由日本倒阁说起","纯青","文萃","1947","第2卷 第15/16期","8-9","上海"
"无题:图","深恨","文萃","1947","第2卷 第12/13期","36-40","上海"
"时事周评:马歇尔走了，声明中的阴谋，马歇尔的新职，顾大使可以休矣，所谓大连问题，“水”的利用","文萃","1947","第2卷 第15/16期","2",NA,"上海"
"论工作三病:“拖”“乱”“浅”","孟启予","文萃","1947","第2卷 第12/13期","30-32","上海"
"关于马凡陀的山歌","涵默","文萃","1947","第2卷 第19期","24-27","上海"
"从中国心脏发出的批战","(美)费正清 满潮","文萃","1947","第2卷 第17期","11-13","上海"
"从马歇尔声明看美国对华政策的动向","吴争","文萃","1947","第2卷 第15/16期","17-21","上海"
"美国怎样控制太平洋?","潘朗","文萃","1947","第2卷 第15/16期","33-38","上海"
"闻一多先生的几封信","臧克家","文萃","1947","第2卷 第19期","17-19","上海"
"国共战争胜败管窥(下)","张志龢","文萃","1947","第2卷 第21期","13-16","上海"
"游苏日记1","茅盾","文萃","1947","第2卷 第12/13期","42-44","上海"
"步步高升:图","老马","文萃","1947","第2卷 第19期","16","上海"
"恭喜发财，官僚资本家","杨时","文萃","1947","第2卷 第15/16期","40-41","上海"
"从较场口到劝工大楼","施复亮","文萃","1947","第2卷 第19期","7-9","上海"
"美国对华干涉政策的真实凭据","陈其瑗","文萃","1947","第2卷 第18期","15-18","上海"
"教育山歌","徐迟 丁聪","文萃","1947","第2卷 第17期","40-41","上海"
"总崩溃中的经济紧急措施方案","骆何民","文萃","1947","第2卷 第20期","3-6","上海"
"经济市场的新春战役","杨培新","文萃","1947","第2卷 第19期","14-16","上海"
"当宪法公布的时候","叶岚","文萃","1947","第2卷 第12/13期","3-5","上海"
"论最近战局","丁静","文萃","1947","第2卷 第19期","3-6","上海"
"马歇尔将军所负的使命是什么?","张絅伯","文萃","1947","第2卷 第15/16期","14-17","上海"
"美国反苏真相","乔木","文萃","1947","第2卷 第15/16期","22-32","上海"
"忆柔石:纪念柔石遇难十六周年","林淡秋","文萃","1947","第2卷 第18期","32-35","上海"
"臧大咬子传","唐海 米谷","文萃","1947","第2卷 第18期","19-31","上海"
"论一九四六年","丁静","文萃","1947","第2卷 第12/13期","6-9，14","上海"
"记上海学生抗暴大游行","王坪","文萃","1947","第2卷 第14期","27-29","上海"
"调整汇率?发行新币?低利贷款?论目前的经济混乱局面","杨深","文萃","1947","第2卷 第12/13期","23-29","上海"
"戳破傅斯年的胰子泡","夏康农","文萃","1947","第2卷 第12/13期","35-38","上海"
"民国卅五年回顾和民国卅六年的展望","马凡陀","文萃","1947","第2卷 第12/13期","45-48","上海"
"时事周评:“行宪”的先声，民盟的前途，下一出戏呢?倒风的后面，迎一九四七年","文萃","1947","第2卷 第12/13期","2",NA,"上海"
"打仗，打仗，打仔还要打!","陆吉平","文萃","1947","第2卷 第12/13期","49","上海"
"关于“八千里路云和月”","邑郡","文萃","1947","第2卷 第22期","21-24","上海"
"文萃信箱:中外出版社北平分社工作人员被捕详情，采取集体订阅办法帮助“文萃”的发行","文萃","1947","第2卷 第22期","31",NA,"上海"
"内战威胁下的中国经济","纪明 张锡昌 秦柳方","文萃","1947","第2卷 第14期","12-18","上海"
"人造游民(元帅颂之五):图","绿青","文萃","1947","第2卷 第15/16期","33-38","上海"
"传单广告，都不可靠，欲明真假，敬请比较!:图","同衡","文萃","1947","第2卷 第14期","24-25","上海"
"起来，把美军赶出去!:歌曲","李乃聪","文萃","1947","第2卷 第14期","39","上海"
"清理胡适之的脉络","夏康农","文萃","1947","第2卷 第17期","18-34","上海"
"新缪司九神礼赞","郭沫若","文萃","1947","第2卷 第14期","3-6","上海"
"内战一年","农慕之","文萃","1947","第2卷 第12/13期","10-14","上海"
"致马歇尔将军","亦门","文萃","1947","第2卷 第19期","20-31","上海"
"较场口搬演到上海:记“二·九”爱用国货惨案","王坪","文萃","1947","第2卷 第19期","8-11","上海"
"政协决议是中国的大宪章","张絅伯","文萃","1947","第2卷 第18期","7-12","上海"
"如何创建新的“第三方面”","范尧峰","文萃","1947","第2卷 第12/13期","18-20","上海"
"再问胡适","亦门","文萃","1947","第2卷 第17期","19-24","上海"
"论苏皖战场","丁静","文萃","1947","第2卷 第15/16期","3-6","上海"
"滚吧，美国兵!","金近","文萃","1947","第2卷 第14期","27-29","上海"
"再谈马凡陀的山歌","洁泯","文萃","1947","第2卷 第14期","35-38","上海"
"你还没睡啊","何家槐","文萃","1947","第2卷 第22期","29","上海"
"给新诗的旧观念者们","臧克家","文萃","1947","第2卷 第15/16期","45-47","上海"
"如何实施真正的和平","叶岚","文萃","1947","第2卷 第18期","3-6","上海"
"正在展开中之史学的反动倾向","翦伯赞","文萃","1947","第2卷 第15/16期","42-43","上海"
"不得了(外四章)","臧克家","文萃","1947","第2卷 第20期","34","上海"
"萧红小传(续完)","骆宾基","文萃","1947","第2卷 第12/13期","53-57","上海"
"论美国对华政策","费孝通","文萃","1945","第8期","5-6","上海"
"他的每一个血轮都是逆转的","臧克家","文萃","1945","第5期","21-22","上海"
"审凶旁听席上","一记者","文萃","1945","第11期","11","上海"
"我们反对内战:歌曲","文萃","1945","第6期","1页",NA,"上海"
"本刊特译稿:毕生做傀儡的可怜虫-溥仪","布拉克尼 许超","文萃","1945","第3期","22-24","上海"
"笔尖:我们也要平价报纸","源天","文萃","1945","第9期","6-7","上海"
"论收复区的经济危机","方治平","文萃","1945","第12期","10","上海"
"略论法币对伪储备券的比率(本刊特稿)","凌端仁","文萃","1945","第6期","9-10","上海"
"孤独(木刻):图","新波","文萃","1945","第11期","2","上海"
"命令你们停战","绀弩","文萃","1945","第6期","6","上海"
"笔尖:一个预测","萧余","文萃","1945","第9期","6","上海"
"鲁迅先生九周年祭","柳亚子","文萃","1945","第5期","10-12","上海"
"国际政治与国内政治之相互关系","张君劢","文萃","1945","第4期","3-4","上海"
"笔尖:满意与不满意","源天","文萃","1945","第6期","5","上海"
"当前农村民治问题(本刊特稿)","秦柳方","文萃","1945","第4期","11-12","上海"
"新闻自由运动检讨(本刊特稿)","康特古柏 于友","文萃","1945","第9期","11","上海"
"鲁迅先生的香烟(本刊特稿):纪念鲁迅先生逝世九周年","景宋","文萃","1945","第3期","18","上海"
"当心日伪的政治地雷(本刊特稿)","邵慎之","文萃","1945","第7期","15-16","上海"
"原子弹","乔木","文萃","1945","第8期","7-10","上海"
"读画随笔:大涤草堂图等三篇","黄茅","文萃","1945","第8期","15-16","上海"
"历史画之感(本刊特稿)","黄茅","文萃","1945","第3期","20","上海"
"追怀罗斯福","陈之骥","文萃","1945","第9期","23","上海"
"东北的消息:东北现在已经冰雪铺地，温度在摄氏零十五度以下","文萃","1945","第12期","15",NA,"上海"
"荒:图","沙清泉","文萃","1945","第8期","2","上海"
"陪都各界反对内战联合会成立大会宣言(来件)","文萃","1945","第9期","3",NA,"上海"
"欧洲三大国的政潮(本刊特稿)","张若达","文萃","1945","第9期","5-7","上海"
"与大公报论国是:答大公报“质中共”一文","文萃","1945","第10期","7-9",NA,"上海"
"厌战的心理","云彬","文萃","1945","第11期","4","上海"
"中苏关系的悲剧","梁纯夫","文萃","1946","第44期","4-5","上海"
"美国的和平民主运动","农慕之","文萃","1946","第2卷 第2期","6-8","上海"
"鸭绿江边三城市","石鹤冈","文萃","1946","第42期","16-20","上海"
"安平事件与美国舆论","小鱼","文萃","1946","第43期","7-9","上海"
"闻一多先生最后一次演讲","文萃","1946","第41期","19",NA,"上海"
"中外文萃:走向殖民地化的中国经济(载自由世界)","千家驹","文萃","1946","第42期","12","上海"
"马歇尔的悲剧","农慕之","文萃","1946","第43期","2-4","上海"
"发疯的枪","马凡陀","文萃","1946","第43期","8","上海"
"略论搜查书报摊","黎澍","文萃","1946","第42期","8","上海"
"鲁迅与语丝社","林辰","文萃","1946","第30期","15-16","上海"
"烟台海战前后","李普","文萃","1946","第2卷 第4期","28-29","上海"
"哀费筱芝女士","朝凡","文萃","1946","第18期","19-20","上海"
"国民党与国民大会","黎沛如","文萃","1946","第38期","2-4","上海"
"新闻集萃:让与不让等七篇","文萃","1946","第18期","9",NA,"上海"
"欧阳予倩先生的道路","田汉","文萃","1946","第47期","14-16","上海"
"上海杂志界及出版业提供政治协商会议的意见(来件)","文萃","1946","第17期","15",NA,"上海"
"拖人下水图","丁聪","文萃","1946","第42期","10","上海"
"制止全面内战抑平米价物价:抑平米价的紧急措置","文萃","1946","第31期","4-5",NA,"上海"
"学生民主力量的初步胜利!:记上海学生助学运动及后援被开除同学","王坪","文萃","1946","第18期","22-23","上海"
"只许和平不许再战","李南山","文萃","1946","第35期","2-3","上海"
"灾荒袭击著中国人民!","白蕾","文萃","1946","第24期","5-6","上海"
"朱明政府的特务政治","適夷","文萃","1946","第24期","12-13","上海"
"论赵树理的小说","茅盾","文萃","1946","第2卷 第10期","18","上海"
"“内战”由来","孙宗明","文萃","1946","第38期","8-10","上海"
"何德奎与罗蘅:一件轰动的“汉奸检举案”","金家秀","文萃","1946","第43期","13-14","上海"
"和平商谈中的“距离”","公孙求之","文萃","1946","第2卷 第3期","3-5","上海"
"假如美苏战争爆发，对中国有何好处?","申由","文萃","1946","第50期","36","上海"
"诗二首:“双十”解，“一二一”纪念","郭沫若","文萃","1946","第2卷 第11期","22","上海"
"来件:上海杂志界联谊会致国民参政会电","文萃","1946","第23期","22",NA,"上海"
"立即废止文化统制政策:陪都文艺·戏剧·漫画木刻界致政协会议书","文萃","1946","第17期","25-26",NA,"上海"
"希望","臧克家","文萃","1946","第13期","23","上海"
"桂林废墟(竹笔画):图","黎冰鸿","文萃","1946","第15期","2","上海"
"方生即死:论统治者","史靖","文萃","1946","第28期","16-17","上海"
"住宅，警管，送竃:人类的愚蠢应当有个限度","费孝通","文萃","1946","第34期","18-20","上海"
"土地改革与民主","瓦尔加 焦敏之","文萃","1946","第32期","13-17","上海"
"替民主社会党可惜","马叙伦","文萃","1946","第2卷 第8期","6-8","上海"
"我的爱:歌曲","(苏)Dolmatovsky，E. Blanter，M.","文萃","1946","第16期","26","上海"
"社会大学的我见","黄齐生","文萃","1946","第27期","10-11","上海"
"青年党的故事","吴格","文萃","1946","第2卷 第1期","38-39","上海"
"时事周评:围剿也要失败的","城","文萃","1946","第2卷 第3期","2","上海"
"时事周评:重开和谈的幻影","真","文萃","1946","第2卷 第10期","2","上海"
"新闻集萃:轰炸延安空军被押","牟","文萃","1946","第43期","5-6","上海"
"放眼看世界","文萃","1946","第33期","13-14",NA,"上海"
"全面内战形势图","临江","文萃","1946","第50期","20-21","上海"
"一群民主的慧星照临上海:田汉·郭沫若·梁漱溟·章伯钧诸先生纵谈记","申由","文萃","1946","第30期","17-19","上海"
"复员声中的大学生","西溪","文萃","1946","第36期","20","上海"
"时事周评:联总强迫开放四口","山","文萃","1946","第49期","2","上海"
"杂感而已","何家槐","文萃","1946","第49期","21-23","上海"
"民主的东北与中国政局","周鲸文","文萃","1946","第24期","3","上海"
"二中全会与国内政局(本刊特稿)","李南山","文萃","1946","第22期","3-4","上海"
"时事周评:帮忙到底?","为","文萃","1946","第2卷 第1期","2","上海"
"文萃信箱:发起“不买美国货运动”宣言，我们为什么不能自由阅读?","文萃","1946","第2卷 第3期","35",NA,"上海"
"来件:北平市出版业联合会为抗议摧残出版发行自由紧急呼吁","文萃","1946","第23期","22",NA,"上海"
"时事周评:退出中国!","夫","文萃","1946","第49期","2","上海"
"论“第三方面”","孙公求之","文萃","1946","第2卷 第8期","3-5","上海"
"苏北新名词","辛蘋","文萃","1946","第49期","23","上海"
"中外文萃:“三三五○”的前因后果","朱出陶","文萃","1946","第46期","20-21","上海"
"越盟怎样争取政权","麦浪","文萃","1946","第35期","19-20","上海"
"今年的双十节有什么意义?","马叙伦","文萃","1946","第2卷 第1期","24-25","上海"
"白崇禧回老家做什么?","姚璋","文萃","1946","第46期","7","上海"
"麦克阿瑟路线","梁纯夫","文萃","1946","第47期","6-8","上海"
"从门户开放政策说起","高梁","文萃","1946","第43期","9-10，23","上海"
"论中苏经济合作(本刊特载)","稽古","文萃","1946","第22期","16-17","上海"
"原子弹·金圆·武力","李南山","文萃","1946","第37期","3-5","上海"
"威胁世界和平的佛朗哥","文孚","文萃","1946","第33期","15-16","上海"
"最后胜利属人民:歌曲","欧阳山尊 贺绿汀","文萃","1946","第33期","23","上海"
"北平“治安”巩固了","无意","文萃","1946","第33期","21-22","上海"
"土地改革与中国资本主义的发展","何干之","文萃","1946","第33期","9-13","上海"
"国民党人痛论国民党:我们对于本党六届二中全会的表示(来件)","文萃","1946","第30期","14",NA,"上海"
"中外舆论:何能嫉民如仇!等三篇","文萃","1946","第30期","7-9",NA,"上海"
"竟要干下去","马叙伦","文萃","1946","第30期","6-7","上海"
"一个新闻记者眼中的言论自由问题","赵超构","文萃","1946","第15期","9-12","上海"
"中外舆论:口诛笔伐:天地玄黄","礼一 江之洄","文萃","1946","第30期","12","上海"
"是悬崖勒马的时候了!","解斯","文萃","1946","第29期","2-4","上海"
"时事周评:“马歇尔逝世”?","山","文萃","1946","第2卷 第10期","2","上海"
"美国走向军国主义","龚澎","文萃","1946","第2卷 第8期","18-21","上海"
"法国大选与英国政潮","梁纯夫","文萃","1946","第2卷 第7期","5-6","上海"
"为人民文艺服务的歌谣工作:谨提出我的报告，请求及以后的希望","薛汕","文萃","1946","第2卷 第9期","24-27","上海"
"还是安步当车!:图","文萃","1946","第22期","2",NA,"上海"
"美国内幕谈之一美国的黑市","古琹","文萃","1946","第2卷 第11期","19-21","上海"
"新闻集萃:刘善本的故事","耳","文萃","1946","第43期","6","上海"
"新闻集萃:“新四军”闲步街头等四篇","文萃","1946","第23期","9",NA,"上海"
"时事周评:捐税会议","塔","文萃","1946","第49期","2","上海"
"走向自由祖国:歌曲","许幸之 余森强","文萃","1946","第36期","23","上海"
"否决权与西班牙问题","梁纯夫","文萃","1946","第2卷 第4期","13-14","上海"
"当前的物价与法币问题","千家驹","文萃","1946","第13期","13-14","上海"
"美对华政策与中国前途","李南山","文萃","1946","第34期","4-5","上海"
"时事周评:风波在上海","年","文萃","1946","第2卷 第9期","2","上海"
"经济危机拖不得了","非昔","文萃","1946","第35期","12-16","上海"
"华莱士致杜鲁门书","万歌","文萃","1946","第2卷 第3期","9-13","上海"
"时事周评:救狗何如救人","文萃","1946","第2卷 第1期","2",NA,"上海"
"世界政局中的中国问题","梁纯夫","文萃","1946","第42期","2-3","上海"
"上海巴士底狱之围，十一月卅日上海摊贩事件特写","申由","文萃","1946","第2卷 第9期","18-22","上海"
"免征田赋一年!:图","江苇","文萃","1946","第25期","2","上海"
"美国对华政策的错误在那里?","Canning，C.J. 万歌","文萃","1946","第43期","16","上海"
"一朵带刺的玫瑰花(独唱):歌曲","舒模","文萃","1946","第14期","25","上海"
"我的希望","陈瑾昆","文萃","1946","第29期","20-21","上海"
"民主的中国与和平的中国","方非","文萃","1946","第42期","6-7","上海"
"所谓“停张家口十天”","司徒必登","文萃","1946","第2卷 第1期","4-5","上海"
"时事周评:人头税","奇","文萃","1946","第2卷 第2期","2","上海"
"中外文萃:怎样消这个战斗的夏?(二)","田汉","文萃","1946","第38期","17-18","上海"
"中外文萃:马歇尔为什么失败?","柏德森","文萃","1946","第43期","15","上海"
"别让它遭灾害:歌曲","蒙沙 水金","文萃","1946","第33期","23","上海"
"团结合作之路:访国共劳工代表朱学范·邓发","唐海","文萃","1946","第18期","16-17","上海"
"叶挺将军的诗","郭沫若","文萃","1946","第26期","21","上海"
"歌人民世纪:歌曲","郁青 梅滨","文萃","1946","第22期","23","上海"
"中外文萃:中国会变成“警察国”吗?","文萃","1946","第45期","19",NA,"上海"
"春到人间!:歌曲","钢鸣 舒模","文萃","1946","第23期","23","上海"
"为多灾多难的人民而痛哭","郭沫若","文萃","1946","第27期","12-14","上海"
"时事周评:中国要当心","城","文萃","1946","第2卷 第6期","2","上海"
"祝你迈步前进!:图","陈烟桥","文萃","1946","第21期","2","上海"
"东方的暴君(民主大合唱第一乐章):歌曲","端木蕻良 马思聪","文萃","1946","第21期","23","上海"
"中国要和东北共存亡","傅孟真","文萃","1946","第22期","9-11","上海"
"且看这十五天","柳迈之","文萃","1946","第34期","2-3","上海"
"中外文萃:香港名流致电美国会，请促其政府撤退美军","文萃","1946","第42期","11",NA,"上海"
"内战火线下","白邦","文萃","1946","第2卷 第11期","24-26","上海"
"山姆叔叔的骄傲:图","摩斯","文萃","1946","第13期","2","上海"
"反对集中军训","文萃","1946","第33期","20",NA,"上海"
"时事周评:医活这匹死马","山","文萃","1946","第2卷 第3期","2","上海"
"我们对“陪都惨案”的抗议(来件)","文萃","1946","第20期","21",NA,"上海"
"一切为了人民","邓初民","文萃","1946","第28期","13-14","上海"
"昆明二十教授致马歇尔将军书","文萃","1946","第29期","2-3",NA,"上海"
"法国的新宪法","石君","文萃","1946","第25期","10-11","上海"
"时事周评:东洋货又要来了!","南","文萃","1946","第2卷 第1期","2","上海"
"中国的反革命","许狄恩 古琹","文萃","1946","第2卷 第7期","17-21","上海"
"何谓“门户开放”?","王城","文萃","1946","第34期","7-8","上海"
"一片反对警察“访问”声","文萃","1946","第30期","2-7",NA,"上海"
"这是我的家乡","柳燕","文萃","1946","第43期","18-20","上海"
"读者投书:江苏高院未释政治犯","陈学文","文萃","1946","第30期","21","上海"
"美国独占中国经济的开始:中美商约对中国经济的影响","杨培新","文萃","1946","第2卷 第10期","11-13","上海"
"我的爸爸(三)","(美)克拉侖斯·戴 杨潮","文萃","1946","第19期","20-21","上海"
"快不要打:歌曲","中大","文萃","1946","第43期","23","上海"
"中外文萃:史迪威是怎样离开中国的?","黄花","文萃","1946","第2卷 第2期","16-17","上海"
"辱骂，难道是批评?","石东","文萃","1946","第2卷 第4期","23-24","上海"
"时事周评:一片倒闭声","培","文萃","1946","第2卷 第5期","2","上海"
"萧红小传二","骆宾基","文萃","1946","第2卷 第7期","29-31","上海"
"大卫·罗:坚持不屈的漫画家","沈默","文萃","1946","第14期","15","上海"
"记中原解放区","徐逸安","文萃","1946","第29期","15-18","上海"
"人性何在?:抗议南通血案","刘紫","文萃","1946","第26期","2-3","上海"
"一个中间性的政治路线","张东荪","文萃","1946","第40期","6-7","上海"
"孙科院长留粤记(广州航讯)","华野","文萃","1946","第21期","18-20","上海"
"中外文萃:范筑先在临沂的时候","小田","文萃","1946","第38期","15","上海"
"开会容易闭会难","张絅伯","文萃","1946","第2卷 第11期","8-9","上海"
"时事周评:卡逊的罪名","培","文萃","1946","第2卷 第3期","2","上海"
"日本社会党论","林焕平","文萃","1946","第34期","9","上海"
"鲁迅论两种文艺:鲁迅的文艺论之一","何干之","文萃","1946","第2卷 第2期","11-13","上海"
"检举图:图","丁聪","文萃","1946","第24期","2","上海"
"梁纯夫:从希腊看中国","文萃","1946","第2卷 第8期","14-15",NA,"上海"
"冷落了的文化城:桂林","王和","文萃","1946","第33期","18-19","上海"
"华北四都市","江河","文萃","1946","第30期","19-20","上海"
"时事周评:千肯万肯这一点不肯?","嘘","文萃","1946","第2卷 第9期","2","上海"
"闻一多的名字还值得再提","夏康农","文萃","1946","第50期","19，22","上海"
"中外文萃:当前中国问题的一些症结","Holland，W.H. 李家榆","文萃","1946","第42期","13","上海"
"最后的考验","杜迈之","文萃","1946","第2卷 第1期","6-7","上海"
"时事周评:所谓“新的革命运动”","培","文萃","1946","第2卷 第4期","2","上海"
"萤:歌曲","淑雨 郑尚武","文萃","1946","第28期","23","上海"
"新闻集萃:罗隆基忽染怪病等四篇","文萃","1946","第20期","6",NA,"上海"
"关于美国人","周建人","文萃","1946","第47期","17-18","上海"
"“坏政府”及其反响:时代杂志原文，新闻报，文汇报，申报，大美晚报","文萃","1946","第36期","10-12",NA,"上海"
"答客问(本刊特稿)","黎纬北","文萃","1946","第21期","6-8","上海"
"向马凡陀学习","洪遒","文萃","1946","第48期","12-14","上海"
"从海峡问题看美苏关系","梁纯夫","文萃","1946","第2卷 第3期","7-8","上海"
"本刊时局问题讨论总结","文萃","1946","第2卷 第6期","24-28",NA,"上海"
"新闻集萃:国营“休养院”将在沪成立，“修建二郎庙记”与“文告”悔不该，程懋型的继任者","牟 耳 牛","文萃","1946","第45期","11","上海"
"时事周评:从古如斯","民","文萃","1946","第2卷 第6期","2","上海"
"永安狱囚要求开释代电(来件)","文萃","1946","第15期","18",NA,"上海"
"马路杂感","朱叶","文萃","1946","第49期","21-22","上海"
"痛悼民主战士李公朴先生:公朴先生不死","张申府","文萃","1946","第39期","3-4","上海"
"援救千千万万的“秦似”","史复","文萃","1946","第26期","22-23","上海"
"假如我是蒋主席","赵则诚","文萃","1946","第15期","3-4","上海"
"论经济内战","张孟恢","文萃","1946","第16期","8-9","上海"
"中外文萃:中共“七七”宣言要点","文萃","1946","第38期","13",NA,"上海"
"读者投书:湘西恶霸竞选杀人","刘德明","文萃","1946","第30期","21","上海"
"三强合作中的逆流","张铁生","文萃","1946","第21期","9","上海"
"东北人民迫切的要求是什么?","周鲸文","文萃","1946","第14期","5-6","上海"
"时事周评:商务·中华·一统","蓝","文萃","1946","第49期","2","上海"
"中外文萃:美国定要拿中国做他的附庸国?","马叙伦","文萃","1946","第46期","18-19","上海"
"文萃信箱:揭发美军暴行运动，南宁军人横行无忌，当局摧残民主刊物","英","文萃","1946","第2卷 第1期","43","上海"
"全面破裂能否挽救?","公孙求之","文萃","1946","第2卷 第1期","3-5","上海"
"从斯大林谈话说到:外国驻军与内战","梁纯夫","文萃","1946","第50期","7-8","上海"
"中国愿意做美国的“附庸”?","马叙伦","文萃","1946","第46期","6-7","上海"
"与王芸生先生论大公报书","赵则诚","文萃","1946","第2卷 第2期","18-22","上海"
"“莫须有”源流考","丁易","文萃","1946","第41期","16","上海"
"印回问题与印度独立","梁纯夫","文萃","1946","第2卷 第10期","14-15","上海"
"现阶段的中英关系","思慕","文萃","1946","第19期","13-14","上海"
"中国统一在何处求?","梁潄溟","文萃","1946","第13期","4-5","上海"
"从畲儿岗小学想起:悼陶行知先生","约达","文萃","1946","第41期","10","上海"
"中外文萃:虎口余生","李敷仁","文萃","1946","第43期","17","上海"
"中外文萃:宋子文的饥饿政策与民死主义","谌小岑","文萃","1946","第38期","13","上海"
"论外汇政策","马寅初","文萃","1946","第22期","12-13","上海"
"论军队国家化(下)","乔木","文萃","1946","第20期","16-20","上海"
"本刊举办时局问题讨论，欢迎各界读者发表意见","文萃","1946","第2卷 第4期","33",NA,"上海"
"异哉所谓“主动实施政协决议”","念青","文萃","1946","第38期","5-6","上海"
"萧红小传五","骆宾基","文萃","1946","第2卷 第10期","27-30","上海"
"辟无条件和平","刘移山","文萃","1946","第2卷 第4期","11-12","上海"
"扬州两日记(续完)","小玲","文萃","1946","第45期","23","上海"
"新闻集萃:裁脏的标题等五篇","文萃","1946","第29期","22",NA,"上海"
"CC和桂系之争:广西省参议会选举纠纷内幕","章左","文萃","1946","第46期","22-23","上海"
"抢水(陪都特写):图","(美)Rubington","文萃","1946","第14期","2","上海"
"成都的报纸","梵平","文萃","1946","第37期","20","上海"
"论内战军事形势","农慕之","文萃","1946","第45期","2-4","上海"
"美帝国主义对世界的威胁(上)","(美)福斯特 陈时臬","文萃","1946","第40期","19-20","上海"
"谈平等与自由","茅盾","文萃","1946","第50期","16","上海"
"印度独立前途展望","稽古","文萃","1946","第29期","8-10","上海"
"和平难产","萧扬","文萃","1946","第33期","8-11","上海"
"时事周评:马歇尔到平津","城","文萃","1946","第2卷 第8期","2","上海"
"来件:北平市国大代表选举协进会，为“四·二一”血案告同胞书","文萃","1946","第28期","22",NA,"上海"
"所谓“义民的呼声”","沈济远","文萃","1946","第27期","20-21","上海"
"人民时代之中国农民","周谷城","文萃","1946","第25期","11-12","上海"
"闻一多教授的遇难与鲁迅的“药”","夏康农","文萃","1946","第45期","10-11","上海"
"三前提与三要件","马哲民","文萃","1946","第17期","7-8","上海"
"时事周评:中国·印度·菲岛","约","文萃","1946","第2卷 第3期","2","上海"
"我们面对著一颗计时炸弹","公孙求之","文萃","1946","第2卷 第5期","3-5","上海"
"华罗庚教授讲苏联的大学教育","守青记","文萃","1946","第36期","15-16","上海"
"“友好”外兵的友好问题","梁纯夫","文萃","1946","第46期","10-13","上海"
"和平楼夜话","申公","文萃","1946","第2卷 第11期","10-12","上海"
"生前祷(特稿)","(英)马克尼斯 荒芜","文萃","1946","第20期","13","上海"
"羊枣(杨潮)之狱(本刊特稿)","王坪","文萃","1946","第16期","19-22","上海"
"人民的城","艾青","文萃","1946","第31期","12-15","上海"
"制止全面内战抑平米价物价:制止全面内战的危机!","文萃","1946","第31期","3-4",NA,"上海"
"从周作人·林语堂谈起","田汉","文萃","1946","第29期","17","上海"
"访陈郁兰:陈小姐的家世，到苏联去进电影学院，在苏联做了些什么工作，电影学院的课程，她预备拍纪录影片","贺青","文萃","1946","第39期","22-24","上海"
"新疆漫谈","萨空了","文萃","1946","第22期","18-20","上海"
"血写的诗章","戈芧","文萃","1946","第22期","6-7","上海"
"论田赋恢复征实","寿进文","文萃","1946","第39期","15-16","上海"
"老怕性随笔:联总救济物资停止运华，有人说这是清脆的一击","虫豸","文萃","1946","第39期","16","上海"
"莫斯科广播，评美国政策","文萃","1946","第41期","17",NA,"上海"
"“坏政府”必须改组","念青","文萃","1946","第40期","3-5","上海"
"南通血案前后","樊昌","文萃","1946","第26期","12-14","上海"
"瓦砾中的武汉文化","吕岑","文萃","1946","第26期","18-19","上海"
"张炎将军殉难周年","曾伟","文萃","1946","第25期","17-18","上海"
"时事周评:愚·怯·狡","山","文萃","1946","第2卷 第4期","2","上海"
"时事周评:击退鲁迅的时代","远","文萃","1946","第2卷 第3期","2","上海"
"技术革命-经济建设主要目标之一","伍启元","文萃","1946","第13期","9-12","上海"
"新闻集萃:冯玉祥响应陶行知等三篇","文萃","1946","第14期","14",NA,"上海"
"大局的__:与罗梦册先生等论“让我们来促成一个新的革命运动”","杜迈之","文萃","1946","第2卷 第5期","11-13","上海"
"“我所知道的罗斯福”第三章，伟大的试验者","法兰茜丝·潘金斯 清涟","文萃","1946","第2卷 第5期","16-20","上海"
"悼史迪威将军","夏康农","文萃","1946","第2卷 第3期","14-15","上海"
"对五五宪草的意见","文萃","1946","第16期","5",NA,"上海"
"人民爱国歌","田边","文萃","1946","第2卷 第3期","25","上海"
"斐斐怨:歌曲","田汉","文萃","1946","第50期","39","上海"
"自由民主新解","任钧","文萃","1946","第24期","20","上海"
"哭四哥","杨刚","文萃","1946","第25期","16","上海"
"今日之歌:歌曲","徐健 戈悦","文萃","1946","第26期","23","上海"
"战争中的南洋文化人","沈兹九","文萃","1946","第15期","9-10","上海"
"回到大的气派:英雄的时代要求英雄的表现","多罗色·汤姆生 朱自清","文萃","1946","第13期","19-21","上海"
"时事周评:世界变了","年","文萃","1946","第2卷 第6期","2","上海"
"文萃信箱:誓死反对征兵，又一件征兵的惨剧","文萃","1946","第2卷 第5期","26",NA,"上海"
"时事周评:熊猫的地位","山","文萃","1946","第2卷 第3期","2","上海"
"纽伦堡的钟声","梁纯夫","文萃","1946","第2卷 第1期","11-12","上海"
"“空山不见人，但闻人语声”:图","衡","文萃","1946","第25期","2","上海"
"关于秧歌剧","张水华","文萃","1946","第44期","20-21","上海"
"美国剩余物资终于签让了","农慕之","文萃","1946","第46期","8-9","上海"
"新闻集萃:美国设置“羊枣新闻奖金”等三篇","文萃","1946","第25期","15",NA,"上海"
"贪污·无能的标本:记广东的政治","邓既夫","文萃","1946","第25期","21-23","上海"
"苦难的小城","白林","文萃","1946","第44期","18-19","上海"
"为抗议“周报”被迫停刊宣言","文萃","1946","第44期","9",NA,"上海"
"时局新形势","丁静","文萃","1946","第50期","3-4","上海"
"南北朝与联合政府","公孙求之","文萃","1946","第50期","5-6","上海"
"扬州两日记","小玲","文萃","1946","第44期","22","上海"
"美国能阻止中国内战吗?","(美)罗辛格 于友","文萃","1946","第45期","7","上海"
"双十节纪念特辑:中华民族一定胜利的","夏衍","文萃","1946","第2卷 第1期","21-22","上海"
"双十节纪念特辑:双十感言","黄药眠","文萃","1946","第2卷 第1期","22-23","上海"
"谈没有文化","花西里","文萃","1946","第2卷 第1期","35","上海"
"遥望张家口","农慕之","文萃","1946","第49期","6-8","上海"
"美国人民的希望与信仰","华莱士 于友","文萃","1946","第49期","16","上海"
"时事周评:何有于清查?","南","文萃","1946","第50期","2","上海"
"论三个月来的内战","施艾","文萃","1946","第2卷 第1期","8-10","上海"
"怨声:应中国劳动协会合唱团写:歌曲","陆云","文萃","1946","第48期","23","上海"
"“新舰队”再拆穿!","姚璋","文萃","1946","第49期","5","上海"
"吴鼎昌口中的:政学系","捷夫","文萃","1946","第49期","24","上海"
"中外文萃:川岛芳子","林冰","文萃","1946","第44期","17","上海"
"“中原之战”前后","冷眉","文萃","1946","第43期","21-22","上海"
"谈“言论自由”","吴祖光","文萃","1946","第44期","6","上海"
"美国法西斯的危险","华莱士 刘尊棋","文萃","1946","第49期","14-15","上海"
"东蒙古的无边瀚海(下)","刘白羽","文萃","1946","第48期","20-22","上海"
"时事周评:拆穿西洋镜","鸿","文萃","1946","第50期","2","上海"
"随笔:米乡吟:兼介绍皖湘的几首民谣","薛汕","文萃","1946","第2卷 第1期","31-32","上海"
"我们要求政府切实保障言论自由","文萃","1946","第2卷 第1期","42",NA,"上海"
"时局答问:美国国内危机，美苏关系，英美矛盾，苏联动向，人民的力量","丁静","文萃","1946","第2卷 第7期","7-11","上海"
"联总·行总和饥饿的中国人","(苏)伊丝 小鱼","文萃","1946","第47期","8-9","上海"
"接收清查团怎样打发在上海的五十天","陈霞飞","文萃","1946","第47期","24-25","上海"
"随笔:不能再等待了","木将","文萃","1946","第2卷 第1期","33-34","上海"
"进入烟台第一件事","李普","文萃","1946","第2卷 第1期","40-41","上海"
"民主宪法的基本条件","林亨元","文萃","1946","第25期","9","上海"
"论官僚资本","马寅初","文萃","1946","第14期","8-9","上海"
"时事周评:最后的考验","胡","文萃","1946","第2卷 第6期","2","上海"
"时事周评:是为启","启","文萃","1946","第2卷 第5期","2","上海"
"我怎样写“青铜时代”和“十批判书”(下)","郭沫若","文萃","1946","第14期","18-21","上海"
"曹聚仁的帮凶像","周钢鸣","文萃","1946","第2卷 第3期","21-23","上海"
"时事周评:英美之间","城","文萃","1946","第2卷 第4期","2","上海"
"响应反对内战!","嘉翔","文萃","1946","第30期","16","上海"
"论警管区与住居自由","宣铁吾","文萃","1946","第30期","4","上海"
"办兵役非建国之急务","越缨","文萃","1946","第2卷 第3期","26-27","上海"
"美苏与中国内战","罗辛格 小鱼","文萃","1946","第2卷 第3期","6","上海"
"法国公民投票与欧洲局势","梁纯夫","文萃","1946","第2卷 第2期","9-10","上海"
"破裂的局面已经出现","公孙求之","文萃","1946","第2卷 第2期","3-5","上海"
"新加官图:图","丁聪","文萃","1946","第13期","2","上海"
"我所知道的罗斯福","法兰茜丝·潘金斯 清涟","文萃","1946","第2卷 第3期","16-20","上海"
"时事周评:自杀何如杀人","培","文萃","1946","第2卷 第2期","2","上海"
"忆闻一多教授","寄思","文萃","1946","第40期","13-15","上海"
"赶快裁兵，切实裁兵!","缪云台","文萃","1946","第18期","3","上海"
"从国际到国内(本刊特稿)","李南山","文萃","1946","第20期","7-8","上海"
"广东仍旧打内战","晨曦","文萃","1946","第2卷 第1期","36-37","上海"
"特务与奴才","孙宗明","文萃","1946","第28期","18","上海"
"中学校长的政治赌博","林月斜","文萃","1946","第32期","22-23","上海"
"从夜里到夜里:告两年来关怀的友人","秦似","文萃","1946","第46期","15-16","上海"
"四平街与公主岭","伍德昌","文萃","1946","第32期","3","上海"
"莫洛托夫的“勇敢挑衅”","梁纯夫","文萃","1946","第2卷 第5期","14-15","上海"
"周保中将军二三事:东北人物志之一","周而复","文萃","1946","第40期","22-23","上海"
"再论羊枣之死","施川","文萃","1946","第24期","7","上海"
"对照和研究","木君","文萃","1946","第27期","9","上海"
"保甲制度要不得","陆诒","文萃","1946","第20期","9","上海"
"在转变中","公孙求之","文萃","1946","第2卷 第11期","3-5","上海"
"子夜的中国","白修德 贾安娜","文萃","1946","第2卷 第1期","13-19","上海"
"“职教派”与民族资本家的联盟:记新政团民主建国会的产生","贺兰","文萃","1946","第13期","6-8","上海"
"悼念振黄哥","沈丹风","文萃","1946","第2卷 第5期","25","上海"
"时局展望","柳迈之","文萃","1946","第37期","2","上海"
"新闻集萃:接收与“第三者”等四篇","文萃","1946","第34期","22",NA,"上海"
"玫瑰花为谁开:歌曲","罗泅 高歌","文萃","1946","第2卷 第3期","34","上海"
"美国有新闻自由吗?","文幼章","文萃","1946","第2卷 第8期","25-26","上海"
"破产了的嫁祸阴谋:请严密注意李闻暗杀案的“真相”","昆明一记者","文萃","1946","第41期","12-14","上海"
"莫吞原子弹","陶行知","文萃","1945","第10期","9","上海"
"放下武器!:歌曲","风沙","文萃","1945","第8期","24","上海"
"东北问题应该政治解决","邓初民","文萃","1945","第9期","9-10","上海"
"现行地方民选制度平议","黄道庸","文萃","1945","第10期","12-13","上海"
"内战与物价(本刊特稿)","蓝夫","文萃","1945","第7期","11-12","上海"
"一线的希望在那里:为反对内战作","黄炎培","文萃","1945","第9期","4","上海"
"联大新校舍被攻记","冯虚","文萃","1945","第11期","9-10","上海"
"抗著逆流前进","乔木","文萃","1945","第3期","5-7","上海"
"笔尖:寄语魏德迈将军","陶伯","文萃","1945","第7期","4-5","上海"
"请友军退出中国","陈翰伯","文萃","1945","第7期","13-14","上海"
"三千三百年前的演说词:尚书里面商书般庚第二篇今译","端木蕻良","文萃","1945","第8期","16","上海"
"高等教育罪言之一","姜亮夫","文萃","1945","第9期","12-13","上海"
"昆明杂志界的抗议","文萃","1945","第11期","10",NA,"上海"
"集谣偶谈","薛汕","文萃","1945","第11期","22-23","上海"
"农家苦:歌曲","丁波 力丁","文萃","1945","第10期","22","上海"
"街市:图","王琦","文萃","1945","第10期","2","上海"
"论东北问题","孟南","文萃","1945","第1期","8-11","上海"
"尊重东北人民意志，坚持释放张学良将军(特稿)","端木蕻良","文萃","1945","第12期","3，6-7","上海"
"昆明一二·一惨案前前后后","文萃","1945","第11期","6",NA,"上海"
"解决国是的两个时期","张志让","文萃","1945","第3期","3-4","上海"
"进军:图","许霏","文萃","1945","第9期","2","上海"
"傅斯年谈话","文萃","1945","第11期","11",NA,"上海"
"伟大与渺小","臧克家","文萃","1945","第10期","14","上海"
"鹤顶红(独幕闹剧)","洪深 英文原 潘孑农","文萃","1945","第9期","15-23","上海"
"昆明卅四学校告全国同胞书","文萃","1945","第11期","9",NA,"上海"
"祝朝鲜复国的回顾","邹鲁","文萃","1945","第4期","6-7","上海"
"为什么?:歌曲","明之 费克","文萃","1945","第9期","24","上海"
"论中国政治的前途","钱端升","文萃","1945","第5期","4-7","上海"
"秧歌舞:图","黄荣燦","文萃","1945","第7期","3","上海"
"“芳草天涯”前记","夏衍","文萃","1945","第7期","19","上海"
"暴露的效果","叶圣陶","文萃","1945","第11期","21","上海"
"我为少男少女们歌唱","何其芳","文萃","1945","第6期","20","上海"
"胜利了痛定思痛","黄炎培","文萃","1945","第2期","2-3","上海"
"漫忆鲁迅先生","田汉","文萃","1945","第5期","12","上海"
"杂文的道路","秦牧","文萃","1945","第8期","17-19","上海"
"笔尖:向越南荷印致敬","陶伯","文萃","1945","第4期","5","上海"
"民本政治与民主政治(本刊特稿)","谢东平","文萃","1945","第10期","4-5","上海"
"致马歇尔将军(本刊特稿)","李由基","文萃","1945","第11期","3","上海"
"收复区:冒险家的乐团","杜宇","文萃","1945","第4期","24","上海"
"高尔基杂文二则","戈宝权","文萃","1945","第12期","12-13","上海"
"论曷脱莱小姐的言行","阿尔古斯","文萃","1945","第12期","12-13","上海"
"纠正英国东方政策","百辞","文萃","1945","第7期","17","上海"
"笔尖:看看法国","萧萧","文萃","1945","第8期","5","上海"
"致杜威博士的公开信:论中美两国关系","陶行知","文萃","1945","第8期","12-13","上海"
"思想复员论","吴世昌","文萃","1945","第11期","14-16","上海"
"笔尖:打破言论的桎梏","玉良","文萃","1945","第8期","4-5","上海"
"挣脱旧命运建设新中国","周钢鸣","文萃","1945","第2期","18-19","上海"
"谈文化复员(本刊特稿)","熊佛西","文萃","1945","第6期","2","上海"
"民主团结的精神条件","张申府","文萃","1945","第1期","3","上海"
"八年来文化运动的检讨","田汉 李公樸","文萃","1945","第1期","13-15","上海"
"反对内战与争取和平:呼吁停止内战:致国民参政会的公开信","江恒源","现代文摘(上海)","1947","第1卷 第1期","3-4","上海"
"我们对于最近学生运动的意见(附照片)","叶圣陶 杨卫玉 孙起孟","现代文摘(上海)","1947","第1卷 第1期","9","上海"
"动荡中的国际形势:眼前“两个世界”的明朗化","胡适","现代文摘(上海)","1947","第1卷 第1期","14-15","上海"
"反对内战与争取和平:最近时局","张东荪","现代文摘(上海)","1947","第1卷 第1期","2-3","上海"
"经济崩溃的新阶段","姜庆湘","现代文摘(上海)","1947","第1卷 第1期","10-11","上海"
"大局浮动·学潮如火","储安平","现代文摘(上海)","1947","第1卷 第1期","6-7","上海"
"动荡中的国际形势:今日的世界","陶孟和","现代文摘(上海)","1947","第1卷 第1期","15-16","上海"
"念骆宾基","徐中玉","现代文摘(上海)","1947","第1卷 第1期","22-24","上海"
"有朋自远方来:[画图]","洪荒","现代文摘(上海)","1947","第1卷 第1期","18","上海"
"经济的改造","吴景超","现代文摘(上海)","1947","第1卷 第1期","12-13","上海"
"知识份子的使命","周建人","现代文摘(上海)","1947","第1卷 第5/6期","102","上海"
"电灯皮鞋将有应市","现代文摘(上海)","1947","第1卷 第5/6期","109",NA,"上海"
"美苏两方的误解(附图)","Salisbvry，H.E. 雪松","现代文摘(上海)","1947","第1卷 第5/6期","111-113","上海"
"酝酿中的第三次世界大战","胡焕庸","现代文摘(上海)","1947","第1卷 第5/6期","110-111","上海"
"窃贼也复古","现代文摘(上海)","1947","第1卷 第5/6期","109",NA,"上海"
"为中国问题忠告美国","张东荪","现代文摘(上海)","1947","第1卷 第5/6期","95-96","上海"
"囚犯不堪狱中苦","现代文摘(上海)","1947","第1卷 第5/6期","115",NA,"上海"
"日本又来走私","现代文摘(上海)","1947","第1卷 第5/6期","99",NA,"上海"
"一年来吾国经济政策的检讨","赵兰坪","现代文摘(上海)","1947","第1卷 第5/6期","104-106","上海"
"官僚教育与市侩教育","蔡尚思","现代文摘(上海)","1947","第1卷 第5/6期","103","上海"
"投效无门:[漫画四幅]","阿礼","现代文摘(上海)","1947","第1卷 第5/6期","106","上海"
"青年人的苦闷","胡适","现代文摘(上海)","1947","第1卷 第5/6期","100-101","上海"
"悲惨的小公务员","现代文摘(上海)","1947","第1卷 第5/6期","99",NA,"上海"
"中国外交往何处去","林焕平","现代文摘(上海)","1947","第1卷 第5/6期","98-99","上海"
"战时财政何时了","崔敬伯","现代文摘(上海)","1947","第1卷 第5/6期","106-107","上海"
"物价为什么会涨?","马寅初","现代文摘(上海)","1947","第1卷 第5/6期","108-109","上海"
"华盛顿·布达佩斯·罗马","张铁生","现代文摘(上海)","1947","第1卷 第5/6期","114-115","上海"
"通货膨胀与公债发行","王璧岑","现代文摘(上海)","1947","第1卷 第5/6期","107-108","上海"
"漫谈知识份子的时代使命","蒋廷黻","现代文摘(上海)","1947","第1卷 第5/6期","101-102","上海"
"童养媳集体投河","现代文摘(上海)","1947","第1卷 第5/6期","115",NA,"上海"
"报馆倒霉","现代文摘(上海)","1947","第1卷 第5/6期","99",NA,"上海"
"谁上了杜鲁门的当","乔木","现代文摘(上海)","1947","第1卷 第5/6期","113-114","上海"
"广州亦倡禁舞","现代文摘(上海)","1947","第1卷 第5/6期","109",NA,"上海"
"美国援华问题的烦恼(附图)","宦乡","现代文摘(上海)","1947","第1卷 第5/6期","96-98","上海"
"国币不如冥币","现代文摘(上海)","1947","第1卷 第5/6期","99",NA,"上海"
"抢米群众判罪","现代文摘(上海)","1947","第1卷 第5/6期","115",NA,"上海"
"法律问题:[漫画]","方成","现代文摘(上海)","1947","第1卷 第5/6期","封1","上海"
"“马歇尔计划”的真相(附表)","陶大镛","现代文摘(上海)","1947","第1卷 第7期","135-137","上海"
"最后一幅墙:[漫画]","方成","现代文摘(上海)","1947","第1卷 第7期","封1","上海"
"从杜鲁门主义到马歇尔主义","费孝通","现代文摘(上海)","1947","第1卷 第7期","133-135","上海"
"中国的政治病","萧公权","现代文摘(上海)","1947","第1卷 第7期","117-118","上海"
"新流亡图:[画图]","建庵","现代文摘(上海)","1947","第1卷 第7期","123","上海"
"民主政治的前提","马义","现代文摘(上海)","1947","第1卷 第7期","122-123","上海"
"论改良主义的经济方案:评刘大中李崇淮方显廷诸氏的主张","杨深","现代文摘(上海)","1947","第1卷 第7期","124-126","上海"
"自动涨价机:[画图]","黄墅","现代文摘(上海)","1947","第1卷 第7期","127","上海"
"从杜鲁门主义到马歇尔方案","杨刚","现代文摘(上海)","1947","第1卷 第7期","130-133","上海"
"行宪需要反对党","崔书琴","现代文摘(上海)","1947","第1卷 第7期","121-122","上海"
"恢复中日私人贸易的真相:原题为八月十五日我国经济上的重大关头(附表)","娄立斋","现代文摘(上海)","1947","第1卷 第7期","126-128","上海"
"美国经济危机与中国:原题为美国为什么对中国有野心?","马寅初","现代文摘(上海)","1947","第1卷 第7期","128-129","上海"
"论民主精神","刘乃诚","现代文摘(上海)","1947","第1卷 第7期","120-121","上海"
"前进的行列:[画图]","方成","现代文摘(上海)","1947","第1卷 第7期","119","上海"
"两种根本不同的政党","胡适","现代文摘(上海)","1947","第1卷 第7期","118-120","上海"
"小民狂想曲:[画图]","阿礼","现代文摘(上海)","1947","第1卷 第8期","146","上海"
"欢迎魏特曼特使来华","翁之镛","现代文摘(上海)","1947","第1卷 第8期","141-142","上海"
"闲话革命","俞平伯","现代文摘(上海)","1947","第1卷 第8期","159","上海"
"新闻集锦:自己切断手指","现代文摘(上海)","1947","第1卷 第8期","154",NA,"上海"
"有何面目见先贤:[画图]","伊里斯","现代文摘(上海)","1947","第1卷 第8期","142","上海"
"欢迎魏德迈","沈从文","现代文摘(上海)","1947","第1卷 第8期","139-140","上海"
"试论美国的“中韩调查团”及我国的反应","吴世昌","现代文摘(上海)","1947","第1卷 第8期","140-141","上海"
"悲剧的国度:[诗歌]","任钧","现代文摘(上海)","1947","第1卷 第8期","158","上海"
"新闻集锦:汽车杀人最高纪录","现代文摘(上海)","1947","第1卷 第8期","154",NA,"上海"
"李虾扒","沙汀","现代文摘(上海)","1947","第1卷 第8期","155-158","上海"
"对日本问题的再认识","王芸生","现代文摘(上海)","1947","第1卷 第8期","150-151","上海"
"如何解救中国经济危机","粟寄沧","现代文摘(上海)","1947","第1卷 第8期","148-149","上海"
"评“经济改革方案”","方显廷","现代文摘(上海)","1947","第1卷 第8期","143-145","上海"
"当前经济应如何改革?","杨西孟","现代文摘(上海)","1947","第1卷 第8期","145-146","上海"
"对日和约问题","宦乡","现代文摘(上海)","1947","第1卷 第8期","151-153","上海"
"新闻集锦:木刻家陈烟桥被捕以后","现代文摘(上海)","1947","第1卷 第8期","154",NA,"上海"
"开放对日贸易与民族工业","娄立斋","现代文摘(上海)","1947","第1卷 第8期","153-154","上海"
"太阳旗又挂起来了:[漫画]","佚名","现代文摘(上海)","1947","第1卷 第8期","封1","上海"
"改革币制是当前的需要","王新命","现代文摘(上海)","1947","第1卷 第8期","147-148","上海"
"对日和会应由中国领导论","林焕平","现代文摘(上海)","1947","第1卷 第9期","164-165","上海"
"荣报","臧克家","现代文摘(上海)","1947","第1卷 第9期","176-180","上海"
"党派斗争·官僚作风·贪污陋习:今日大学中的三个问题","钱实甫","现代文摘(上海)","1947","第1卷 第9期","171-173","上海"
"从经济观点论对日问题","孟宪章","现代文摘(上海)","1947","第1卷 第9期","168-170","上海"
"新闻集锦:人间惨剧","现代文摘(上海)","1947","第1卷 第9期","175",NA,"上海"
"新闻集锦:苏州监犯闹狱","现代文摘(上海)","1947","第1卷 第9期","165",NA,"上海"
"分析教育当局对于男女分校的用意","雷洁琼","现代文摘(上海)","1947","第1卷 第9期","174-175","上海"
"如何挽救当前之高等教育危机","胡先骕","现代文摘(上海)","1947","第1卷 第9期","173-174","上海"
"瘾君子毒贩和魔鬼","雪峰","现代文摘(上海)","1947","第1卷 第9期","181","上海"
"新官上任:[画图]","穆企","现代文摘(上海)","1947","第1卷 第9期","172","上海"
"沉痛中的挽救:写在开放对日贸易之时","汪竹一","现代文摘(上海)","1947","第1卷 第9期","166-167","上海"
"日本旗重新飘摇在富士山上:[画图]","佚名","现代文摘(上海)","1947","第1卷 第9期","169","上海"
"他仍没有死:[画图]","佚名","现代文摘(上海)","1947","第1卷 第9期","封1","上海"
"新闻集锦:上海将禁舞","现代文摘(上海)","1947","第1卷 第9期","175",NA,"上海"
"写给足以自豪的美国","何永佶","现代文摘(上海)","1947","第1卷 第9期","163-164","上海"
"新闻集锦:儿童国成立","现代文摘(上海)","1947","第1卷 第9期","175",NA,"上海"
"开放对日贸易主动在我","黄元彬","现代文摘(上海)","1947","第1卷 第9期","167-168","上海"
"不应固执地去看美国外交","费孝通","现代文摘(上海)","1947","第1卷 第9期","161-163","上海"
"美军虐待华工","现代文摘(上海)","1947","第1卷 第9期","170",NA,"上海"
"权门政治与豪门经济","钱实甫","现代文摘(上海)","1947","第1卷 第10期","186-187","上海"
"国病","邓之诚","现代文摘(上海)","1947","第1卷 第10期","184-185","上海"
"评外汇管理新办法","杨荫溥","现代文摘(上海)","1947","第1卷 第10期","189-190","上海"
"竞选者的垫脚石:[画图]","黄墅","现代文摘(上海)","1947","第1卷 第10期","封1","上海"
"论当前世界形势中的主要矛盾","乔木","现代文摘(上海)","1947","第1卷 第10期","195-198","上海"
"蜡梅花开","田涛","现代文摘(上海)","1947","第1卷 第10期","199-203","上海"
"论美苏矛盾:原题为从莫斯科看美苏关系(附图)","梁纯夫","现代文摘(上海)","1947","第1卷 第10期","193-194","上海"
"魏德迈的苦闷","张明养","现代文摘(上海)","1947","第1卷 第10期","183-184","上海"
"新民谣:[画图多幅]","何其","现代文摘(上海)","1947","第1卷 第10期","185","上海"
"非常情形下的物价及经济问题","杨西孟","现代文摘(上海)","1947","第1卷 第10期","190-192","上海"
"动荡中的国际形势:从门罗主义到杜鲁门主义","张铁生","现代文摘(上海)","1947","第1卷 第1期","16-17","上海"
"当前经济政策","周伯棣","现代文摘(上海)","1947","第1卷 第1期","11-13","上海"
"它的名字就叫做“生活”:[照片]","臧克家","现代文摘(上海)","1947","第1卷 第1期","25","上海"
"学潮平议:上海警察阻止学生游行:[照片]","现代文摘(上海)","1947","第1卷 第1期","8",NA,"上海"
"学潮平议:学生与骑巡队在西藏路上交涉:[照片]","现代文摘(上海)","1947","第1卷 第1期","8",NA,"上海"
"我们对于最近学生运动的意见:上海学生游行在外滩公园散队:[照片]","现代文摘(上海)","1947","第1卷 第1期","9",NA,"上海"
"政学系·民社党·青年党的家谱","现代文摘(上海)","1947","第1卷 第1期","19-21",NA,"上海"
"反对开放对日贸易","马寅初","现代文摘(上海)","1947","第1卷 第10期","188-189","上海"
"催马加鞭:[画图]","失名","现代文摘(上海)","1947","第1卷 第11期","214","上海"
"关于“英美矛盾”与“美苏矛盾”诸问题","梁纯夫","现代文摘(上海)","1947","第1卷 第11期","219-221","上海"
"改革币制问题","卫挺生","现代文摘(上海)","1947","第1卷 第11期","212-213","上海"
"论自由主义在中国","胡绳","现代文摘(上海)","1947","第1卷 第11期","208-210","上海"
"魏德迈回国后美国将如何的对中国","许德珩","现代文摘(上海)","1947","第1卷 第11期","205-207","上海"
"法币之今昔","栗寄沧","现代文摘(上海)","1947","第1卷 第11期","211-212","上海"
"“友邦”:[画图]","伊里斯","现代文摘(上海)","1947","第1卷 第11期","封1","上海"
"做了乞丐","靳以","现代文摘(上海)","1947","第1卷 第11期","225","上海"
"现阶段世界政治主流与主要矛盾","沈志远","现代文摘(上海)","1947","第1卷 第11期","215-217","上海"
"舞车之站","刘盛亚","现代文摘(上海)","1947","第1卷 第11期","222-225","上海"
"转变中的中国","陶孟和","现代文摘(上海)","1947","第1卷 第11期","207-208","上海"
"竞选四法:[漫画多幅]","宣相权","现代文摘(上海)","1947","第1卷 第11期","210","上海"
"论现阶段世界政治的矛盾","林焕平","现代文摘(上海)","1947","第1卷 第11期","217-219","上海"
"最近会改革币制吗?","寿进文","现代文摘(上海)","1947","第1卷 第11期","213-214","上海"
"我们要不要美国借款?","卫挺生","现代文摘(上海)","1947","第1卷 第12期","243-245","上海"
"民主的种类与重新估价","蔡尚思","现代文摘(上海)","1947","第1卷 第12期","227-231","上海"
"国民党之危机","胡先骕","现代文摘(上海)","1947","第1卷 第12期","233-234","上海"
"拾零:民国三十三年，中央日报社长马星野公布全国有报馆九百至一千家……","现代文摘(上海)","1947","第1卷 第12期","234",NA,"上海"
"巧妇难作无米之炊:[漫画]","方成","现代文摘(上海)","1947","第1卷 第12期","封1","上海"
"论日本赔偿及赔偿物资的处理问题","李紫翔","现代文摘(上海)","1947","第1卷 第12期","245-247","上海"
"欧洲仲夏夜之梦","费孝通","现代文摘(上海)","1947","第1卷 第12期","238-240","上海"
"民主政治必须有反对派","范予遂","现代文摘(上海)","1947","第1卷 第12期","231-232","上海"
"浮生六记:[漫画多幅]","路得","现代文摘(上海)","1947","第1卷 第12期","230","上海"
"英国经济危机的总分析(附表)","陶大镛","现代文摘(上海)","1947","第1卷 第12期","235-238","上海"
"印尼的抗暴自卫战争","宦乡","现代文摘(上海)","1947","第1卷 第12期","241-242","上海"
"中国经济会崩溃?","姜庆湘","现代文摘(上海)","1947","第1卷 第13期","254-256","上海"
"抗议宋子文主粤!","白旭","现代文摘(上海)","1947","第1卷 第13期","253","上海"
"副主席的谜","楼邦彦","现代文摘(上海)","1947","第1卷 第13期","251-253","上海"
"学术短波:提提提","现代文摘(上海)","1947","第1卷 第13期","267",NA,"上海"
"战时待遇与社会阶层的变动","公诚","现代文摘(上海)","1947","第1卷 第13期","259-260","上海"
"化外(未完)","田涛","现代文摘(上海)","1947","第1卷 第13期","268-269","上海"
"新鬼烦冤旧鬼哭:[漫画]","穆企","现代文摘(上海)","1947","第1卷 第13期","封1","上海"
"我国外汇政策之前瞻","徐毓枬","现代文摘(上海)","1947","第1卷 第13期","256-259","上海"
"争取世界霸权的美国","李昂季叶夫","现代文摘(上海)","1947","第1卷 第13期","265-267","上海"
"最小的国家","现代文摘(上海)","1947","第1卷 第13期","260",NA,"上海"
"时局的症结与出路","诸葛农","现代文摘(上海)","1947","第1卷 第13期","249-250","上海"
"学术短波:影印新法","现代文摘(上海)","1947","第1卷 第13期","267",NA,"上海"
"学术短波:新杀虫剂","现代文摘(上海)","1947","第1卷 第13期","267",NA,"上海"
"苏联在联合国的表现","欧文","现代文摘(上海)","1947","第1卷 第13期","264-265","上海"
"学术短波:酿醋新法","现代文摘(上海)","1947","第1卷 第13期","267",NA,"上海"
"联合国与世界问题","梅碧华","现代文摘(上海)","1947","第1卷 第13期","261-264","上海"
"民主主义与宗派主义","马义","现代文摘(上海)","1947","第1卷 第13期","250-251","上海"
"学术短波:人造雨","现代文摘(上海)","1947","第1卷 第13期","267",NA,"上海"
"捉马图:[画图]","阿礼","现代文摘(上海)","1947","第1卷 第2期","40","上海"
"大学潮与真民意","蔡尚思","现代文摘(上海)","1947","第1卷 第2期","31-33","上海"
"世界现势与中国","余孟如","现代文摘(上海)","1947","第1卷 第2期","48","上海"
"保卫和平的斗争开始了","乔木","现代文摘(上海)","1947","第1卷 第2期","47","上海"
"正视科学","潘光旦","现代文摘(上海)","1947","第1卷 第2期","49","上海"
"学潮问答(附图)","郭沫若","现代文摘(上海)","1947","第1卷 第2期","30-31","上海"
"哀江南:[诗歌]","田汉","现代文摘(上海)","1947","第1卷 第2期","37","上海"
"官僚资本的作用及其后果(附图)","王亚南","现代文摘(上海)","1947","第1卷 第2期","42-44","上海"
"实行金法币制的提议","王新命","现代文摘(上海)","1947","第1卷 第2期","41-42","上海"
"时人百态:[漫画多幅]","现代文摘(上海)","1947","第1卷 第2期","30-33",NA,"上海"
"中国经济的现阶段","杨西孟","现代文摘(上海)","1947","第1卷 第2期","40-41","上海"
"杜鲁门主义的理论体系(附图)","思慕","现代文摘(上海)","1947","第1卷 第2期","45-46","上海"
"苦闷的话","周一志","现代文摘(上海)","1947","第1卷 第2期","33-35","上海"
"中国经济危机及其挽救途径","方显廷","现代文摘(上海)","1947","第1卷 第2期","38-40","上海"
"论文汇新民联合三报被封及大公报","储安平","现代文摘(上海)","1947","第1卷 第2期","36-37","上海"
"道德的危机","陶孟和","现代文摘(上海)","1947","第1卷 第2期","35-36","上海"
"我对于当前和平运动的意见","张东荪","现代文摘(上海)","1947","第1卷 第2期","29","上海"
"中共临末为何拒绝和谈","梁漱溟","现代文摘(上海)","1947","第1卷 第3期","51-52","上海"
"世界猎奇","刘义","现代文摘(上海)","1947","第1卷 第3期","68","上海"
"美苏对立与今后世界趋势","俞颂华","现代文摘(上海)","1947","第1卷 第3期","63-64","上海"
"美国对华政策的一种看法","费孝通","现代文摘(上海)","1947","第1卷 第3期","64-66","上海"
"第一次战后和第二次战后","齐思和","现代文摘(上海)","1947","第1卷 第3期","67-68","上海"
"“尾巴主义”:[漫画]","张文元","现代文摘(上海)","1947","第1卷 第3期","封1","上海"
"论和平的先决步骤(附图)","吴晗","现代文摘(上海)","1947","第1卷 第3期","52-53","上海"
"当前物价问题的检讨(附图)","笪移今","现代文摘(上海)","1947","第1卷 第3期","57-59","上海"
"困苦中的中国近貌","裴斐 M·H","现代文摘(上海)","1947","第1卷 第3期","55-56","上海"
"“盲肠炎”题记","郭沫若","现代文摘(上海)","1947","第1卷 第3期","70-71","上海"
"民社党内哄经纬","童伐异","现代文摘(上海)","1947","第1卷 第3期","69","上海"
"法制制度应该如何改革","漆琪生","现代文摘(上海)","1947","第1卷 第3期","60-61","上海"
"心理·涨价·与通货膨胀","陈岱孙","现代文摘(上海)","1947","第1卷 第3期","59-60","上海"
"政府应即采行新外汇政策","方显廷","现代文摘(上海)","1947","第1卷 第3期","61-62","上海"
"如何挽救世局","陈钟浩","现代文摘(上海)","1947","第1卷 第3期","66-67","上海"
"论通俗化","朱自清","现代文摘(上海)","1947","第1卷 第3期","70-71","上海"
"论和平问题","吴世昌","现代文摘(上海)","1947","第1卷 第3期","53-55","上海"
"北塔山事件之历史背景","水建彤","现代文摘(上海)","1947","第1卷 第4期","88-89","上海"
"世界点滴:美国德克萨斯省有名坎柏尔者……","现代文摘(上海)","1947","第1卷 第4期","87",NA,"上海"
"这世界不允许有灵魂的人:一封无法投递的信","袁雪芬","现代文摘(上海)","1947","第1卷 第4期","92-93","上海"
"亨利第四的故事:一个和平方案","何永佶","现代文摘(上海)","1947","第1卷 第4期","75-76","上海"
"从法国看杜鲁门主义","华莱士 冯明章","现代文摘(上海)","1947","第1卷 第4期","83-84","上海"
"苏联对外政策(附图)","西门宗华","现代文摘(上海)","1947","第1卷 第4期","84-86","上海"
"通货膨胀与当前财政","王壁岑","现代文摘(上海)","1947","第1卷 第4期","80-81","上海"
"十年来我国的物价与通货(附图)","杨西孟","现代文摘(上海)","1947","第1卷 第4期","79-80","上海"
"论民主与反民主的斗争(附图)","邓初民","现代文摘(上海)","1947","第1卷 第4期","73-75","上海"
"男女分校:[诗词]","马凡陀","现代文摘(上海)","1947","第1卷 第4期","78","上海"
"穷:人生下来就是穷的……","梁实秋","现代文摘(上海)","1947","第1卷 第4期","92-93","上海"
"米蛀虫:[诗歌]","马凡陀","现代文摘(上海)","1947","第1卷 第4期","90","上海"
"请检查:[画图]","米谷","现代文摘(上海)","1947","第1卷 第4期","77","上海"
"解除外汇管制与抢救当前经济危机刍议","方显廷 杨荫溥 朱斯煌","现代文摘(上海)","1947","第1卷 第4期","81-82","上海"
"同是在两大之间","费孝通","现代文摘(上海)","1947","第1卷 第4期","86-87","上海"
"要顺潮流亦要合国情","胡先骕","现代文摘(上海)","1947","第1卷 第4期","77-78","上海"
"难兄难弟:[漫图]","米谷","现代文摘(上海)","1947","第1卷 第4期","封1","上海"
"记华罗庚教授","时风","现代文摘(上海)","1947","第1卷 第4期","91","上海"
"上行下效:[画图]","穆企","现代文摘(上海)","1947","第1卷 第4期","80","上海"
"党派与党派观念","吴之椿","现代文摘(上海)","1947","第1卷 第4期","76-77","上海"
"新疆事件的真相(附图)","现代文摘(上海)","1947","第1卷 第4期","89-90",NA,"上海"
"意大利阁潮剖视","陈原","现代文摘(上海)","1947","第1卷 第1期","17-18","上海"
"创刊的话:兼致现代经济文摘的读者","蔡力行","现代文摘(上海)","1947","第1卷 第1期","1","上海"
"一代不如一代","王统照","现代文摘(上海)","1947","第1卷 第1期","22-25","上海"
"我看学潮","王芸生","现代文摘(上海)","1947","第1卷 第1期","5-6","上海"
"学潮平议(附照片)","现代文摘(上海)","1947","第1卷 第1期","7-9",NA,"上海"
"解民倒悬:[画图]","张文元","现代文摘(上海)","1947","第1卷 第1期","3","上海"
"“吃”不“销”:[画图]","文元","现代文摘(上海)","1947","第1卷 第1期","18","上海"
"反对内战与争取和平:我们对于和平的努力","章伯钧","现代文摘(上海)","1947","第1卷 第1期","4","上海"
"工作竞赛?:[画图]","张文元","现代文摘(上海)","1947","第1卷 第1期","7","上海"
"张学良在台湾:莫德惠来信谈其生活·思想·抱负","彭翰","现代文摘(上海)","1947","第1卷 第1期","19-21","上海"
"我从后方来","许杰","周报(上海1945)","1945","第3期","16","上海"
"道思想自由之路","胡曲园","周报(上海1945)","1945","第2期","10-11","上海"
"每周文摘:“柳诗”“尹画”读后献词","茅盾","周报(上海1945)","1945","第10期","17","上海"
"每周文摘:论武侠小说","张恨水","周报(上海1945)","1945","第11期","19","上海"
"太过与不及","朱洗","周报(上海1945)","1945","第11期","20-21","上海"
"寄自胜利的陪都","蔡楚生","周报(上海1945)","1945","第2期","15","上海"
"长春情调","吕德润","周报(上海1945)","1945","第9期","22","上海"
"评坛:改名中正路之后","特","周报(上海1945)","1945","第10期","3","上海"
"狼鼠之外","徐系","周报(上海1945)","1945","第9期","17-18","上海"
"丑剧:[画图]","丰子恺","周报(上海1945)","1945","第2期","16","上海"
"苏北印象记","罗尔鲍 林松","周报(上海1945)","1945","第17期","22-23","上海"
"评坛:“民亦劳止”","潜","周报(上海1945)","1945","第6期","2","上海"
"战后萧条与安定民生","平心","周报(上海1945)","1945","第3期","6-9","上海"
"民主，民主，谈何容易?:[漫画]","马丁","周报(上海1945)","1945","第14期","12","上海"
"评坛:转机","堂","周报(上海1945)","1945","第16期","2-3","上海"
"每周文摘:为江浙人民呼吁!(大公报)","周报(上海1945)","1945","第10期","14-15",NA,"上海"
"兰品","索非","周报(上海1945)","1945","第10期","20","上海"
"每周文摘:和平建国的原则","黄炎培","周报(上海1945)","1945","第14期","19","上海"
"傀儡戏:[画图]","丰子恺","周报(上海1945)","1945","第3期","13","上海"
"读者通讯:不要让汉奸混进教育界","张珏 李自强 虞德林","周报(上海1945)","1945","第7期","20","上海"
"战后柏林素描:清除电车轨道:[照片]","周报(上海1945)","1945","创刊号","32",NA,"上海"
"中华全国文艺界抗敌协会来件:为庆祝胜利告国人书","周报(上海1945)","1945","第4期","14-15",NA,"上海"
"战后人民最低限度的要求","平心","周报(上海1945)","1945","创刊号","4-6","上海"
"评坛:煳涂","特","周报(上海1945)","1945","第9期","2","上海"
"评坛:越南问题、且看事实","浮 芜","周报(上海1945)","1945","第10期","2-3","上海"
"昆明血案寔录:死难战士的哀祭","周报(上海1945)","1945","第15期","9",NA,"上海"
"记重庆鲁迅逝世九周年纪念会","力扬","周报(上海1945)","1945","第9期","13-15","上海"
"胜利带来了一切","陶行知","周报(上海1945)","1945","第9期","20-21","上海"
"特辑:如何清理中储券?:整理伪储券应有之注意点","瞿荆洲","周报(上海1945)","1945","创刊号","17-19","上海"
"摧残文化:[漫画]","丰子恺","周报(上海1945)","1945","第8期","封1","上海"
"评坛:两件急政","羽","周报(上海1945)","1945","第5期","2","上海"
"读者通讯:悲愤的共鸣","尊立","周报(上海1945)","1945","第17期","31","上海"
"特辑:关于“夜店”:孩子的话","调孚","周报(上海1945)","1945","第11期","12-13","上海"
"每周文摘:征求民意:向政治协商会议提案(民主同盟)","周报(上海1945)","1945","第17期","17",NA,"上海"
"追记昆明万人大游行","不耳","周报(上海1945)","1945","第14期","14-15","上海"
"福斯失业与社会贫困(续上期)","平心","周报(上海1945)","1945","第9期","10-12","上海"
"中国的地位与责任","宦乡","周报(上海1945)","1945","第3期","4-5","上海"
"“天地玄黄”","郭沫若","周报(上海1945)","1945","第8期","5","上海"
"都市之音:[漫画]","丰子恺","周报(上海1945)","1945","第9期","封1","上海"
"津浦路徒步南行记(下期续完)","柳宗元","周报(上海1945)","1945","第15期","16-18","上海"
"评坛:怪火乎","堂","周报(上海1945)","1945","第13期","3","上海"
"每周文摘:越南问题(大公报)","周报(上海1945)","1945","第8期","16-17",NA,"上海"
"蛰居散记:暮影笼罩了一切","郑振铎","周报(上海1945)","1945","第2期","14-15","上海"
"读者通讯:上海学生那里去了","劳莹","周报(上海1945)","1945","第17期","30-31","上海"
"蛰居散记(十):记平祖仁与英茵(附照片)","郑振铎","周报(上海1945)","1945","第10期","10","上海"
"灶间婢子见人羞:[漫画]","丰子恺","周报(上海1945)","1945","第13期","封1","上海"
"记重庆武训先生纪念会","黎舫","周报(上海1945)","1945","第17期","15-16","上海"
"日本法西斯主义消灭了吗?","周建人","周报(上海1945)","1945","第12期","9-11","上海"
"无题:[漫画]","左拉","周报(上海1945)","1945","第5期","8-9","上海"
"评坛:宽大与严厉","韬","周报(上海1945)","1945","第2期","3","上海"
"秘密公开了!:[漫画]","沈同衡","周报(上海1945)","1946","第46期","18","上海"
"全国军人，放下武器来","丕强","周报(上海1945)","1946","第36期","3","上海"
"第一号政治犯:[漫画]","叶浅予","周报(上海1945)","1946","第24期","4","上海"
"揩干血痕，继续努力!","陈震中","周报(上海1945)","1946","第44期","14-15","上海"
"评坛:人民的末日到了","芜","周报(上海1945)","1946","第46期","2-3","上海"
"结束一党专政完成民主统一","邵翰齐","周报(上海1945)","1946","第20期","5-6","上海"
"评坛:释放政治犯","芜","周报(上海1945)","1946","第21/22期","2","上海"
"评坛:和平尚须努力","通","周报(上海1945)","1946","第43期","2","上海"
"评坛:抗议南通惨案","璧","周报(上海1945)","1946","第32期","2","上海"
"陈公博受审纪详:听审以后","不耳","周报(上海1945)","1946","第32期","11-12","上海"
"改组乎?粉饰乎?:[漫画]","甘草","周报(上海1945)","1946","第25期","6","上海"
"我们控诉!:闻周报休刊有感","刘西渭","周报(上海1945)","1946","第49/50期","7","上海"
"恭读夏都文告有感","平心","周报(上海1945)","1946","第49/50期","14-25","上海"
"几时结果?:[漫画]","许若明","周报(上海1945)","1946","第24期","7","上海"
"错觉的悲喜剧","罗荪","周报(上海1945)","1946","第49/50期","32-33","上海"
"浙道难:还乡散记之二","吴晗","周报(上海1945)","1946","第47期","15-18","上海"
"六月二十三那天","田汉","周报(上海1945)","1946","第43期","8-10","上海"
"陈公博受审纪详:法院听审记:陈逆被押出看守所时一瞥:[照片]","周报(上海1945)","1946","第32期","9",NA,"上海"
"新闻网外:下关漏网新闻:两记者因何被陪打?、浦熙修高集挨打一瞥、关于浦熙修女士、浦熙修与盛世才","一知","周报(上海1945)","1946","第44期","19","上海"
"主权分割了","马叙伦","周报(上海1945)","1946","第42期","12-13","上海"
"读者通讯:惨痛的内战:一、白蒲镇军人不愿打仗","文育英","周报(上海1945)","1946","第38期","22","上海"
"从陪都看中国","李俞","周报(上海1945)","1946","第33期","11-13","上海"
"爱敬士兵","静宜","周报(上海1945)","1946","第19期","7-8","上海"
"每周文摘:聂荣臻在张家口","子冈","周报(上海1945)","1946","第29期","14-15","上海"
"皮杜尔与比基尼","郭沫若","周报(上海1945)","1946","第46期","18-19","上海"
"评坛:团结前途","芜","周报(上海1945)","1946","第29期","2","上海"
"每周文摘:司派狂","郭沫若","周报(上海1945)","1946","第33期","18","上海"
"怀昆明:读“吾爱吾师，吾尤爱真理”","黄裳","周报(上海1945)","1946","第48期","16-19","上海"
"读者通讯:“周报”在常熟","陆重甲","周报(上海1945)","1946","第24期","23","上海"
"我们控诉!:且等翻过这一页历史","王伯祥","周报(上海1945)","1946","第49/50期","6","上海"
"评坛:东九省问题","韬","周报(上海1945)","1946","第25期","2","上海"
"专访柳亚子先生","应卫民","周报(上海1945)","1946","第20期","20-21","上海"
"摩登唐吉珂德的一种手法","郭沫若","周报(上海1945)","1946","第46期","10-11","上海"
"“在此”","张禹","周报(上海1945)","1946","第25期","20-21","上海"
"从民变说到保甲制度和民主","马叙伦","周报(上海1945)","1946","第26期","3-5","上海"
"新闻网外:苏联有没有原子弹?","平","周报(上海1945)","1946","第44期","19","上海"
"给美国的赛珍珠女士","靳以","周报(上海1945)","1946","第36期","10-12","上海"
"读者通讯:“白尔丁”秘闻","陆野农","周报(上海1945)","1946","第24期","23","上海"
"农家妇:[木刻]","珂田","周报(上海1945)","1946","第24期","6","上海"
"记陪都各界庆祝国内和平大会","力扬","周报(上海1945)","1946","第23期","12-13","上海"
"希特勒的阴魂出现较场口:[漫画]","廖冰兄","周报(上海1945)","1946","第29期","9","上海"
"读者通讯:军官总队在合川","田苗","周报(上海1945)","1946","第34期","22-23","上海"
"物臭还是尸臭?:[漫画]","甘草","周报(上海1945)","1946","第38期","9","上海"
"每周文摘:蔡廷锴将军访问记","林白","周报(上海1945)","1946","第31期","17-18","上海"
"收住，援助的另一手:[漫画]","小民","周报(上海1945)","1946","第42期","5","上海"
"“中国之命运”:[漫画]","张文元","周报(上海1945)","1946","第34期","17","上海"
"中国青年的光荣","丕强","周报(上海1945)","1946","第35期","6-7","上海"
"每周文摘:我的爸爸叶挺将军","叶正明","周报(上海1945)","1946","第24期","20-21","上海"
"在我们四周可怕的“魅影”:[漫画]","甘草","周报(上海1945)","1946","第46期","5","上海"
"关于“翻译官”","黄裳","周报(上海1945)","1946","第19期","14-17","上海"
"时局在拖拖打打之间","黎纬北","周报(上海1945)","1946","第44期","5-7","上海"
"重见天窗","吴祖光","周报(上海1945)","1946","第19期","6","上海"
"民主与统一的辩证关系","岳光","周报(上海1945)","1946","第35期","14-15","上海"
"关于美国兵:军中文化","黄裳","周报(上海1945)","1946","第31期","13-16","上海"
"春风绿野","凤子","周报(上海1945)","1946","第25期","20-21","上海"
"苏联的OKOROMOK是什么?:苏联也有所谓“警管区制”吗?","萧思明","周报(上海1945)","1946","第37期","13-14","上海"
"何日首途:[漫画]","许若明","周报(上海1945)","1946","第25期","5","上海"
"读者通讯:宜兴一二事","周报(上海1945)","1946","第30期","23",NA,"上海"
"评坛:告读者","周报(上海1945)","1946","第42期","2-3",NA,"上海"
"读者通讯:昆明之春","筱宾","周报(上海1945)","1946","第29期","23","上海"
"什么药:[漫画]","丁聪","周报(上海1945)","1946","第19期","封1","上海"
"充满独断和矛盾的文告","施复亮","周报(上海1945)","1946","第49/50期","12-13","上海"
"国民党的道路:为南通暴行作","丕强","周报(上海1945)","1946","第34期","6-7","上海"
"评坛:再论陪都惨案","芜","周报(上海1945)","1946","第25期","2","上海"
"关于美国兵","黄裳","周报(上海1945)","1946","第20期","18-19","上海"
"弟兄们，赶快放下枪杆!:[歌曲]","徐盈 思聪","周报(上海1945)","1946","第43期","22-23","上海"
"读者通讯:狱中通讯","季凤","周报(上海1945)","1946","第23期","22-23","上海"
"腐蚀:[漫画]","翁逸之","周报(上海1945)","1946","第30期","22","上海"
"读者通讯:浙江近事","苏玲","周报(上海1945)","1946","第27/28期","37-39","上海"
"悼闻一多先生","丕强","周报(上海1945)","1946","第47期","12","上海"
"论警管区制:扑索迷离","傅雷","周报(上海1945)","1946","第37期","15-18","上海"
"评坛:马歇尔返任","特","周报(上海1945)","1946","第33期","2","上海"
"地球小姐的饰物:[漫画]","曹斌华","周报(上海1945)","1946","第25期","11","上海"
"我们要有新闻自由","黎纬北","周报(上海1945)","1946","第20期","7-8","上海"
"美国对华政策的四个阶段","范蕙","周报(上海1945)","1946","第47期","5-9","上海"
"消息半周刊致本会函(附件):为报告该刊被迫停刊经过","周报(上海1945)","1946","第42期","24",NA,"上海"
"每周文摘:关于华侨地位的新认识","胡愈之","周报(上海1945)","1946","第24期","17-18","上海"
"新闻网外:复杂的粮贷案内幕","其玉","周报(上海1945)","1946","第45期","16","上海"
"我们控诉!:周报休刊感言","顾均正","周报(上海1945)","1946","第49/50期","7","上海"
"每周文摘:乱离诗钞","郁达夫","周报(上海1945)","1946","第29期","17","上海"
"读者通讯:一个警察的控诉","杨贵","周报(上海1945)","1946","第27/28期","39","上海"
"写在寒夜中:忆羊枣","司马文森","周报(上海1945)","1946","第26期","13-14","上海"
"从政府改组说起","静远","周报(上海1945)","1946","第38期","10","上海"
"每周文摘:古都春寒录","松平","周报(上海1945)","1946","第30期","18","上海"
"美国通讯:美国工运的底蕴","史国衡","周报(上海1945)","1946","第46期","22-23","上海"
"救火会议:[漫画]","沈同衡","周报(上海1945)","1946","第36期","17","上海"
"每周文摘:新马来亚印象记","沈兹九","周报(上海1945)","1946","第27/28期","26-29","上海"
"读者通讯:为常熟东乡老百姓呼吁","周报(上海1945)","1946","第20期","27",NA,"上海"
"十五天后能和平吗","周建人 郭根 安娥","周报(上海1945)","1946","第41期","2-14","上海"
"读者通讯:窒息中的呼声:二、一个重庆学生的信","严奇","周报(上海1945)","1946","第21/22期","42","上海"
"每周文摘:雾重庆的政治季","孔庆赓","周报(上海1945)","1946","第20期","23-24","上海"
"记洗星海先生","何其芳","周报(上海1945)","1946","第19期","19-20","上海"
"关于美国兵:为美国兵活着的人们","黄裳","周报(上海1945)","1946","第33期","19-21","上海"
"每周文摘:各党派长期合作的协定之提议","张东荪","周报(上海1945)","1946","第33期","16-17","上海"
"逢凶化吉:仪式的心理","林汉达","周报(上海1945)","1946","第32期","16-17","上海"
"民主和反民主斗争在广州","耶戈","周报(上海1945)","1946","第39期","19-20","上海"
"空前严重的广东粮荒","耶戈","周报(上海1945)","1946","第38期","17-18","上海"
"论大公报的态度","静远","周报(上海1945)","1946","第39期","10-11","上海"
"人民的初步胜利","平心","周报(上海1945)","1946","第21/22期","6-7","上海"
"评坛:把戏","韬","周报(上海1945)","1946","第26期","2","上海"
"县长及其他官儿们","何为","周报(上海1945)","1946","第30期","13-14","上海"
"从美国的经济政治看对华政策(续)","毅夫","周报(上海1945)","1946","第40期","18-20","上海"
"读者通讯:静静的镇海","周报(上海1945)","1946","第39期","21-23",NA,"上海"
"新闻网外:南昌二三事","何恕","周报(上海1945)","1946","第49/50期","46","上海"
"读者通讯:闽南一隅","张家壻","周报(上海1945)","1946","第24期","22-23","上海"
"读者通讯:一个逃兵的自供","李如家","周报(上海1945)","1946","第37期","22-23","上海"
"评坛:停止宣传战","韬","周报(上海1945)","1946","第38期","2","上海"
"陈公博受审纪详:法院听审记:陈逆听读起诉书时的神情:[照片]","周报(上海1945)","1946","第32期","10",NA,"上海"
"评坛:一线曙光","韬","周报(上海1945)","1946","第30期","2","上海"
"新春试笔:怎样的才算民意?、如今笑话多","马叙伦","周报(上海1945)","1946","第23期","8-10","上海"
"星海先生年谱纪略","周报(上海1945)","1946","第19期","20-22",NA,"上海"
"美国对华政策的苦闷","东方晦之","周报(上海1945)","1946","第48期","6-7","上海"
"胜利一年了","马叙伦","周报(上海1945)","1946","第49/50期","34-36","上海"
"武力能解决问题吗?","郑振铎","周报(上海1945)","1946","第40期","2-5","上海"
"只收诊费，不问病情:[漫画]","丁聪","周报(上海1945)","1946","第34期","封1","上海"
"关于美国兵:美国兵与女人","黄裳","周报(上海1945)","1946","第24期","14-16","上海"
"要面临自侮的结果了","马叙伦","周报(上海1945)","1946","第39期","3-5","上海"
"昆明杂记(续)","黄裳","周报(上海1945)","1946","第44期","21-22","上海"
"把我们看做“人”，抑是“商品”?:[漫画]","甘草","周报(上海1945)","1946","第37期","10","上海"
"西北的妇女:[木刻]","严艺英","周报(上海1945)","1946","第36期","16","上海"
"读者通讯:粮商呼吁和平","周报(上海1945)","1946","第42期","22",NA,"上海"
"给政治协商会议","王亚平","周报(上海1945)","1946","第21/22期","11","上海"
"饥饿的广州","耶戈","周报(上海1945)","1946","第33期","14-15","上海"
"评坛:二中全会","韬","周报(上海1945)","1946","第27/28期","2","上海"
"美国宪法怎样保证反对党的存在","洪深","周报(上海1945)","1946","第47期","14","上海"
"昆明杂记(续)","黄裳","周报(上海1945)","1946","第45期","21-23","上海"
"大连“警管制”身历记","安娥","周报(上海1945)","1946","第42期","20-21","上海"
"读者通讯:学府种种:一、寄自英士大学","陈尔强","周报(上海1945)","1946","第25期","22","上海"
"评坛:“固有尊严”","韬","周报(上海1945)","1946","第37期","2","上海"
"争取正义法统的“民变”","裴仁","周报(上海1945)","1946","第37期","20","上海"
"因于再先生的追悼会而回忆","马叙伦","周报(上海1945)","1946","第21/22期","8-10","上海"
"论个人主义","胡曲园","周报(上海1945)","1946","第21/22期","18-19","上海"
"评王芸生对中国历史的看法","蔡尚思","周报(上海1945)","1946","第42期","14-16","上海"
"评坛:为杨文道呼吁","文","周报(上海1945)","1946","第18期","2","上海"
"从政治协商会议到国民党二中全会","丕强","周报(上海1945)","1946","第27/28期","3-7","上海"
"读者通讯:一个华工的哀诉","周报(上海1945)","1946","第19期","27",NA,"上海"
"我们控诉!:“封”和“禁”","巴金","周报(上海1945)","1946","第49/50期","6","上海"
"“送炭”朋友:[漫画]","严艺英","周报(上海1945)","1946","第46期","23","上海"
"记第八大队:还乡散记之一","吴晗","周报(上海1945)","1946","第45期","12-15","上海"
"美国对华政策改变了么?","司徒尚德","周报(上海1945)","1946","第46期","2-5","上海"
"论政协会中的政争形势","尊闻","周报(上海1945)","1946","第24期","5-7","上海"
"论自杀政策:开恶例的结果还是害自己","郭生","周报(上海1945)","1946","第47期","10-11","上海"
"新危机:[漫画]","华臣","周报(上海1945)","1946","第34期","22","上海"
"评坛:学潮处处","堂","周报(上海1945)","1946","第19期","2","上海"
"读者通讯:非法酷刑","张沈贞清","周报(上海1945)","1946","第30期","23","上海"
"评坛:经济危机","韬","周报(上海1945)","1946","第31期","2","上海"
"每周文摘:吾对于政治协商会议的希望","马寅初","周报(上海1945)","1946","第21/22期","33-34","上海"
"记六·二三下关事件后的余感","马叙伦","周报(上海1945)","1946","第45期","6-8","上海"
"争民主自由的呼声(来件五种):遵义国立浙江大学学生自治会吁请政府释放费巩教授并取沙特务组织书","周报(上海1945)","1946","第21/22期","39-40",NA,"上海"
"新闻网外:大公报与空军","每","周报(上海1945)","1946","第46期","18-19","上海"
"最近英印谈判概述(印度通讯)","杨允元","周报(上海1945)","1946","第45期","17-19","上海"
"新闻网外:庐山真面目","何恕","周报(上海1945)","1946","第49/50期","46","上海"
"希望远在美国","戴文葆","周报(上海1945)","1946","第18期","10-13","上海"
"每周文摘:紫塞途上","魏伯","周报(上海1945)","1946","第34期","20-21","上海"
"读者通讯:请看选举把戏","张庆一","周报(上海1945)","1946","第36期","23","上海"
"每周文摘:会议中的民主","李公朴","周报(上海1945)","1946","第31期","17","上海"
"我们控诉!:周报休刊了","郭绍虞","周报(上海1945)","1946","第49/50期","6-7","上海"
"人民送来的礼物:[漫画]","陈烟桥","周报(上海1945)","1946","第30期","7","上海"
"生产建国:[漫画]","马戈","周报(上海1945)","1946","第30期","10","上海"
"读者通讯:我们被弃在和平圈外了","古月","周报(上海1945)","1946","第34期","22","上海"
"每周文摘:罗山的哀鸣","洪钟","周报(上海1945)","1946","第35期","17-18","上海"
"初访美国:对于美国社会，文化的分析和批判","费孝通","周报(上海1945)","1946","第39期","12-14","上海"
"读者通讯:喉咙里筑坝","朱燮","周报(上海1945)","1946","第40期","23","上海"
"每周文摘:血和泪的控诉:一封特务的自白书","周报(上海1945)","1946","第40期","21-22",NA,"上海"
"蛰居散记:售书记","郑振铎","周报(上海1945)","1946","第18期","15-16","上海"
"我们要抗着逆流行进","东方晦之","周报(上海1945)","1946","第26期","8-9","上海"
"太湖的湖匪","何为","周报(上海1945)","1946","第26期","20","上海"
"废止人力车就算尊重人道么","蔡尚思","周报(上海1945)","1946","第39期","10-11","上海"
"读者通讯:记重庆民警互斗","黄雨秋","周报(上海1945)","1946","第33期","22","上海"
"小礼物:“旅途杂记”前记","巴金","周报(上海1945)","1946","第23期","7","上海"
"海防通讯","阿文","周报(上海1945)","1946","第47期","22-23","上海"
"“打”:[漫画]","丁聪","周报(上海1945)","1946","第46期","封1","上海"
"从北方看中国前途","裴仁","周报(上海1945)","1946","第49/50期","37-39","上海"
"读者通讯:记北平中山公园案","南人","周报(上海1945)","1946","第35期","22-23","上海"
"自己如何?:[漫画]","萧秋","周报(上海1945)","1946","第36期","22","上海"
"初访美国:老而不死","费孝通","周报(上海1945)","1946","第41期","15-17","上海"
"关于美国兵:咖啡与战斗力","黄裳","周报(上海1945)","1946","第29期","18-21","上海"
"读者通讯:浙江政事近况","阜东","周报(上海1945)","1946","第29期","22","上海"
"读者通讯:江西近事","何恕","周报(上海1945)","1946","第34期","23","上海"
"东北之战秘记:一位亲历战局者的谈片","夏敏","周报(上海1945)","1946","第40期","12-13","上海"
"动乱中的国际局势","丕强","周报(上海1945)","1946","第29期","6-8","上海"
"评坛:关于上海临参会","村","周报(上海1945)","1946","第31期","2","上海"
"读者通讯:窒息中的呼声:一、一个无锡学生的信","罗迪","周报(上海1945)","1946","第21/22期","41-42","上海"
"读者通讯:民主作风如是乎(南京通讯)","冯小山","周报(上海1945)","1946","第26期","23","上海"
"评坛:国府还都","韬","周报(上海1945)","1946","第35期","2","上海"
"“叫瘦”与子女:[漫画]","丁聪","周报(上海1945)","1946","第33期","封1","上海"
"从美国的经济政治看对华政策","毅夫","周报(上海1945)","1946","第39期","15-16","上海"
"从陕西到天津:北平大学一学生的信","华","周报(上海1945)","1946","第36期","18","上海"
"上海的边缘:[木刻]","珂田","周报(上海1945)","1946","第34期","13","上海"
"偶像论","胡曲园","周报(上海1945)","1946","第33期","8-10","上海"
"不要误了上课时间:[漫画]","许若明","周报(上海1945)","1946","第34期","4","上海"
"怎么办?","吴晗","周报(上海1945)","1946","第49/50期","29-31","上海"
"天下太平图:[漫画]","严艺英","周报(上海1945)","1946","第49/50期","39","上海"
"每周文摘:严重的关头","邓初民","周报(上海1945)","1946","第30期","15-16","上海"
"富春江上:在富阳:访郁达夫故居(附照片)","唐弢","周报(上海1945)","1946","第41期","21-22","上海"
"评坛:赶快停战","青","周报(上海1945)","1946","第35期","2","上海"
"记南通血案:昆明血迹未干，南通惨案又起(昆明四烈士出殡摄影):[照片]","周报(上海1945)","1946","第32期","13",NA,"上海"
"评坛:一点中心","韬","周报(上海1945)","1946","第19期","2","上海"
"停战令下:并感谢马歇尔将军","袁水柏","周报(上海1945)","1946","第20期","17","上海"
"评坛:悼李闻两先生","堂","周报(上海1945)","1946","第46期","2","上海"
"关于美国兵:“中国通”","黄裳","周报(上海1945)","1946","第23期","19-21","上海"
"到底啥人胜利?","丕强","周报(上海1945)","1946","第42期","13-14","上海"
"实在费劲:[漫画]","许若明","周报(上海1945)","1946","第21/22期","14","上海"
"昆明血案四烈士出殡记","周报(上海1945)","1946","第30期","9-10",NA,"上海"
"调解:[漫画]","丁聪","周报(上海1945)","1946","第41期","封1","上海"
"评坛:陪都惨剧","芜","周报(上海1945)","1946","第24期","2-3","上海"
"伟大的行列:记广州学生示威巡行","谷虹","周报(上海1945)","1946","第23期","14","上海"
"“拖”:[漫画]","丁聪","周报(上海1945)","1946","第45期","封1","上海"
"内战还不停止吗?","马叙伦","周报(上海1945)","1946","第37期","3-4","上海"
"每周文摘:记廖夫人:何香凝先生","赵元浩","周报(上海1945)","1946","第29期","14","上海"
"我们控诉!:悼:为“周报”的休刊作","适夷","周报(上海1945)","1946","第49/50期","7","上海"
"评坛:暴风雨前奏","芜","周报(上海1945)","1946","第37期","2","上海"
"仲夏夜的噩梦","黎纬北","周报(上海1945)","1946","第37期","5-7","上海"
"每周文摘:桂林的阴郁","榆","周报(上海1945)","1946","第30期","17-18","上海"
"周末杂感:呜呼“尸谏”、到处是战争、内外分清、滴滴涕、音容宛在、“陈诉箱”","木耳","周报(上海1945)","1946","第39期","9","上海"
"我们控诉!:让周报背着十字架吧!","周予同","周报(上海1945)","1946","第49/50期","5","上海"
"政治协商会的大礁是什么?","马叙伦","周报(上海1945)","1946","第20期","2-4","上海"
"“汇率分级制”的批判","张一凡","周报(上海1945)","1946","第18期","14-16","上海"
"严加管束","郑振铎","周报(上海1945)","1946","第27/28期","12-13","上海"
"论东北问题","丕强","周报(上海1945)","1946","第20期","13-16","上海"
"鹰的导演:[漫画]","小民","周报(上海1945)","1946","第46期","20","上海"
"与石挥书","李健吾","周报(上海1945)","1946","第35期","10-13","上海"
"关于美国兵:伟大的S.O.S","黄裳","周报(上海1945)","1946","第26期","16-19","上海"
"评坛:姜公美无罪?","堂","周报(上海1945)","1946","第24期","3","上海"
"黄鱼滋味","何容","周报(上海1945)","1946","第21/22期","21-23","上海"
"民“主”曰:“逆我者亡!”:[漫画]","丁聪","周报(上海1945)","1946","第47期","封1","上海"
"大公报上的封建政论:评贺昌群的现代政治社会观","蔡尚思","周报(上海1945)","1946","第43期","14-15","上海"
"中国走在历史的十字路口:迎联合政府的产生","丕强","周报(上海1945)","1946","第21/22期","3-4","上海"
"评坛:选举吗?","韬","周报(上海1945)","1946","第34期","2","上海"
"新闻网外:司徒雷登埋怨马歇尔","沉","周报(上海1945)","1946","第45期","16","上海"
"再论国民党的道路","丕强","周报(上海1945)","1946","第45期","9-11","上海"
"要把这一次暗杀当作新的反对进攻的信号","胡风","周报(上海1945)","1946","第46期","15","上海"
"官僚的补品:[漫画]","崔超明","周报(上海1945)","1946","第40期","13","上海"
"胜利餐(旅途杂记之三)","拾风","周报(上海1945)","1946","第21/22期","30-31","上海"
"一个回忆和感想","马叙伦","周报(上海1945)","1946","第40期","6-7","上海"
"协商会议与联合政府:[漫画三幅]","陈烟桥","周报(上海1945)","1946","第23期","18","上海"
"国共谈判与重开政协","施复亮","周报(上海1945)","1946","第46期","6-8","上海"
"上海市参议会必须改组","马叙伦","周报(上海1945)","1946","第27/28期","14-15","上海"
"关于美国兵:前线景象","黄裳","周报(上海1945)","1946","第27/28期","30-33","上海"
"中国的中层阶级及其新生","丕强","周报(上海1945)","1946","第31期","5-7","上海"
"希望政协不要再让步了","马叙伦","周报(上海1945)","1946","第31期","3-4","上海"
"读者通讯:青岛小单帮的话","白玉纹","周报(上海1945)","1946","第23期","22","上海"
"西安报纸所遭受的风暴:西安通讯","史言","周报(上海1945)","1946","第27/28期","25","上海"
"论东北现局","丕强","周报(上海1945)","1946","第26期","10-12","上海"
"读者通讯:江南之春(武进通讯)","周报(上海1945)","1946","第26期","21-22",NA,"上海"
"论反内战运动","吴晗","周报(上海1945)","1946","第42期","6-9","上海"
"论警管区与住居自由","宣铁吾","周报(上海1945)","1946","第37期","12","上海"
"如此节约:[漫画]","丁聪","周报(上海1945)","1946","第39期","封1","上海"
"评坛:改善士兵生活","堂","周报(上海1945)","1946","第18期","2","上海"
"评坛:局势不利于打","韬","周报(上海1945)","1946","第48期","2","上海"
"读者通讯:苏州伤心事","程婴","周报(上海1945)","1946","第44期","23","上海"
"“为了保护你们老百姓……”:[漫画]","丁聪","周报(上海1945)","1946","第44期","封1","上海"
"论陪都暴行","范蕙","周报(上海1945)","1946","第24期","2-4","上海"
"我们要怎样的“国大”?","施复亮","周报(上海1945)","1946","第45期","3-5","上海"
"中国作家与美国读者致中国国立北平图书馆馆长袁同礼函","赛珍珠","周报(上海1945)","1946","第36期","10-13","上海"
"他说:“四项诺言，早已实行.”:[漫画]","严艺英","周报(上海1945)","1946","第46期","5","上海"
"民主是不是真理?","马叙伦","周报(上海1945)","1946","第35期","3-5","上海"
"南京七日记","马叙伦","周报(上海1945)","1946","第44期","11-13","上海"
"在南京的最后三天","陈立复","周报(上海1945)","1946","第44期","15-16","上海"
"把“主人”当作了什么人?!","郑振铎","周报(上海1945)","1946","第38期","3-5","上海"
"读者通讯:台北鳞爪","东山头人","周报(上海1945)","1946","第37期","23","上海"
"评坛:养成民主作风","潜","周报(上海1945)","1946","第23期","2","上海"
"内战要付出甚么代价?","毅夫","周报(上海1945)","1946","第48期","11-13","上海"
"访李公朴先生谈较场口事件","力扬","周报(上海1945)","1946","第25期","10-11","上海"
"新闻网外:文汇报停刊七日内幕","源","周报(上海1945)","1946","第46期","9","上海"
"教育第一乎?:[漫画]","公隼","周报(上海1945)","1946","第37期","23","上海"
"澈底的“警管制”:[漫画]","丁聪","周报(上海1945)","1946","第37期","封1","上海"
"评坛:再论南通惨案","芜","周报(上海1945)","1946","第33期","2","上海"
"评坛:汉奸受审","韬","周报(上海1945)","1946","第32期","3","上海"
"墙:[漫画]","丁聪","周报(上海1945)","1946","第25期","封1","上海"
"关于结算过去","胡风","周报(上海1945)","1946","第18期","18","上海"
"满洲山水人物(续):二、开原四日(附照片)","周而复","周报(上海1945)","1946","第48期","20-23","上海"
"这是美国人民的声音","黎纬北","周报(上海1945)","1946","第34期","3-5","上海"
"评坛:四项诺言","堂","周报(上海1945)","1946","第20期","3","上海"
"魇:[漫画]","左拉","周报(上海1945)","1946","第34期","17","上海"
"上海市容:[漫画]","丁聪","周报(上海1945)","1946","第31期","封1","上海"
"中国之悲剧:[漫画]","丁聪","周报(上海1945)","1946","第42期","封1","上海"
"“购买力平衡论”者三思之","张一凡","周报(上海1945)","1946","第23期","11","上海"
"保甲必废论","宾符","周报(上海1945)","1946","第25期","8-9","上海"
"关于翁部长文灏","黄裳","周报(上海1945)","1946","第36期","14","上海"
"生命倒悬:[漫画]","曹斌杰","周报(上海1945)","1946","第25期","10","上海"
"蒋主席夫妇在西安","澄之","周报(上海1945)","1946","第36期","16-17","上海"
"读者通讯:小城故事","张恒","周报(上海1945)","1946","第19期","28","上海"
"“释放”:[漫画]","马丁","周报(上海1945)","1946","第27/28期","24","上海"
"评坛:工潮","潜","周报(上海1945)","1946","第21/22期","2","上海"
"枪炮连天震，谈判听不清:[漫画]","丁聪","周报(上海1945)","1946","第36期","封1","上海"
"“我”的“言论自由”:[漫画]","丁聪","周报(上海1945)","1946","第49/50期","封1","上海"
"鞭策之下:[漫画]","许若明","周报(上海1945)","1946","第30期","6","上海"
"评坛:李泽被逮","文","周报(上海1945)","1946","第19期","2","上海"
"读者通讯:西湖杂景:二、抢米风潮","曹叔山","周报(上海1945)","1946","第27/28期","36-37","上海"
"每周文摘:政党平等的先决条件:取消国库支出党务费","周报(上海1945)","1946","第21/22期","32-33",NA,"上海"
"悼念陶行知先生","梁潄溟","周报(上海1945)","1946","第48期","8","上海"
"德国的REVIER是什么?:我想起盖世太保","文西","周报(上海1945)","1946","第37期","19","上海"
"我们控诉!:猪猡的生活","景宋","周报(上海1945)","1946","第49/50期","7-8","上海"
"我的歌颂:六·二三反内战大游行","秦芳晓","周报(上海1945)","1946","第43期","10-12","上海"
"内战与民生","子午","周报(上海1945)","1946","第36期","6","上海"
"时局依然严重","黎纬北","周报(上海1945)","1946","第39期","6-8","上海"
"每周文摘:“黄金案”续审旁听记","李奈","周报(上海1945)","1946","第20期","24-25","上海"
"再论时局","东方晦之","周报(上海1945)","1946","第18期","6-8","上海"
"保姆:[漫画]","丁聪","周报(上海1945)","1946","第32期","封1","上海"
"关于美国兵:汽车团","黄裳","周报(上海1945)","1946","第32期","18-21","上海"
"每周文摘:陶行知先生谈社会大学","郭方仑","周报(上海1945)","1946","第34期","18-19","上海"
"新闻网外:为闻氏被狙案访滞渝联大教授","宛","周报(上海1945)","1946","第47期","13","上海"
"论容忍与互让","哲圣","周报(上海1945)","1946","第21/22期","24-26","上海"
"陪都惨剧目击记:筹备会招待记者座上","青山","周报(上海1945)","1946","第24期","9-10","上海"
"读好报运动","葭水","周报(上海1945)","1946","第36期","6","上海"
"评坛:改组政府","韬","周报(上海1945)","1946","第20期","2-3","上海"
"我们控诉!:自由在我:为纪念周报休刊而作(附题词)","郭沫若","周报(上海1945)","1946","第49/50期","6","上海"
"如何才救得了民族产业","张一凡","周报(上海1945)","1946","第20期","9-11","上海"
"义舞!救灾!:多跳一只舞!多救一条命!:[漫画]","丁聪","周报(上海1945)","1946","第48期","封1","上海"
"论中苏关系:从苏联红军节所想起的","夏衍","周报(上海1945)","1946","第25期","3-5","上海"
"等雨洗澡:[漫画]","马戈","周报(上海1945)","1946","第32期","15","上海"
"释和·战·拖","胡绳","周报(上海1945)","1946","第44期","8-10","上海"
"“出征图”:[漫画]","甘草","周报(上海1945)","1946","第37期","6","上海"
"谁在开倒车了:[漫画]","许若明","周报(上海1945)","1946","第19期","17","上海"
"评坛:再告读者","周报(上海1945)","1946","第47期","2",NA,"上海"
"每周文摘:承德漫记","刘白羽","周报(上海1945)","1946","第31期","19-20","上海"
"换时装:[漫画]","丁聪","周报(上海1945)","1946","第24期","封1","上海"
"读蒋主席“八·一三”告全国同胞文","马叙伦","周报(上海1945)","1946","第49/50期","9-11","上海"
"评坛:“民意”何在?","韬","周报(上海1945)","1946","第39期","2","上海"
"诺言!:[漫画]","张文元","周报(上海1945)","1946","第49/50期","28","上海"
"剧艺福斯化的道路:覆李健吾先生","田汉","周报(上海1945)","1946","第38期","12-16","上海"
"“果园城记”题记","师陀","周报(上海1945)","1946","第38期","20-21","上海"
"“锁”在深闺人未识:[漫画]","左拉","周报(上海1945)","1946","第39期","23","上海"
"大轰动:[漫画]","甘草","周报(上海1945)","1946","第30期","2","上海"
"掀起和平民主运动的怒潮","范蕙","周报(上海1945)","1946","第42期","2-5","上海"
"评坛:“语言道断”之后","韬","周报(上海1945)","1946","第42期","3","上海"
"官僚资本:[漫画]","丁聪","周报(上海1945)","1946","第29期","封1","上海"
"啊!天!:[漫画]","萧秋","周报(上海1945)","1946","第42期","13","上海"
"初访美国:幸福单车的脱节","费孝通","周报(上海1945)","1946","第40期","14-16","上海"
"记新闻网外一大贪污案","黄裳","周报(上海1945)","1946","第24期","11","上海"
"每周文摘:新疆伊宁事变的经过","于陵","周报(上海1945)","1946","第24期","19","上海"
"论中国的统治阶级","静远","周报(上海1945)","1946","第25期","6-7","上海"
"关于美国兵:中国将军怎样应付美国兵","黄裳","周报(上海1945)","1946","第25期","17-19","上海"
"我从北方来","子午","周报(上海1945)","1946","第23期","15-16","上海"
"读者通讯:学府种种:三、在黑暗中","张武全","周报(上海1945)","1946","第25期","23","上海"
"为希特勒末代设计服装:[漫画二幅]","左拉","周报(上海1945)","1946","第26期","20","上海"
"还需努力(附照片)","未达","周报(上海1945)","1946","第25期","14-16","上海"
"从达三轮惨案说起","吕阳","周报(上海1945)","1946","第21/22期","6-7","上海"
"日本现有政党一览","周报(上海1945)","1946","第21/22期","15",NA,"上海"
"要求演剧自由","葛一虹","周报(上海1945)","1946","第21/22期","20","上海"
"读者通讯:抱不平","汉","周报(上海1945)","1946","第18期","22","上海"
"富春江上:桐庐行","柯灵","周报(上海1945)","1946","第41期","22-23","上海"
"人民要不要宣慰?","鲁逵","周报(上海1945)","1946","第21/22期","24-26","上海"
"争民主自由的呼声(来件五种):重庆出版业对政治协商会议意见书","周报(上海1945)","1946","第21/22期","37-39",NA,"上海"
"贞节牌坊","吴祖光","周报(上海1945)","1946","第25期","12-13","上海"
"“死抱住不放”图:[漫画]","左拉","周报(上海1945)","1946","第23期","10","上海"
"评坛:温情的抚慰","文","周报(上海1945)","1946","第24期","2","上海"
"争民主自由的呼声(来件五种):上海市各界联合发起追悼昆明死难师生公祭大会议决致政治商协会议通电","周报(上海1945)","1946","第21/22期","40",NA,"上海"
"赶快复工:[漫画]","许若明","周报(上海1945)","1946","第25期","12","上海"
"先改这一本:[漫画]","陈烟桥","周报(上海1945)","1946","第21/22期","19","上海"
"他们还被拘禁着(读者通讯)","刘谟","周报(上海1945)","1946","第21/22期","23","上海"
"读者通讯:学府种种:二、青岛学潮","文中","周报(上海1945)","1946","第25期","22-23","上海"
"转移目标:[漫画]","丁聪","周报(上海1945)","1946","第26期","封1","上海"
"论民权初步(附书法)","郑振铎","周报(上海1945)","1946","第26期","6-7","上海"
"读者通讯:钦定的自由","施丽珠","周报(上海1945)","1946","第24期","22","上海"
"姜太公在此:禁忌的心理","林汉达","周报(上海1945)","1946","第21/22期","24-26","上海"
"每周文摘:思想与技术","吴世昌","周报(上海1945)","1946","第21/22期","34-35","上海"
"读者通讯:军人的桎梏与“口锁”","张宏","周报(上海1945)","1946","第18期","22-23","上海"
"能哭能笑，并能理解","陈烟桥","周报(上海1945)","1946","第26期","15","上海"
"狗咬人不是新闻，报上难见:[漫画]","马戈","周报(上海1945)","1946","第26期","18","上海"
"调解:[漫画]","丁聪","周报(上海1945)","1946","第27/28期","封1","上海"
"评坛:外汇的开放","陟崔","周报(上海1945)","1946","第26期","2","上海"
"评坛:整军方案签字","芜","周报(上海1945)","1946","第26期","2","上海"
"国民党二中全会闭幕后","马叙伦","周报(上海1945)","1946","第29期","3-5","上海"
"可以兑现了吗?:[漫画]","马戈","周报(上海1945)","1946","第27/28期","11","上海"
"政治协商会议闭幕后","丕强","周报(上海1945)","1946","第23期","3-4","上海"
"评坛:尊重政协决议","韬","周报(上海1945)","1946","第23期","2","上海"
"每周文摘:陶行知颂","袁水拍","周报(上海1945)","1946","第29期","15-16","上海"
"评坛:学生助学运动","浮","周报(上海1945)","1946","第23期","2","上海"
"争民主自由的呼声(来件五种):上海新闻记者为杨潮死难向当局抗议书","周报(上海1945)","1946","第21/22期","40",NA,"上海"
"海外来鸿","胡愈之 王任叔","周报(上海1945)","1946","第23期","15-16","上海"
"反内战的火炬:[漫画]","雾城","周报(上海1945)","1946","第43期","8","上海"
"每周文摘:关于召开国民大会","香汀","周报(上海1945)","1946","第20期","22-23","上海"
"我们控诉!:周报何罪","茅盾","周报(上海1945)","1946","第49/50期","5","上海"
"评坛:警察现代化?","浮","周报(上海1945)","1946","第40期","2-3","上海"
"“物不得其平则鸣”","谛西","周报(上海1945)","1946","第30期","6-7","上海"
"“一觉”","黄裳","周报(上海1945)","1946","第49/50期","42","上海"
"每周文摘:忆郁达夫","适夷","周报(上海1945)","1946","第29期","16-17","上海"
"上海杂志界联谊会致国民参政会电(来件)","周报(上海1945)","1946","第29期","21",NA,"上海"
"无题:[漫画]","严艺英","周报(上海1945)","1946","第49/50期","28","上海"
"我们控诉!:必然的事情","吴祖光","周报(上海1945)","1946","第49/50期","8","上海"
"满洲山水人物(续)","周而复","周报(上海1945)","1946","第49/50期","43-45","上海"
"工潮平了:[漫画]","丁聪","周报(上海1945)","1946","第40期","封1","上海"
"上海杂志界联谊会为抗议“周报”被迫停刊宣言","周报(上海1945)","1946","第49/50期","47",NA,"上海"
"“不法带枪人横行”记","吕牛","周报(上海1945)","1946","第31期","10-12","上海"
"评坛:安定民生第一","芜","周报(上海1945)","1946","第30期","3","上海"
"关于新四军","适夷","周报(上海1945)","1946","第31期","10-12","上海"
"读者通讯:惨痛的内战:二、宿县老百姓的控诉","华生","周报(上海1945)","1946","第38期","22-23","上海"
"剧艺福斯化的道路:与田汉书:论改良平剧与地方戏","李健吾","周报(上海1945)","1946","第38期","11-12","上海"
"评坛:工潮汹涌","芜","周报(上海1945)","1946","第39期","2","上海"
"我们控诉!:悼周报","徐调孚","周报(上海1945)","1946","第49/50期","7","上海"
"封建政治的末路","丕强","周报(上海1945)","1946","第40期","8-9","上海"
"中国电影的厄运","池莲","周报(上海1945)","1946","第30期","11-12","上海"
"风呼呼兮浦江热，代表晋京兮须努力:[漫画]","沈同衡","周报(上海1945)","1946","第43期","2","上海"
"伟大的民意与愚蠢的反动","施复亮","周报(上海1945)","1946","第43期","5","上海"
"论打手政治","吴晗","周报(上海1945)","1946","第43期","6-7","上海"
"满洲山水人物(未完)","周而复","周报(上海1945)","1946","第47期","19-21","上海"
"这只是常识而已","晓敷","周报(上海1945)","1946","第44期","20","上海"
"来件:上海杂志界联谊会为抗议当局非法查禁“消息半周刊”向各界宣言","周报(上海1945)","1946","第42期","24",NA,"上海"
"新闻网外:昆明恐怖案外纪","伧","周报(上海1945)","1946","第46期","17","上海"
"新闻网外:篑延芳快人快语","辛弟","周报(上海1945)","1946","第44期","19","上海"
"我们有责任使他们永远不死","茅盾","周报(上海1945)","1946","第48期","8-9","上海"
"评坛:自侮与人侮","村","周报(上海1945)","1946","第48期","2","上海"
"“五四”的僵尸","陈白尘","周报(上海1945)","1946","第46期","20","上海"
"评坛:迎司徒雷登大使","堂","周报(上海1945)","1946","第45期","2","上海"
"评坛:孙夫人对时局意见","堂","周报(上海1945)","1946","第47期","2","上海"
"请问这就是“反美”么?","茅盾","周报(上海1945)","1946","第45期","8","上海"
"读者通讯:军法处小书记的目睹与自白","周报(上海1945)","1946","第31期","22",NA,"上海"
"评坛:从童芷苓说起","韬","周报(上海1945)","1946","第33期","2","上海"
"评坛:国民大会延期","芜","周报(上海1945)","1946","第34期","2","上海"
"恐怖的城:[漫画]","MK","周报(上海1945)","1946","第34期","5","上海"
"怎样处置汉奸的财产","郑振铎","周报(上海1945)","1946","第32期","5-6","上海"
"陈公博受审纪详:法院听审记:候审室中的陈公博:[照片]","周报(上海1945)","1946","第32期","7",NA,"上海"
"谁叫你不吃人?:[漫画]","老辛","周报(上海1945)","1946","第34期","23","上海"
"哭夏丐尊先生","适夷","周报(上海1945)","1946","第35期","8-9","上海"
"读者通讯:苏州的文化","金斧","周报(上海1945)","1946","第33期","22-23","上海"
"陈公博受审纪详:法院听审记:法院听审者满坑满谷:[照片]","周报(上海1945)","1946","第32期","8",NA,"上海"
"老百姓在那里","马叙伦","周报(上海1945)","1946","第38期","7-9","上海"
"评坛:参议员的“新猷”","韬","周报(上海1945)","1946","第36期","2","上海"
"新闻网外:国社党与民主问题","平","周报(上海1945)","1946","第44期","19","上海"
"下关暴行","韬","周报(上海1945)","1946","第43期","22","上海"
"评坛:定期召开国大","浮","周报(上海1945)","1946","第44期","3","上海"
"英国的BEAT是什么?:所谓“警管区”在英国","邱去耳","周报(上海1945)","1946","第37期","15-16","上海"
"环绕着东北的外交内政问题","裴仁","周报(上海1945)","1946","第36期","4-5","上海"
"妓女制服三种:[漫画]","沈同衡","周报(上海1945)","1946","第37期","5","上海"
"评坛:警局新管制","芜","周报(上海1945)","1946","第36期","2","上海"
"发芽:[诗歌]","张学良","周报(上海1945)","1946","第36期","4","上海"
"话剧演员的地位与待遇问题","石挥","周报(上海1945)","1946","第34期","14-15","上海"
"评坛:关于禁毒","村","周报(上海1945)","1946","第35期","2","上海"
"读者通讯:奉化政情","田永","周报(上海1945)","1946","第32期","22-23","上海"
"每周文摘:国大女代表问题","曹孟君","周报(上海1945)","1946","第33期","18","上海"
"答丐翁(附书法)","叶圣陶","周报(上海1945)","1946","第35期","8-9","上海"
"关于美国兵:种种惊异","黄裳","周报(上海1945)","1946","第30期","19-22","上海"
"读者通讯:如此江南","凌风","周报(上海1945)","1946","第35期","23","上海"
"高宝行程","林莽","周报(上海1945)","1946","第36期","15","上海"
"民主同盟要当心!","文孚","周报(上海1945)","1946","第40期","10-11","上海"
"反对内战的呼声:[漫画]","严艺英","周报(上海1945)","1946","第46期","12","上海"
"上海今日有巨风(六月二十三日记)","梅朵","周报(上海1945)","1946","第43期","13","上海"
"要解决问题只有依靠民力!","施复亮","周报(上海1945)","1946","第44期","2-4","上海"
"读者通讯:目无法纪","董伯干","周报(上海1945)","1946","第36期","23","上海"
"反对访问，争取民主","严景耀","周报(上海1945)","1946","第37期","12-15","上海"
"评坛:粮荒与兵祸","芜","周报(上海1945)","1946","第38期","2","上海"
"勉人民代表","马寅初","周报(上海1945)","1946","第44期","4","上海"
"每周文摘:农村的恶梦中","斯维","周报(上海1945)","1946","第35期","18-19","上海"
"读“中国作家与美国读者”","李健吾","周报(上海1945)","1946","第36期","12-13","上海"
"长安道上","尔东","周报(上海1945)","1946","第36期","17-18","上海"
"国父中山先生和章太炎先生:两位成功的开国元勋","许寿裳","周报(上海1945)","1946","第36期","19-22","上海"
"一九四六年贵妇(军火商之妻)的新装:[漫画]","左拉","周报(上海1945)","1946","第29期","6","上海"
"背道而驰:[漫画]","许若明","周报(上海1945)","1946","第29期","8","上海"
"新闻网外:北平人士看战局","静远","周报(上海1945)","1946","第45期","16","上海"
"从李闻案谈到暗杀政策","马叙伦","周报(上海1945)","1946","第48期","10","上海"
"官样文章:[漫画]","左拉","周报(上海1945)","1946","第29期","4","上海"
"命运论与决定论","洪深","周报(上海1945)","1946","第45期","10-11","上海"
"打不得!打不得!","宦乡","周报(上海1945)","1946","第37期","8-11","上海"
"大政治家的法宝:[漫画]","萧秋","周报(上海1945)","1946","第37期","19","上海"
"“打你这个救火的!”:[漫画]","丁聪","周报(上海1945)","1946","第43期","封1","上海"
"八天之后又如何?","司徒尚德","周报(上海1945)","1946","第43期","3-4","上海"
"昆明杂记","黄裳","周报(上海1945)","1946","第43期","19-21","上海"
"评坛:纪念七七","韬","周报(上海1945)","1946","第44期","2","上海"
"法国的RAYON是什么?:法国警察制度","刘西渭","周报(上海1945)","1946","第37期","16-17","上海"
"十粪:[诗歌]","张学良","周报(上海1945)","1946","第36期","4-5","上海"
"读张学良近作","田汉","周报(上海1945)","1946","第36期","5","上海"
"一封血写的家信","闻家驷","周报(上海1945)","1946","第47期","13","上海"
"“苏北难民”","秦晓芳","周报(上海1945)","1946","第46期","21","上海"
"下关被殴","雷洁琼","周报(上海1945)","1946","第44期","13-14","上海"
"陈公博受审纪详:法院听审记(附照片)","静远","周报(上海1945)","1946","第32期","7-11","上海"
"纵横看时局","丕强","周报(上海1945)","1946","第33期","5-7","上海"
"每周文摘:保障人民的自由权利","艾思奇","周报(上海1945)","1946","第33期","17-18","上海"
"国父中山先生和章太炎先生:两位成功的开国元勋(未完)","许寿裳","周报(上海1945)","1946","第34期","8-10","上海"
"每周文摘:北平通讯","方纾","周报(上海1945)","1946","第31期","18-19","上海"
"读者通讯:响应“严加管束”","沈国璋","周报(上海1945)","1946","第31期","22-23","上海"
"时局症结所在","东方晦之","周报(上海1945)","1946","第32期","2-4","上海"
"我的人生观","马寅初","周报(上海1945)","1946","第38期","6","上海"
"淮阴的剧运","林莽","周报(上海1945)","1946","第38期","20-21","上海"
"新教育:[漫画]","马戈","周报(上海1945)","1946","第30期","12","上海"
"戴笠将军的遭难","马叙伦","周报(上海1945)","1946","第30期","8","上海"
"较场口血案开审记","黄静","周报(上海1945)","1946","第29期","9-11","上海"
"山城风雨","李俞","周报(上海1945)","1946","第29期","12-13","上海"
"陪都惨剧目击记:暴行目睹记","肖白","周报(上海1945)","1946","第24期","8-9","上海"
"李鸿章论机关枪","求思","周报(上海1945)","1946","第20期","14-16","上海"
"评坛:关于两院制","韬","周报(上海1945)","1946","第21/22期","2","上海"
"编辑室:本刊为保存文献……","周报(上海1945)","1946","第19期","26",NA,"上海"
"读者通讯:接收者言","毛谦尹","周报(上海1945)","1946","第19期","27","上海"
"老人素描","任钧","周报(上海1945)","1946","第25期","13","上海"
"日本民主阵线的胎动","余伯约","周报(上海1945)","1946","第21/22期","12-15","上海"
"关于美国兵","黄裳","周报(上海1945)","1946","第21/22期","27-29","上海"
"读者通讯:一个兵士的愤语","尖兵","周报(上海1945)","1946","第18期","23","上海"
"关于艺术的任务","史东山","周报(上海1945)","1946","第19期","21-22","上海"
"论高尔基作品中的形象","耿济之","周报(上海1945)","1946","第19期","23-24","上海"
"周末杂感:我思杨椒山、官僚怎样“资本”、主权之接与送、马后炮、深入民间","木耳","周报(上海1945)","1946","第41期","20","上海"
"鹳山下的郁达夫故居:[照片]","孙肯来","周报(上海1945)","1946","第41期","22","上海"
"走向和平:迎一九四六年","张若达","周报(上海1945)","1946","第18期","3-5","上海"
"周末杂感:菲律宾第二乎!、米呢?、还要感慨吗?、“忠义”之家、银钥匙与黄金马","木耳","周报(上海1945)","1946","第40期","17","上海"
"读者通讯:刺激内战的证明","鹿","周报(上海1945)","1946","第40期","23","上海"
"航榷关榷不容丧失","王坪","周报(上海1945)","1946","第42期","10-11","上海"
"美灵号机来复去","令狐畏","周报(上海1945)","1946","第18期","20-21","上海"
"胜境:[漫画]","丰子恺","周报(上海1945)","1946","第19期","6","上海"
"西南联大教授会呈国府军委会告诉状:控告李宗黄关麟征等","周报(上海1945)","1946","第19期","9-13",NA,"上海"
"他要吃奶:[漫画]","许若明","周报(上海1945)","1946","第24期","7","上海"
"原子炸弹浅释(附图表)","顾均正","周报(上海1945)","1945","创刊号","23-26","上海"
"评坛:昆明学潮","村","周报(上海1945)","1945","第14期","2","上海"
"鲁迅先生口中的抗日英雄","克士","周报(上海1945)","1945","第7期","11-12","上海"
"拟随斗柄独回天:[漫画]","丰子恺","周报(上海1945)","1945","第5期","封1","上海"
"评坛:再谈物价","羽","周报(上海1945)","1945","第7期","2","上海"
"关于日本“天皇”","宧乡","周报(上海1945)","1945","第5期","6-9","上海"
"新秋杂感","杨霁云","周报(上海1945)","1945","第4期","10","上海"
"特辑:关于“夜店”:“夜店”","郑振铎","周报(上海1945)","1945","第11期","12","上海"
"每周文摘:“清明前后”的现实意义","何其芳","周报(上海1945)","1945","第8期","19","上海"
"评坛:平卖","吴","周报(上海1945)","1945","第12期","3","上海"
"读者通讯:松江近事录","曹介植","周报(上海1945)","1945","第12期","23","上海"
"津浦路徒步南行记(续)","柳宗元","周报(上海1945)","1945","第16期","17-18","上海"
"读者通讯:水深火热的浦东","周报(上海1945)","1945","第7期","19-20",NA,"上海"
"什么是孔孟的真精神","郭绍虞","周报(上海1945)","1945","第4期","8-9","上海"
"发刊辞:面向胜利……","周报(上海1945)","1945","创刊号","封2",NA,"上海"
"美空军在昆明","陈尚藩","周报(上海1945)","1945","第4期","16-17","上海"
"读者通讯:日军在无锡","丘八大","周报(上海1945)","1945","第11期","22","上海"
"大哉专员","晓歌","周报(上海1945)","1945","第17期","10-11","上海"
"蛰居散记(五):一个女间牒","郑振铎","周报(上海1945)","1945","第5期","13","上海"
"北之谓“上轨道”:[漫画]","许若明","周报(上海1945)","1945","第16期","5","上海"
"论时局","东方晦之","周报(上海1945)","1945","第15期","11-12","上海"
"上海应该即刻创设一个健全的大学","丁西林","周报(上海1945)","1945","第9期","21-22","上海"
"读者通讯:也来报告一些事实","周报(上海1945)","1945","第9期","23",NA,"上海"
"评坛:释“接收”","韬","周报(上海1945)","1945","第5期","2","上海"
"“不干涉!”:[漫画]","左拉","周报(上海1945)","1945","第12期","17","上海"
"第一碗调养的羮汤:[画图]","左拉","周报(上海1945)","1945","创刊号","26","上海"
"特辑:关于“夜店”:“夜店”上演了!","李健吾","周报(上海1945)","1945","第11期","13","上海"
"每周文摘:中山先生的博大(新蜀报社论)","周报(上海1945)","1945","第12期","19",NA,"上海"
"谈新赣南政治","曹聚仁","周报(上海1945)","1945","第7期","6-9","上海"
"读者通讯:昆明血案反响","陈兆珂 王碎若","周报(上海1945)","1945","第16期","23","上海"
"狂欢之夜","景宋","周报(上海1945)","1945","创刊号","28-29","上海"
"评坛:教育复员问题","浮","周报(上海1945)","1945","第12期","2","上海"
"防御工事:[漫画]","张大任","周报(上海1945)","1945","第12期","16","上海"
"特辑:如何清理中储券?:怎样清理伪钞?","张一凡","周报(上海1945)","1945","创刊号","11-15","上海"
"论党争与统一","平心","周报(上海1945)","1945","第12期","4-5","上海"
"评坛:国大代表及其主张","堂","周报(上海1945)","1945","第9期","2","上海"
"特辑:关于“夜店”:读“夜店”","景宋","周报(上海1945)","1945","第11期","11","上海"
"日俘在南京","闾方","周报(上海1945)","1945","第8期","14-15","上海"
"蛰居散记(三):记刘张二先生的被刺","郑振铎","周报(上海1945)","1945","第3期","11-13","上海"
"评坛:注意暹罗问题","潜","周报(上海1945)","1945","第14期","2","上海"
"冯友兰论:论“新理学”及其它(续)","曹聚仁","周报(上海1945)","1945","第13期","14-15","上海"
"评坛:关麟征停职以后","芜","周报(上海1945)","1945","第15期","2","上海"
"他们也是人","迻山","周报(上海1945)","1945","第17期","10-11","上海"
"清明前后在重庆","黎舫","周报(上海1945)","1945","第10期","12-13","上海"
"庆祝胜利应有的节目:汉奸游街:[漫画]","一民","周报(上海1945)","1945","第5期","3","上海"
"评坛:共产乎","文","周报(上海1945)","1945","第16期","3","上海"
"“前仆后继”新解:[漫画]","左拉","周报(上海1945)","1945","第9期","6","上海"
"“相忘于江湖”:[漫画]","左拉","周报(上海1945)","1945","第8期","4","上海"
"读者通讯:宪兵押考的奇闻","周报(上海1945)","1945","第10期","22",NA,"上海"
"狱中诗记","柯灵","周报(上海1945)","1945","第7期","17-18","上海"
"要求:[漫画]","丁聪","周报(上海1945)","1946","第20期","封1","上海"
"再论中苏关系","夏衍","周报(上海1945)","1946","第27/28期","8-11","上海"
"评坛:苏军在撤退中","芜","周报(上海1945)","1946","第27/28期","2","上海"
"读者通讯:嘉兴冬讯","王璞","周报(上海1945)","1946","第20期","26-27","上海"
"读蒋主席元旦广播词","静远","周报(上海1945)","1946","第18期","9","上海"
"评坛:参政会重开","韬","周报(上海1945)","1946","第29期","2","上海"
"论地方自治","静远","周报(上海1945)","1946","第27/28期","22","上海"
"老百姓忽然重要了一天!:[漫画]","丁聪","周报(上海1945)","1946","第35期","封1","上海"
"关于翁部长文灏(未完)","黄裳","周报(上海1945)","1946","第35期","11-13","上海"
"论大学教授待遇问题","郑振铎","周报(上海1945)","1946","第34期","11-13","上海"
"每周文摘:军统局内幕:一个重庆特务给一个昆明特务的信","周报(上海1945)","1946","第35期","16",NA,"上海"
"中国人真没出息?","马叙伦","周报(上海1945)","1946","第33期","3-4","上海"
"检查制度析疑","克士","周报(上海1945)","1946","第19期","5","上海"
"打破这沉默吧","凤子","周报(上海1945)","1945","第6期","14-15","上海"
"上海文艺界覆中华全国文艺界抗敌协会书","周报(上海1945)","1945","第7期","12",NA,"上海"
"每周文摘:巴县的民选","民语","周报(上海1945)","1945","第13期","21-22","上海"
"读者通讯:告诉你一些苏州的实事","泥","周报(上海1945)","1945","第4期","20","上海"
"评坛:东京签订降书","严奇","周报(上海1945)","1945","创刊号","3","上海"
"赤子之心(胜利街头即景):[画图]","左拉","周报(上海1945)","1945","第3期","12","上海"
"每周文摘:谈思想统制","吴世昌","周报(上海1945)","1945","第14期","20-21","上海"
"杭州行脚","桑弧","周报(上海1945)","1945","第17期","24-25","上海"
"是悲是喜?:[画图]","左拉","周报(上海1945)","1945","创刊号","26","上海"
"荒山枫叶红于染，半是英雄血泪多:[漫画]","丰子恺","周报(上海1945)","1945","第4期","封1","上海"
"中华全国文艺界抗敌协会来件:调查附逆文化人的决议","周报(上海1945)","1945","第4期","15",NA,"上海"
"巴比塞逝世十年祭","周报(上海1945)","1945","创刊号","9",NA,"上海"
"返沪杂感","陆诒","周报(上海1945)","1945","第6期","12-13","上海"
"评坛:双十双庆","羽","周报(上海1945)","1945","第6期","2","上海"
"政治协商会议将开","静远","周报(上海1945)","1945","第16期","8-10","上海"
"八月十一日","师陀","周报(上海1945)","1945","创刊号","29-30","上海"
"阶下弓刀:[漫画]","丰子恺","周报(上海1945)","1945","第7期","封1","上海"
"监狱一角","罗稷南","周报(上海1945)","1945","第7期","16-17","上海"
"评坛:言论自由","韬","周报(上海1945)","1945","第12期","2-3","上海"
"中华全国文艺界抗敌协会来件:慰问上海文艺界书","周报(上海1945)","1945","第4期","15",NA,"上海"
"重庆通讯(二)","黄裳","周报(上海1945)","1945","第17期","7","上海"
"盗匪处处","鱼目","周报(上海1945)","1945","第16期","24","上海"
"凯归:[漫画]","丰子恺","周报(上海1945)","1945","第2期","封1","上海"
"不见的人:忆陆蠡","索非","周报(上海1945)","1945","第2期","16","上海"
"评坛:美对华政策","芜","周报(上海1945)","1945","第16期","2","上海"
"胜利之后","凤子","周报(上海1945)","1945","第4期","10-11","上海"
"跳板上的理论家们:[漫画]","左拉","周报(上海1945)","1945","第6期","9","上海"
"新生:[漫画]","左拉","周报(上海1945)","1945","第6期","11","上海"
"兵诗","冯玉祥","周报(上海1945)","1945","第17期","6","上海"
"重庆的黄金风潮","戴寒波","周报(上海1945)","1945","第12期","10-11","上海"
"每周文摘:美国的罢工风潮","杨刚","周报(上海1945)","1945","第11期","17-18","上海"
"特辑:关于“夜店”:献词","师陀","周报(上海1945)","1945","第11期","10-11","上海"
"晓歌:[漫画]","严克","周报(上海1945)","1945","第6期","7","上海"
"望国人多写自述","李玄伯","周报(上海1945)","1945","第14期","8-12","上海"
"冯友兰论:论“新理学”及其它(续)","曹聚仁","周报(上海1945)","1945","第12期","17-18","上海"
"评坛:政治协商会议","韬","周报(上海1945)","1945","第11期","2","上海"
"读者通讯:迎马歇尔将军的纠纷","庄永","周报(上海1945)","1945","第17期","30","上海"
"蛰居散记:我的邻居们","郑振铎","周报(上海1945)","1945","第16期","16","上海"
"每周文摘:政治协商会议谈片","邵力子 王若飞 张澜","周报(上海1945)","1945","第12期","19-21","上海"
"蛰居散记(九):“最后一课”","郑振铎","周报(上海1945)","1945","第9期","7-9","上海"
"久违了","夷初","周报(上海1945)","1945","第15期","14","上海"
"战争科学与民主","周建人","周报(上海1945)","1945","第4期","5-6","上海"
"特辑:关于“夜店”:夜店","巴金","周报(上海1945)","1945","第11期","11","上海"
"评坛:民主欧洲","文","周报(上海1945)","1945","第8期","2","上海"
"留得人间姓名香:[漫画]","丰子恺","周报(上海1945)","1945","第6期","封1","上海"
"读者通讯:拿官爵做奖品吗","周报(上海1945)","1945","第10期","23",NA,"上海"
"各得其所:[漫画]","左拉","周报(上海1945)","1945","第9期","12","上海"
"法国地下军的秘密","Clark，B. 葭水","周报(上海1945)","1945","第4期","18-19","上海"
"民主之道:[漫画]","丁聪","周报(上海1945)","1945","第17期","封1","上海"
"每周文摘:三种生活","左舜生","周报(上海1945)","1945","第8期","17","上海"
"战后萧条与安定民生(未完)","平心","周报(上海1945)","1945","第2期","7-9","上海"
"读者通讯:黑暗的慈东","小羽","周报(上海1945)","1945","第14期","23","上海"
"摇身一变:[漫画]","翁逸之","周报(上海1945)","1945","第7期","4","上海"
"胜利日:[木刻]","珂田","周报(上海1945)","1945","创刊号","27","上海"
"评坛:谈判重开","韬","周报(上海1945)","1945","第17期","2","上海"
"向马歇尔将军进一言","草草","周报(上海1945)","1945","第16期","6-7","上海"
"和平神在哭:[漫画]","左拉","周报(上海1945)","1945","第10期","6","上海"
"休说重庆来","张鸿增","周报(上海1945)","1945","第9期","19-20","上海"
"苏北的“新四军”","衍棣","周报(上海1945)","1945","第17期","21-23","上海"
"是宽大还是放纵?","傅雷","周报(上海1945)","1945","第8期","14-15","上海"
"“人之患”","葭水","周报(上海1945)","1945","创刊号","6","上海"
"论国共问题","静远","周报(上海1945)","1945","第11期","7-8","上海"
"双十所感","夏衍","周报(上海1945)","1945","第6期","11","上海"
"原子能的开发及其未来的展望(续)","顾均正","周报(上海1945)","1945","第6期","18-20","上海"
"蛰居散记(十七):记几个遭难的朋友们","郑振铎","周报(上海1945)","1945","第17期","8-9","上海"
"每周文摘:重建东北的几点","再生侯北人","周报(上海1945)","1945","第13期","22","上海"
"塞上:[木刻]","王铁华","周报(上海1945)","1945","第7期","14","上海"
"每周文摘:偷渡怒江记","曾瑞","周报(上海1945)","1945","第15期","21-22","上海"
"读者通讯:一个宁波人的呼吁","任四维","周报(上海1945)","1945","第15期","23-24","上海"
"论宦官政权的没落:读史随笔之一","舒湮","周报(上海1945)","1945","第10期","20-21","上海"
"粉饰:[漫画]","左拉","周报(上海1945)","1945","第8期","7","上海"
"宽恕之道","晓歌","周报(上海1945)","1945","第5期","15-16","上海"
"剧作家联谊会声明，保留著作权益","周报(上海1945)","1945","第5期","17",NA,"上海"
"读者通讯:响应浦东人的呼吁:肃清民贼","李时中","周报(上海1945)","1945","第9期","23","上海"
"副刊编辑与写稿先生","师陀","周报(上海1945)","1945","第6期","16-17","上海"
"我们的声诉","周报(上海1945)","1945","第12期","2-3",NA,"上海"
"读者通讯:区长的德政","潘立桐 陈元良","周报(上海1945)","1945","第5期","20","上海"
"我理想中的新中国","周予同 章锡琛 梅兰芳","周报(上海1945)","1945","第6期","5-7","上海"
"评坛:经济建设","韬","周报(上海1945)","1945","第13期","2","上海"
"尊重民意与发扬民力","邵翰齐","周报(上海1945)","1945","第16期","2-5","上海"
"蛰居散记:汉奸是怎样造成的?","郑振铎","周报(上海1945)","1945","第15期","15","上海"
"无表情之二:[漫画]","左拉","周报(上海1945)","1945","第12期","18","上海"
"每周文摘:我们永不要图书杂志审查制度","叶圣陶","周报(上海1945)","1945","第11期","18-19","上海"
"物价高涨的内幕(附图表)","张一凡","周报(上海1945)","1945","第7期","3-5","上海"
"当心髑髅里玩的把戏!:[漫画]","一民","周报(上海1945)","1945","第4期","7","上海"
"辛亥革命的成功与失败","胡曲园","周报(上海1945)","1945","第6期","8-9","上海"
"解除日本工业上的武器","鲍乐蒂","周报(上海1945)","1945","第3期","10-12","上海"
"不受影响的人:[漫画]","华臣","周报(上海1945)","1945","第10期","20","上海"
"每周文摘:中国内争与远东和平(新民报)","周报(上海1945)","1945","第13期","19",NA,"上海"
"消极抵制:[画图]","左拉","周报(上海1945)","1945","第3期","13","上海"
"归人之敏感","姚苏凤","周报(上海1945)","1945","第6期","14-15","上海"
"每周文摘:民之所好三首","陶行知","周报(上海1945)","1945","第13期","20","上海"
"关于鲁彦的回忆琐记","艾芜","周报(上海1945)","1945","第11期","16","上海"
"自写岳王祠立壁从头整顿旧山河:[漫画]","丰子恺","周报(上海1945)","1945","第3期","封1","上海"
"评坛:原子炸弹","文","周报(上海1945)","1945","第11期","2","上海"
"研究鲁迅文学遗产的几个问题(续)","景宋","周报(上海1945)","1945","第5期","14-16","上海"
"“我们要生活得好”论(附图)","周建人","周报(上海1945)","1945","第2期","12-13","上海"
"“今天天气好!”:[漫画]","丰子恺","周报(上海1945)","1945","第12期","封1","上海"
"心不在焉:[漫画]","张大任","周报(上海1945)","1945","第12期","13","上海"
"我们坚决反对内战","周报(上海1945)","1945","第10期","4-5",NA,"上海"
"他年麟阁上先画美人图:[漫画]","丰子恺","周报(上海1945)","1945","第11期","封1","上海"
"每周文摘:论政府对民营工业的态度","沈志远","周报(上海1945)","1945","第8期","17-18","上海"
"专家政治与官僚政治","郑振铎","周报(上海1945)","1945","第6期","3-4","上海"
"近卫之流的“谱子”:[漫画]","左拉","周报(上海1945)","1945","第8期","8","上海"
"读者通讯:徒步请愿","周报(上海1945)","1945","第15期","24",NA,"上海"
"惩奸新论","平心","周报(上海1945)","1945","第5期","3-5","上海"
"炮弹作花瓶人世无战争:[画图]","丰子恺","周报(上海1945)","1945","创刊号","封1","上海"
"津浦路徒步南行记(待续)","柳宗元","周报(上海1945)","1945","第13期","11-13","上海"
"女孩与猫","巴金","周报(上海1945)","1945","第13期","16-18","上海"
"难兄难弟:[漫画]","左拉","周报(上海1945)","1945","第13期","13","上海"
"读者通讯:一个建议","潘安业","周报(上海1945)","1945","第13期","23","上海"
"蛰居散记(八)","周报(上海1945)","1945","第8期","13",NA,"上海"
"战后柏林素描:自来水尚未恢复原状，柏林居民列队候领清水:[照片]","周报(上海1945)","1945","创刊号","32",NA,"上海"
"每周文摘:三十四年来","冯玉祥","周报(上海1945)","1945","第8期","16","上海"
"此一时也:[漫画]","翁逸之","周报(上海1945)","1945","第4期","9","上海"
"每周文摘:不忍见的广州","余剡溪","周报(上海1945)","1945","第16期","19-20","上海"
"福斯失业与社会贫困(下期续完)","平心","周报(上海1945)","1945","第8期","2-5","上海"
"结婚八年:[画图]","左拉","周报(上海1945)","1945","第3期","13","上海"
"困居:[木刻]","珂田","周报(上海1945)","1945","第4期","8","上海"
"评坛:严辨战争罪犯","羽","周报(上海1945)","1945","第3期","2-3","上海"
"秋之市容:[漫画]","左拉","周报(上海1945)","1945","第5期","15","上海"
"编后记:“周报”是几个私人创办的刊物……","周报(上海1945)","1945","第2期","13",NA,"上海"
"评坛:痛定思痛","潜","周报(上海1945)","1945","第3期","2","上海"
"每周文摘:民主同盟的两封信","张澜 黄炎培","周报(上海1945)","1945","第10期","15","上海"
"一席高官万骨枯:[漫画]","左拉","周报(上海1945)","1945","第9期","6","上海"
"文艺新军的培养问题","许杰","周报(上海1945)","1945","第8期","9-11","上海"
"心照不宣:[漫画]","马丁","周报(上海1945)","1945","第14期","18","上海"
"评坛:谢绝“谢罪团”","韬","周报(上海1945)","1945","第4期","2","上海"
"锄奸论","郑振铎","周报(上海1945)","1945","第2期","2-5","上海"
"内战能避免吗?","范蕙","周报(上海1945)","1945","第11期","5-6","上海"
"今后的文化任务","胡曲园","周报(上海1945)","1945","第4期","3-4","上海"
"每周文摘:成都的民选","屠西","周报(上海1945)","1945","第12期","22","上海"
"故都传语(附照片)","黄宗英","周报(上海1945)","1945","第17期","26-27","上海"
"对于物价的紧急措置","郑振铎","周报(上海1945)","1945","第9期","3-4","上海"
"每周文摘:“开会”之于鲁迅","丁玲","周报(上海1945)","1945","第14期","22","上海"
"评坛:中苏友好盟约","风","周报(上海1945)","1945","创刊号","3","上海"
"津浦路徒步南行记(待续)","柳宗元","周报(上海1945)","1945","第12期","14-16","上海"
"悲怆踊:[画图]","左拉","周报(上海1945)","1945","第3期","13","上海"
"评坛:关于新党","韬","周报(上海1945)","1945","第7期","2","上海"
"战后柏林素描(附照片)","耿济之","周报(上海1945)","1945","创刊号","31-32","上海"
"彼一时也:[漫画]","翁逸之","周报(上海1945)","1945","第4期","9","上海"
"昆明血案寔录:大屠杀的一幕","周报(上海1945)","1945","第15期","7-9",NA,"上海"
"评坛:赫尔利的失败","羽","周报(上海1945)","1945","第14期","2","上海"
"记重庆一大贪污案","严亚明","周报(上海1945)","1945","第10期","11","上海"
"反对内战:[漫画]","丁聪","周报(上海1945)","1945","第16期","封1","上海"
"评坛:如何处置汉奸","芜","周报(上海1945)","1945","第3期","3","上海"
"特辑:如何清理中储券?:建议五点","汪大煊","周报(上海1945)","1945","创刊号","21","上海"
"韬奋的最后:邹韬奋先生遗像:[照片]","周报(上海1945)","1945","第8期","12",NA,"上海"
"战后柏林素描:苏联军部与柏林市建筑局长视察市区:[照片]","周报(上海1945)","1945","创刊号","32",NA,"上海"
"会不会再退票?:[漫画]","马丁","周报(上海1945)","1945","第14期","24","上海"
"中国战后经济是否萧条","鲍乐蒂","周报(上海1945)","1945","第8期","6-8","上海"
"读者通讯:光福现状如此","卢铎","周报(上海1945)","1945","第11期","23","上海"
"来件:我们对于处置敌日在华军商人的意见","周报(上海1945)","1945","第5期","17",NA,"上海"
"不要内战:重庆杂志界的呼吁","周报(上海1945)","1945","第10期","6",NA,"上海"
"苏联的女战士","金枫","周报(上海1945)","1945","第8期","20-22","上海"
"读者通讯:救救崇明","陈轲","周报(上海1945)","1945","第4期","20","上海"
"澈底消灭侵略主义:[漫画]","珂田","周报(上海1945)","1945","第4期","2","上海"
"评坛:抗议暹逻事件","堂","周报(上海1945)","1945","第4期","2","上海"
"读者通讯:致马歇尔将军的一封信","月伶 警予 永先","周报(上海1945)","1945","第17期","30","上海"
"蛰居散记(十二):烧书记","郑振铎","周报(上海1945)","1945","第12期","12-13","上海"
"忘记解","景宋","周报(上海1945)","1945","第7期","10-11","上海"
"蛰居散记(六):鹈鹕与鱼","郑振铎","周报(上海1945)","1945","第6期","12-13","上海"
"评坛:失业问题","风","周报(上海1945)","1945","第6期","2","上海"
"香港在地理历史上的检讨(下期续完)","王伯祥","周报(上海1945)","1945","第6期","10-11","上海"
"惩奸","马叙伦","周报(上海1945)","1945","第2期","6","上海"
"狗与人","晓歌","周报(上海1945)","1945","第5期","14-15","上海"
"评坛:另一种仓库失火","韬","周报(上海1945)","1945","第15期","2","上海"
"怎样结束昆明惨案","马叙伦","周报(上海1945)","1945","第15期","3-4","上海"
"特辑:关于“夜店”:“夜店”回忆","夏衍","周报(上海1945)","1945","第11期","12","上海"
"卅四年九月廿五日为鲁迅先生六十五岁生朝纪念敬献一律","柳亚子","周报(上海1945)","1945","第7期","10","上海"
"评坛:迎国军","韬","周报(上海1945)","1945","创刊号","封2","上海"
"每周文摘:荷印问题与英美","杨刚","周报(上海1945)","1945","第13期","19-20","上海"
"读者通讯:以行动制止内战","张宏","周报(上海1945)","1945","第14期","24","上海"
"昆明血案寔录:云大教职员告各界书","陆钦墀 程力方 庄圻泰","周报(上海1945)","1945","第15期","10","上海"
"东北诸省国民教育之重建:战后教育革新论之一","周予同","周报(上海1945)","1945","创刊号","7-8","上海"
"特辑:如何清理中储券?:分两方面看","王雨桐","周报(上海1945)","1945","创刊号","15-16","上海"
"特辑:如何清理中储券?:伪币的善后问题","汤心仪","周报(上海1945)","1945","创刊号","20-21","上海"
"原子能的开发及其未来的展望(下期续完)","顾均正","周报(上海1945)","1945","第5期","18-19","上海"
"连演八年的沦陷区惨剧:[画图]","左拉","周报(上海1945)","1945","创刊号","26","上海"
"第一枝烟","索非","周报(上海1945)","1945","创刊号","27-28","上海"
"特辑:如何清理中储券?:伪储券之流通问题","朱彬元","周报(上海1945)","1945","创刊号","20","上海"
"读者通讯:一群中学生的呼吁","张竞存","周报(上海1945)","1945","第5期","20","上海"
"丧家之犬:[漫画]","翁逸之","周报(上海1945)","1945","第7期","3","上海"
"特辑:如何清理中储券?:如何整理伪储券?","蒋畴余","周报(上海1945)","1945","创刊号","16-17","上海"
"浦江垂钓图:[漫画]","马戈","周报(上海1945)","1945","第11期","21","上海"
"唱:[漫画]","左拉","周报(上海1945)","1945","第5期","16","上海"
"给美国人民的公开信(来件)","马叙伦 冯少山 王绍鏊","周报(上海1945)","1945","第17期","32","上海"
"评坛:从东条自杀说起","黄裳","周报(上海1945)","1945","第2期","2","上海"
"扫除文盲:[画图]","左拉","周报(上海1945)","1945","第2期","11","上海"
"人物:上海特产:[画图]","左拉","周报(上海1945)","1945","第2期","14","上海"
"逢凶“化”吉:[漫画]","许若明","周报(上海1945)","1945","第17期","27","上海"
"评坛:从速恢复地方秩序","潜","周报(上海1945)","1945","第4期","2","上海"
"蛰居散记(四):“封锁”线内外","郑振铎","周报(上海1945)","1945","第4期","6-7","上海"
"“毫不留情呀?”:[漫画]","左拉","周报(上海1945)","1945","第4期","6","上海"
"研究鲁迅文学遗产的几个问题","景宋","周报(上海1945)","1945","第4期","12-13","上海"
"狂欢与急进","胡曲园","周报(上海1945)","1945","创刊号","10","上海"
"上海学生被殴事件","周报(上海1945)","1945","第17期","12-14",NA,"上海"
"香港在地理历史上的检讨","王伯祥","周报(上海1945)","1945","第7期","14-15","上海"
"四川风光:[木刻]","刘铁华","周报(上海1945)","1945","第17期","5","上海"
"读者通讯:南通近况","张淦","周报(上海1945)","1945","第15期","24","上海"
"重庆之街:[木刻]","王琦","周报(上海1945)","1945","第16期","9","上海"
"津浦路徒步南行记(续)","柳宗元","周报(上海1945)","1945","第14期","16-18","上海"
"每周文摘:建国的荣誉","老舍","周报(上海1945)","1945","第12期","21-22","上海"
"读了国民大会代表联谊会宣言以后","马叙伦","周报(上海1945)","1945","第10期","12-13","上海"
"读者通讯:我们失去了光明","顿风","周报(上海1945)","1945","第10期","23","上海"
"评坛:终止暴行","芜","周报(上海1945)","1945","第17期","2","上海"
"每周文摘:印度通讯","曹刚","周报(上海1945)","1945","第14期","21-22","上海"
"迎马歇尔大使","静远","周报(上海1945)","1945","第14期","6-7","上海"
"不应再束手了!:[漫画]","张大任","周报(上海1945)","1945","第12期","15","上海"
"外伤方愈，内病又发:[漫画]","许若明","周报(上海1945)","1945","第12期","24","上海"
"“良民”塑像:[漫画]","丁聪","周报(上海1945)","1945","第15期","封1","上海"
"每周文摘:英国通讯","叶君","周报(上海1945)","1945","第15期","20-21","上海"
"读者通讯:不光荣的内战","董浩","周报(上海1945)","1945","第13期","23-24","上海"
"韬奋的最后(附照片)","郑振铎","周报(上海1945)","1945","第8期","12","上海"
"读者通讯:苏州的“苦难相”","明子","周报(上海1945)","1945","第8期","22-23","上海"
"写在耶稣诞日以前","夷初","周报(上海1945)","1945","第16期","12-13","上海"
"每周文摘:谣释","薛汕","周报(上海1945)","1945","第16期","21-22","上海"
"“别心焦，我还要发点胜利财!”:[漫画]","秋原","周报(上海1945)","1945","第9期","11","上海"
"以团结克服分裂:纪念孙中山先生诞辰","平心","周报(上海1945)","1945","第10期","2-5","上海"
"每周文摘:编者赘语","周报(上海1945)","1945","第8期","16",NA,"上海"
"高等教育如何改进","马叙伦","周报(上海1945)","1945","第16期","11-13","上海"
"读者通讯:虞山福地","虞人平","周报(上海1945)","1945","第10期","23","上海"
"民主与团结问题","张志让","周报(上海1945)","1945","第9期","7-9","上海"
"民主广告","鲁逵","周报(上海1945)","1945","第9期","17","上海"
"每周文摘:政治协商会议的希望","俞颂华","周报(上海1945)","1945","第17期","19","上海"
"评坛:东南亚烽火","堂","周报(上海1945)","1945","第8期","3","上海"
"特辑:如何清理中储券?:伪钞整理问题","唐庆增","周报(上海1945)","1945","创刊号","15","上海"
"当前经济上的几件急政","章榴","周报(上海1945)","1945","创刊号","9","上海"
"蛰居散记(十一):坠楼人","郑振铎","周报(上海1945)","1945","第11期","9","上海"
"常识与政治","晓敷","周报(上海1945)","1945","第11期","7-8","上海"
"蛰居散记(七):记陈三才","郑振铎","周报(上海1945)","1945","第7期","8-9","上海"
"鲁迅先生逝世九年祭:[木刻]","戎戈","周报(上海1945)","1945","第7期","10","上海"
"守望:[木刻]","沈涛","周报(上海1945)","1945","第7期","7","上海"
"“静居思过”图:[画图]","左拉","周报(上海1945)","1945","创刊号","26","上海"
"蛰居散记(一)","郑振铎","周报(上海1945)","1945","创刊号","22","上海"
"特辑:如何清理中储券?:整理伪储币的意见","魏友棐","周报(上海1945)","1945","创刊号","16","上海"
"每周文摘:解决国是问题的最后方案","柳亚子","周报(上海1945)","1945","第10期","15-17","上海"
"太平洋的今天与明天","张若达","周报(上海1945)","1945","第10期","7-9","上海"
"欢迎新年声中的几句话","周建人","周报(上海1945)","1945","第17期","8-9","上海"
"昆明血案寔录:一二·一惨案的真相(附照片)","黎明","周报(上海1945)","1945","第15期","5-7","上海"
"美国对华政策的动向:从马歇尔将军来华说起","范蕙","周报(上海1945)","1945","第14期","3-5","上海"
"来件:国立西南联大等三十一校学生告全国同胞书","周报(上海1945)","1945","第14期","13",NA,"上海"
"读者通讯:浙东“天亮了”以后","卢剑公","周报(上海1945)","1945","第12期","23-24","上海"
"昆明血案寔录:昆明学生向父老沉痛呼吁","周报(上海1945)","1945","第15期","9-10",NA,"上海"
"读者通讯:救救难民群","苦人","周报(上海1945)","1945","第13期","24","上海"
"冯友兰论:论“新理学”及其它(未完)","曹聚仁","周报(上海1945)","1945","第11期","14-15","上海"
"评坛:坚决反地内战","韬","周报(上海1945)","1945","第9期","2","上海"
"春到人间:[漫画]","丰子恺","周报(上海1945)","1945","第10期","封1","上海"
"读者通讯:一个陆军兵士的信","朱自珍","周报(上海1945)","1945","第13期","23","上海"
"每周文摘:什么是“人民世纪”","李公朴","周报(上海1945)","1945","第12期","21","上海"
"中国需要完全的独立与自由","邵翰齐","周报(上海1945)","1945","第13期","2-4","上海"
"记陪都各界反对内战联合大会","力扬","周报(上海1945)","1945","第13期","8-9","上海"
"在封锁线上的白瑞德","曹聚仁","周报(上海1945)","1945","第5期","12","上海"
"论民族气节","周建人","周报(上海1945)","1945","第5期","10-11","上海"
"农家妇:[木刻]","珂田","周报(上海1945)","1945","第15期","18","上海"
"中庭树老阅人多:[漫画]","丰子恺","周报(上海1945)","1945","第14期","封1","上海"
"200:1=?:[漫画]","左拉","周报(上海1945)","1945","第14期","7","上海"
"激荡中的世界政局","张若达","周报(上海1945)","1945","第13期","5-7","上海"
"北方:[木刻]","刘铁华","周报(上海1945)","1945","第17期","16","上海"
"读者通讯:胜利后绍兴的种种","施佑铭","周报(上海1945)","1945","第11期","22-23","上海"
"每周文摘:今屈原","郭沫若","周报(上海1945)","1945","第10期","17","上海"
"无表情:[漫画]","左拉","周报(上海1945)","1945","第9期","4","上海"
"读者通讯:邵·赵之误","唐秉文","周报(上海1945)","1945","第9期","23","上海"
"大时代的里程碑:[漫画]","左拉","周报(上海1945)","1945","第12期","23","上海"
"重庆通信","黄裳","周报(上海1945)","1945","第16期","14-15","上海"
"政治协商会议的暗礁","马叙伦","周报(上海1945)","1945","第17期","3-5","上海"
"拖下去怎么办?","黎纬北","周报(上海1945)","1946","第47期","3-4","上海"
"哭一多父子","吴晗","周报(上海1945)","1946","第46期","16-17","上海"
"评坛:时局展望","韬","周报(上海1945)","1946","第45期","2","上海"
"满洲山水人物(续):二、开原四日:沈阳北陵:[照片]","周报(上海1945)","1946","第48期","23",NA,"上海"
"真空的乡村:还乡散记之三","吴晗","周报(上海1945)","1946","第48期","14-15","上海"
"蒋主席慰劳父老茶会补记","马叙伦","周报(上海1945)","1946","第27/28期","23-24","上海"
"陈公博受审纪详:法院听审记:法院门前为摄影记者所包围:[照片]","周报(上海1945)","1946","第32期","8",NA,"上海"
"来件:中国民主促进会对于时局的宣言","周报(上海1945)","1946","第19期","25-26",NA,"上海"
"顾影自怜的“光明面”:[木刻]","丁聪","周报(上海1945)","1946","第18期","封1","上海"
"新闻网外:重庆恢复邮政检查?","北","周报(上海1945)","1946","第45期","16","上海"
"袁世凯与国民党政制比较","郭生","周报(上海1945)","1946","第31期","8-9","上海"
"争取民权·保卫民权!","郑振铎","周报(上海1945)","1946","第49/50期","32-33","上海"
"一统的“统一”:[漫画]","小民","周报(上海1945)","1946","第46期","21","上海"
"悼征军","何家槐","周报(上海1945)","1946","第33期","9-10","上海"
"国父中山先生和章太炎先生:两位成功的开国元勋(未完)","许寿裳","周报(上海1945)","1946","第35期","20-21","上海"
"痛悼陶李两位先生","马寅初","周报(上海1945)","1946","第48期","9","上海"
"丑表功:[漫画]","大羊","周报(上海1945)","1946","第20期","16","上海"
"论英雄:[漫画]","马戈","周报(上海1945)","1946","第26期","17","上海"
"瞻望将来","静远","周报(上海1945)","1946","第19期","3-4","上海"
"暂别读者","唐弢 柯灵","周报(上海1945)","1946","第49/50期","2-3","上海"
"戏剧节总算账","刘友瑾","周报(上海1945)","1946","第23期","17-18","上海"
"当心阴谋:[漫画]","马戈","周报(上海1945)","1946","第26期","19","上海"
"当心大帽子:[漫画]","丁聪","周报(上海1945)","1946","第21/22期","封1","上海"
"读者通讯:骨梗在喉","周报(上海1945)","1946","第19期","27-28",NA,"上海"
"无题:[漫画]","周荣","周报(上海1945)","1946","第44期","22","上海"
"读者通讯:悲剧生涯","杨春福","周报(上海1945)","1946","第39期","21","上海"
"争民主自由的呼声(来件五种):中国民主促进会对政治协商会议建议书","马叙伦 严景耀 郑振铎","周报(上海1945)","1946","第21/22期","36-37","上海"
"满洲山水人物(续):二、开原四日:吉伦抵沈与熊式辉晤谈:[照片]","周报(上海1945)","1946","第48期","22",NA,"上海"
"大家准备好了没有?:悼李公朴先生之死","田汉","周报(上海1945)","1946","第46期","12-15","上海"
"夏丐尊先生火葬记","徐调孚","周报(上海1945)","1946","第37期","21","上海"
"周末杂感","木耳","周报(上海1945)","1946","第38期","19","上海"
"看这严重的两个月","范蕙","周报(上海1945)","1946","第30期","2-5","上海"
"被活埋的钱素凡先生","韦行余","周报(上海1945)","1946","第34期","6-7","上海"
"陈公博受审纪详:法院听审记:陈逆过处观者夹道:[照片]","周报(上海1945)","1946","第32期","8",NA,"上海"
"读者通讯:安徽“购粮”问题","韬盦","周报(上海1945)","1946","第32期","22","上海"
"我们控诉!:什么道理?","叶圣陶","周报(上海1945)","1946","第49/50期","5-6","上海"
"户必归甲:[漫画]","马戈","周报(上海1945)","1946","第27/28期","14","上海"
"总司令专轮:旅途杂记之四","拾风","周报(上海1945)","1946","第27/28期","34-35","上海"
"每周文摘:论国民大会问题","周报(上海1945)","1946","第21/22期","32",NA,"上海"
"为丐尊居士举火法语","芝峰","周报(上海1945)","1946","第37期","21","上海"
"上海杂志界联谊会为抗议摧残言论·出版·发行·自由:声援重庆·西安·北平·广州被压迫同业宣言(来件)","周报(上海1945)","1946","第31期","21",NA,"上海"
"从马司联合声明看时局","范蕙","周报(上海1945)","1946","第49/50期","26-28","上海"
"中国之命运:[漫画]","小民","周报(上海1945)","1946","第42期","14","上海"
"饥饿的广西","徐静凡","周报(上海1945)","1946","第39期","17-18","上海"
"综合的物价对策","张一凡","周报(上海1945)","1946","第27/28期","16-21","上海"
"蛰居散记:惜周作人","郑振铎","周报(上海1945)","1946","第19期","18","上海"
"美国通讯:美国工运的底蕴","史国衡","周报(上海1945)","1946","第45期","19-20","上海"
"中国的新生运动","林汉达","周报(上海1945)","1946","第44期","17-18","上海"
"但闻其声:[漫画]","马戈","周报(上海1945)","1946","第35期","13","上海"
"傀儡戏:[漫画]","甘草","周报(上海1945)","1946","第49/50期","39","上海"
"评坛:当前的大危机","韬","周报(上海1945)","1946","第40期","2","上海"
"国际和平的回顾与展望","张若达","周报(上海1945)","1946","第21/22期","16-17","上海"
"美国的POST是什么?:美国人民权利的保障","孟木","周报(上海1945)","1946","第37期","17-19","上海"
"公仆:[漫画]","丁聪","周报(上海1945)","1946","第23期","封1","上海"
"两条道路一个动力!","施复亮","周报(上海1945)","1946","第48期","3-5","上海"
"谢主龙恩:[漫画]","甘草","周报(上海1945)","1946","第38期","5","上海"
"新闻网外:国民党在美工作","琼","周报(上海1945)","1946","第45期","16","上海"
"读者通讯:又是一支逆流","思云","周报(上海1945)","1946","第42期","23","上海"
"经济上扫荡官僚资本","张一凡","周报(上海1945)","1946","第36期","7-9","上海"
"读者通讯:西湖杂景:一、民主逆流","欧阳云珠","周报(上海1945)","1946","第27/28期","36","上海"
"我们控诉!:周报!总有再会的日子","马叙伦","周报(上海1945)","1946","第49/50期","4-5","上海"
"蛰居散记:从“轧”米到“踏”米","郑振铎","周报(上海1945)","1946","第24期","12-13","上海"
"蛰居散记:记复社","郑振铎","周报(上海1945)","1946","第20期","12-13","上海"
"“精神恋爱”:[漫画]","翁逸之","周报(上海1945)","1946","第27/28期","13","上海"
"给美国人民","丕强","周报(上海1945)","1946","第49/50期","40-41","上海"
"陪都各界人士致美国国会“争取和平”委员会电","周报(上海1945)","1946","第34期","4-5",NA,"上海"
"读者通讯:“不得已”的民主","炤寰","周报(上海1945)","1946","第42期","22-23","上海"
"记南通血案(附照片)","周报(上海1945)","1946","第32期","13-15",NA,"上海"
"覆李健吾先生","石挥","周报(上海1945)","1946","第43期","16-18","上海"
"兵诗:老太婆、雪、庆祝中苏订约大会","冯玉祥","周报(上海1945)","1946","第18期","17","上海"
"读者通讯:我们罢课了(闽北来鸿)","周报(上海1945)","1946","第26期","22-23",NA,"上海"
"新欢:[漫画]","丁聪","周报(上海1945)","1946","第38期","封1","上海"
"当心阴谋:[漫画]","许若明","周报(上海1945)","1946","第31期","12","上海"
"论取消特务机关","胡光","周报(上海1945)","1946","第21/22期","21-22","上海"
"每周文摘:东北抗日联军之沿革","李杜","周报(上海1945)","1946","第30期","16-17","上海"
"听到了杨潮先生死耗以后的悲愤(附照片)","柳亚子","周报(上海1945)","1946","第21/22期","5","上海"
"闲话洋记者","何之","周报(上海1945)","1946","第18期","19-21","上海"
"论小型报","陈虞孙","周报(上海1945)","1946","第34期","16-17","上海"
"每周文摘:茅盾先生在广州","周报(上海1945)","1946","第34期","19-20",NA,"上海"
"论人民自由","青之","周报(上海1945)","1946","第23期","5-7","上海"
"从国际现势看中国内战","司徒尚德","周报(上海1945)","1946","第41期","18-20","上海"
"初访美国:男女之间","费孝通","周报(上海1945)","1946","第42期","17-19","上海"
"评坛:重临旧问题","特","周报(上海1945)","1946","第18期","2","上海"
"“好官”塑像:[漫画]","丁聪","周报(上海1945)","1946","第30期","封1","上海"
"一个小斗士的家报","胡思濂","周报(上海1945)","1945","第9期","16-18","上海"
"评坛:人命为重","村","周报(上海1945)","1945","第15期","2","上海"
"读者通讯:接收两点","灵","周报(上海1945)","1945","第13期","24","上海"
"从经济方面观察日本的兴亡","竹云龙","周报(上海1945)","1945","第12期","6-8","上海"
"读者通讯:向士兵同胞呼吁","鲍鸿生","周报(上海1945)","1945","第14期","23-24","上海"
"走向民主建国的大路","徐铸成","周报(上海1945)","1945","第3期","2-3","上海"
"请吃饭","纪鲁","周报(上海1945)","1945","第11期","8","上海"
"读者通讯:军人与服从","周报(上海1945)","1945","第16期","23-24",NA,"上海"
"与一个美国军人的通信","贝塞尔 浩川","周报(上海1945)","1945","第15期","13-14","上海"
"每周文摘:中国需要自主外交","北人","周报(上海1945)","1945","第14期","19-20","上海"
"论政治协商会议","邵翰齐","周报(上海1945)","1945","第9期","5-6","上海"
"编辑室:本刊上期弟鹈鹕与鱼一文中……","周报(上海1945)","1945","第7期","9",NA,"上海"
"评坛:蒋主席九三演辞","长","周报(上海1945)","1945","创刊号","封2，3","上海"
"雪地:[木刻]","王铁华","周报(上海1945)","1945","第7期","15","上海"
"“儿时”","鲁迅","周报(上海1945)","1945","第7期","11","上海"
"故乡人:旅途杂记之一","拾风","周报(上海1945)","1945","第10期","18-19","上海"
"四个紧急问题","邵翰齐","周报(上海1945)","1945","第11期","3-4","上海"
"胡愈之无恙，郁达夫失踪","周报(上海1945)","1945","第5期","9",NA,"上海"
"光荣战死的胡愈之先生","金枫","周报(上海1945)","1945","第3期","14-15","上海"
"评坛:毛泽东抵陪都","晦","周报(上海1945)","1945","创刊号","3","上海"
"历史性的文件:闲话皇帝","易水","周报(上海1945)","1945","第5期","6-9","上海"
"特辑:关于“夜店”:人生的戏剧:夜店","索非","周报(上海1945)","1945","第11期","12","上海"
"特辑:关于“夜店”:关于“夜店”","唐弢","周报(上海1945)","1945","第11期","13","上海"
"评坛:国共会谈","潜","周报(上海1945)","1945","第7期","2","上海"
"读者通讯:检举李泽罪行","周报(上海1945)","1945","第8期","23",NA,"上海"
"每周文摘:没有声音的重庆","吴铁","周报(上海1945)","1945","第16期","20-21","上海"
"每周文摘:政治协商会议亟应解决的问题","施复亮","周报(上海1945)","1945","第17期","20","上海"
"慰问:[漫画]","沈涛","周报(上海1945)","1945","第6期","2","上海"
"每周文摘:政治协商会议展望","马义","周报(上海1945)","1945","第17期","19-20","上海"
"评坛:星星之火","湛","周报(上海1945)","1945","第11期","2","上海"
"特辑:如何清理中储券?:关于伪钞的处理","张远昕","周报(上海1945)","1945","创刊号","21-22","上海"
"每周文摘:重庆各界纷提国是意见","周报(上海1945)","1945","第17期","17-19",NA,"上海"
"每周文摘:假如我是当权的国民党","张东皋","周报(上海1945)","1945","第15期","19-20","上海"
"母与子:旅途杂记之二","拾风","周报(上海1945)","1945","第17期","28-29","上海"
"蛰居散记(十三):“废纸”劫","郑振铎","周报(上海1945)","1945","第13期","10","上海"
"每周文摘:诗翁行哭番禺李少石","柳亚子","周报(上海1945)","1945","第8期","18-19","上海"
"中国思想的传统特征","胡曲园","周报(上海1945)","1945","第14期","8-10","上海"
"公然活动:[漫画]","许若明","周报(上海1945)","1945","第11期","15","上海"
"每周文摘:昆明血案有感","陶行知","周报(上海1945)","1945","第16期","19","上海"
"“请你立刻为我设计一条从这里面到日本的隧道!”:[漫画]","石渊","周报(上海1945)","1945","第2期","13","上海"
"特辑:如何清理中储券?:怎样整理伪储券?","莫启欧","周报(上海1945)","1945","创刊号","19-20","上海"
"耕:[漫画]","左拉","周报(上海1945)","1945","第5期","19","上海"
"评坛:快放下武器","浮","周报(上海1945)","1945","第13期","2-3","上海"
"评坛:撤废出版检查","潜","周报(上海1945)","1945","第5期","2","上海"
"蛰居散记(十四):吴佩孚的生与死","郑振铎","周报(上海1945)","1945","第14期","11-12","上海"
"一等国不应再是文盲国","林汉达","周报(上海1945)","1945","第7期","13","上海"
"每周文摘:冬降昆明","冯克","周报(上海1945)","1945","第13期","20-21","上海"
"每周文摘:暴露的效果","叶圣陶","周报(上海1945)","1945","第15期","22","上海"
"评坛:物价问答","夷","周报(上海1945)","1945","第8期","2-3","上海"
"建设新中国:[木刻]","珂田","周报(上海1945)","1945","第6期","8","上海"
"黔桂战局检讨","陈正飞","中华论坛","1945","第2期","5-6","重庆"
"名辩思潮的批判","郭沫若","中华论坛","1945","第2期","9-19","重庆"
"希望与办法","章伯钧","中华论坛","1945","第2期","1-2","重庆"
"学暴与术力","翦伯赞","中华论坛","1945","第2期","20-21","重庆"
"所望于工商业者","中华论坛","1945","第2期","21",NA,"重庆"
"论民主政治之创建与官僚主义之肃清","周谷城","中华论坛","1945","第2期","22-23","重庆"
"到民主统一之路","中华论坛","1945","第2期","封二",NA,"重庆"
"康有为在民国初年的反民主理论","外卢","中华论坛","1945","第2期","24-26","重庆"
"本刊主编人章伯钧先生谈话","中华论坛","1945","第2期","4",NA,"重庆"
"要认识，不要悲观","严延","中华论坛","1945","第2期","3-4","重庆"
"当前的经济问题","祝世康","中华论坛","1945","第2期","7-8","重庆"
"论印度政局","(印)约希","中华论坛","1945","第9期","13-18","重庆"
"中国民主同盟主席张澜在招待外藉记者席上的谈话","中华论坛","1945","第9期","1-2",NA,"重庆"
"本党的概况","钟宣","中华论坛","1945","第10/11期","1-4","重庆"
"临时行动纲领(民国二十四年十一月十日)","中华论坛","1945","第10/11期","19-21",NA,"重庆"
"声讨汪兆铭通敌卖国(民国二十八年一月二日于重庆)","中华论坛","1945","第10/11期","33",NA,"重庆"
"我们的政治主张(民国十九年九月一日本党大会通过)","中华论坛","1945","第10/11期","5-18",NA,"重庆"
"南明史上的永历时代","翦伯赞","中华论坛","1945","第10/11期","38-50","重庆"
"谈内战问题","章伯钧","中华论坛","1945","第10/11期","31-32","重庆"
"对时局宣言(民国三十年九月十八日)","中华论坛","1945","第10/11期","34-37",NA,"重庆"
"中国第三党对时局宣言:呼吁和平","反对内战","中华论坛","1945","第10/11期","封二","重庆"
"抗战时期的政治主张(民国二十七年三月一日)","中华论坛","1945","第10/11期","24-30",NA,"重庆"
"教育复员与民主教育","施贻","中华论坛","1945","第10/11期","51-52,50","重庆"
"八项主张(民国二十六年七月十日)","中华论坛","1945","第10/11期","23",NA,"重庆"
"彭泽民同志告全国各界领袖书(民国二十六年六月十五日)","中华论坛","1945","第10/11期","22-23",NA,"重庆"
"胜利属于民主","章伯钧","中华论坛","1946","第2卷 第1期","2","重庆"
"主流与逆波","严信民","中华论坛","1946","第2卷 第1期","8-9","重庆"
"严正的立场","章伯钧","中华论坛","1946","第2卷 第1期","40","重庆"
"论田赋征实","罗又玄","中华论坛","1946","第2卷 第1期","14-16","重庆"
"略谈当前的经济危机","士刚","中华论坛","1946","第2卷 第1期","12-13","重庆"
"扑灭烽火求生路:评大公报“漫天烽火中的一条路”","施复亮","中华论坛","1946","第2卷 第1期","4-6","重庆"
"国内政治的国际因素","杜若","中华论坛","1946","第2卷 第1期","10-11","重庆"
"美国自食其果","中华论坛","1946","第2卷 第1期","13",NA,"重庆"
"和平最后希望:附图","彭文应","中华论坛","1946","第2卷 第1期","7,6","重庆"
"“政治民主化”“军队国家化”，与当前问题之解决","张云川","中华论坛","1946","第2卷 第1期","3","重庆"
"合同异学派的诡辩逻辑:“中国逻辑史”古代篇散稿之四","纪玄冰","中华论坛","1946","第2卷 第1期","22-31","重庆"
"中国民主同盟在沪招待记者谈话","中华论坛","1946","第2卷 第1期","39",NA,"重庆"
"我国基层地方行政的检讨","郭冠杰","中华论坛","1946","第2卷 第1期","17-21","重庆"
"关于“吕梁英雄传”","茅盾","中华论坛","1946","第2卷 第1期","38","重庆"
"名教的叛徒李卓吾","吴泽","中华论坛","1946","第2卷 第1期","32-37","重庆"
"怎样去认识中国农工民主党(第三党)","杨元","中华论坛","1946","第2卷 第2期","6-11","重庆"
"环绕地中海问题的美苏斗争","石啸冲","中华论坛","1946","第2卷 第2期","12-13,18","重庆"
"逆流冲击下的世界局势","陈原","中华论坛","1946","第2卷 第2期","16-18","重庆"
"工业化与国家资本主义","彭迪先","中华论坛","1946","第2卷 第2期","22-24","重庆"
"胜利一年来的美苏关系","梁纯夫","中华论坛","1946","第2卷 第2期","14-15","重庆"
"欺骗与暴虐","劳辛","中华论坛","1946","第2卷 第2期","34","重庆"
"孙夫人“对时局主张”代表了全中国人","彭泽民","中华论坛","1946","第2卷 第2期","2-3","重庆"
"一项为美国人准备的大奖","Stein，G. 李式之","中华论坛","1946","第2卷 第2期","25-27","重庆"
"名教的叛徒李卓吾(续完)","吴泽","中华论坛","1946","第2卷 第2期","29-33","重庆"
"论英国工党政府","伯奇","中华论坛","1946","第2卷 第2期","19-21","重庆"
"制止内战反对分裂","张云川","中华论坛","1946","第2卷 第2期","3-4","重庆"
"英国为什么放松了印度","严信民","中华论坛","1946","第2卷 第2期","4-5","重庆"
"御制“大帽子”:[画图]","张文元","中华论坛","1946","第2卷 第2期","5","重庆"
"美货倾销所造成的恶果","勾适生","中华论坛","1946","第2卷 第2期","28","重庆"
"邱吉尔的工作迈进了一步","严信民","中华论坛","1946","第2卷 第3期","3","重庆"
"我国的翻译事业","季季","中华论坛","1946","第2卷 第3期","27-32","重庆"
"战争解决不了问题","严信民","中华论坛","1946","第2卷 第3期","2","重庆"
"所谓和平的爱好者:[画图]","刃锋","中华论坛","1946","第2卷 第3期","3","重庆"
"看国际形势","石啸冲","中华论坛","1946","第2卷 第3期","7-8","重庆"
"美国撤兵与终止内战","郭冠杰","中华论坛","1946","第2卷 第3期","4,14","重庆"
"华莱士去职说明了几点","严信民","中华论坛","1946","第2卷 第3期","3","重庆"
"新疆的少数民族","陈思鹰","中华论坛","1946","第2卷 第3期","24-27","重庆"
"英国战后的市场问题","伯奇","中华论坛","1946","第2卷 第3期","11-14","重庆"
"略论搜集史料的方法","翦伯赞","中华论坛","1946","第2卷 第3期","15-23","重庆"
"停战以示诚意","杨源","中华论坛","1946","第2卷 第3期","5-6","重庆"
"分裂是中国人的坟墓","严信民","中华论坛","1946","第2卷 第3期","2","重庆"
"绒幕后的日本","孟永之","中华论坛","1946","第2卷 第3期","9-10","重庆"
"牛羊阵","秦牧","中华论坛","1946","第2卷 第4期","32","重庆"
"时事短评:日本人在欣慰","信民","中华论坛","1946","第2卷 第4期","3","重庆"
"时事短评:由的港到多瑙河","信民","中华论坛","1946","第2卷 第4期","2-3","重庆"
"中国土地制度及需改革","孟宪章","中华论坛","1946","第2卷 第4期","12-13","重庆"
"时事短评:一切在停战","信民","中华论坛","1946","第2卷 第4期","2","重庆"
"时事短评:纽伦堡的警告","信民","中华论坛","1946","第2卷 第4期","2","重庆"
"个人领袖英雄的历史作用论:历史哲学论稿篇之一","吴泽","中华论坛","1946","第2卷 第4期","14-19","重庆"
"得意忘形:[画图]","张文元","中华论坛","1946","第2卷 第4期","3","重庆"
"封建专制与法西斯独裁","午子","中华论坛","1946","第2卷 第4期","10-11","重庆"
"“勐回头”“警世钟”及其作者","胡绳","中华论坛","1946","第2卷 第4期","25-28","重庆"
"纪念国父:要有民主统一而又富强中国","章伯钧","中华论坛","1945","第3期","1-2","重庆"
"战后经济民主化的我见","祝世康","中华论坛","1945","第3期","21-22","重庆"
"略论清代的学风与士气及其文化政策","邓初民","中华论坛","1945","第3期","5-8","重庆"
"编余:我彷佛记得一位革命政治家说过这样一句话:“统治者若把印刷和言论机关掌握在自己的手中，什么人的民主意见是无从自由表达出来的.”","中华论坛","1945","第3期","23",NA,"重庆"
"名辩思潮的批判(续)","郭沫若","中华论坛","1945","第3期","9-17","重庆"
"真知与真情","陈家康","中华论坛","1945","第3期","18-20","重庆"
"对青年之期望","中华论坛","1945","第3期","封二",NA,"重庆"
"波匈两国新民主政权之成立","严延","中华论坛","1945","第3期","3-4","重庆"
"华莱士事件所投射在国际政治上的影响","陈正非","中华论坛","1946","第2卷 第4期","7-9","重庆"
"论雄伟和秀婉","蔡仪","中华论坛","1946","第2卷 第4期","22-24","重庆"
"正视弥天的战火","夏康农","中华论坛","1946","第2卷 第4期","4-6","重庆"
"费正清论我时局:章伯钧认为中肯","中华论坛","1946","第2卷 第4期","3",NA,"重庆"
"温暖的大风砂之夜","李普","中华论坛","1946","第2卷 第4期","28-31","重庆"
"杨泉的水一元论","杜守素","中华论坛","1946","第2卷 第4期","20-21","重庆"
"挽救时局的锁钥","华又严","中华论坛","1946","第2卷 第5期","2-3","重庆"
"伟大的人民教育家:陶行知先生","林荫青","中华论坛","1946","第2卷 第5期","23-24","重庆"
"第四共和降生前后","朱芸","中华论坛","1946","第2卷 第5期","7-8","重庆"
"个人领袖英雄的历史作用论:历史哲学论稿篇之二","吴泽","中华论坛","1946","第2卷 第5期","17-22","重庆"
"中国民主运动的回顾","郭冠杰","中华论坛","1946","第2卷 第5期","25-27","重庆"
"戴高乐和反对派为什么反对新宪法?:关于西欧同盟欧洲联邦的若干考察","陈原","中华论坛","1946","第2卷 第5期","9-10","重庆"
"明代的特务机关","丁易","中华论坛","1946","第2卷 第5期","13-16","重庆"
"人民文艺的改造与创造","薛汕","中华论坛","1946","第2卷 第5期","28-30","重庆"
"记住些数目字","觉夫","中华论坛","1946","第2卷 第5期","27","重庆"
"威海卫的新教育","李普","中华论坛","1946","第2卷 第5期","30-32","重庆"
"评印度局势","石啸冲","中华论坛","1946","第2卷 第5期","11-12","重庆"
"中国必定要变","伯奇","中华论坛","1946","第2卷 第5期","4-6","重庆"
"明代的特务机关(续)","丁易","中华论坛","1946","第2卷 第6期","16-20","重庆"
"最低限度的要求","桓圭","中华论坛","1946","第2卷 第6期","25","重庆"
"文艺欣赏论之一","林焕平","中华论坛","1946","第2卷 第6期","21-24","重庆"
"论现阶段的经济研究","勾适生","中华论坛","1946","第2卷 第6期","29","重庆"
"海上絮语","林萼","中华论坛","1946","第2卷 第6期","28-29","重庆"
"苏联的平时经济","(苏)密哈洛夫 伯奇","中华论坛","1946","第2卷 第6期","8-9","重庆"
"“民主”一定会再起的!","中华论坛","1946","第2卷 第6期","24",NA,"重庆"
"个人领袖英雄的历史作用论:历史哲学论稿篇之三","吴泽","中华论坛","1946","第2卷 第6期","12-15","重庆"
"安徽省政内幕","伊民","中华论坛","1946","第2卷 第6期","31","重庆"
"论中美商约棒喝下的第三方面","夏康农","中华论坛","1946","第2卷 第6期","2-4,7","重庆"
"胡适博士的扯淡","永平","中华论坛","1946","第2卷 第6期","30","重庆"
"从历史上看国共两党","丘一中","中华论坛","1946","第2卷 第6期","10-11","重庆"
"旅印日记","杜德 纳非","中华论坛","1946","第2卷 第6期","26-28","重庆"
"国会选举后的美国政治动向","石啸冲","中华论坛","1946","第2卷 第6期","5-7","重庆"
"西园庵的挂绿","秦牧","中华论坛","1946","第1卷 第12期","30-31","重庆"
"严正的立场","章伯钧","中华论坛","1946","第1卷 第12期","2","重庆"
"妇女与民主","朱华","中华论坛","1946","第1卷 第12期","31-32","重庆"
"中国民主同盟政协代表在沪招待记者会上的谈话(中华民国三十五年七月十五日)","中华论坛","1946","第1卷 第12期","33-34",NA,"重庆"
"论中立","吴晗","中华论坛","1946","第1卷 第12期","29-30","重庆"
"悼“八一三”","中华论坛","1946","第1卷 第12期","4",NA,"重庆"
"彭泽民同志为广州“六二九”事件发表的谈话","中华论坛","1946","第1卷 第12期","9",NA,"重庆"
"美国人民的抉择","伯奇","中华论坛","1946","第1卷 第12期","7-9","重庆"
"孙夫人宋庆龄女士对当前时局的意见(三十五年七月二十三日)","中华论坛","1946","第1卷 第12期","34-35",NA,"重庆"
"范缜的唯物思想:关于他的神灭论的考察","杜守素","中华论坛","1946","第1卷 第12期","23-25","重庆"
"历史的提醒:美国对华政策脞话","刘尊棋","中华论坛","1946","第1卷 第12期","10-11","重庆"
"我们响应孙夫人的号召","中华论坛","1946","第1卷 第12期","3",NA,"重庆"
"近代中国启蒙运动与科学的发展","克汀","中华论坛","1946","第1卷 第12期","17-22","重庆"
"悼李公朴闻一多陶行知三先生","中华论坛","1946","第1卷 第12期","4",NA,"重庆"
"中华全国文艺协会为李闻惨案告全世界学者","文人书","中华论坛","1946","第1卷 第12期","35","重庆"
"中国人民眼中的“美国对华政策”","张刚父","中华论坛","1946","第1卷 第12期","10-11","重庆"
"章伯钧同志为马司联合声明向新民晚报记者发表的谈话","中华论坛","1946","第1卷 第12期","6",NA,"重庆"
"(附录)本刊创刊号“发刊词”","中华论坛","1946","第1卷 第12期","36",NA,"重庆"
"论巴黎和会","石啸冲","中华论坛","1946","第1卷 第12期","5-6","重庆"
"拖不下去:和平鸽子究竟在那里?:半月世界大势","陈原","中华论坛","1946","第1卷 第12期","26-28","重庆"
"“到此止步","前进危险”","中华论坛","1946","第1卷 第12期","4","重庆"
"从两个角度看美国","费正","中华论坛","1946","第1卷 第12期","12-16","重庆"
"默告择生先生","张云川","中华论坛","1946","第2卷 第7/8期","7-8","重庆"
"纪念邓择生先生","郭沫若","中华论坛","1946","第2卷 第7/8期","9-10","重庆"
"由军人加饷与邮电加价说到民生主义","武思光","中华论坛","1946","第2卷 第7/8期","53-54","重庆"
"欧洲民主斗争的总方向","石啸冲","中华论坛","1946","第2卷 第7/8期","39-40","重庆"
"海上絮语(续)","林萼","中华论坛","1946","第2卷 第7/8期","53-54","重庆"
"罗马尼亚国会之选举","阿尔卡吉耶夫 雷剑锋","中华论坛","1946","第2卷 第7/8期","51","重庆"
"美国需要苏联合作吗?","厄尔·白劳德 唐言","中华论坛","1946","第2卷 第7/8期","45-47","重庆"
"意大利战后经济","(意)Fenoaltea，S. 狄斯","中华论坛","1946","第2卷 第7/8期","48-50","重庆"
"英国外交政策的危机","梁纯失","中华论坛","1946","第2卷 第7/8期","41-42","重庆"
"美国选举的结果和影响","林焕平","中华论坛","1946","第2卷 第7/8期","43-44","重庆"
"由一党召开“国大”想到邓演达先生的论国民会议","丘哲","中华论坛","1946","第2卷 第7/8期","14-15","重庆"
"择生先生遗著节录","中华论坛","1946","第2卷 第7/8期","35",NA,"重庆"
"民主思想与民主作风","黎望","中华论坛","1946","第2卷 第7/8期","52","重庆"
"民盟书面谈话","中华论坛","1946","第2卷 第7/8期","47",NA,"重庆"
"悼念邓演达先生","辛朴生","中华论坛","1946","第2卷 第7/8期","13","重庆"
"悼念邓择生先生逝世十五周年:附照片","李济深","中华论坛","1946","第2卷 第7/8期","2","重庆"
"邓演达先生的基本精神:为邓先生殉难十五周年纪念而作","彭泽民","中华论坛","1946","第2卷 第7/8期","6-8","重庆"
"邓演达先生传略","中华论坛","1946","第2卷 第7/8期","24-27",NA,"重庆"
"邓演达先生的生活","中华论坛","1946","第2卷 第7/8期","28-35",NA,"重庆"
"邓先生治主张的核心:平民政权","严信民","中华论坛","1946","第2卷 第7/8期","11-13","重庆"
"从德黑兰会议到旧金山会议","陈正飞","中华论坛","1945","第4期","10-11","重庆"
"哀悼罗斯福总统","中华论坛","1945","第4期","2，26",NA,"重庆"
"欧洲人民的道路","施艾","中华论坛","1945","第4期","6-7","重庆"
"编余:在长期苦战之今日，表现在大后方的景象，已不是生气虎虎，勇于赴战的人民的行动","中华论坛","1945","第4期","26",NA,"重庆"
"旧金山会议与世界经济复兴","祝世康","中华论坛","1945","第4期","12-13","重庆"
"民主运动感言","章伯钧","中华论坛","1945","第4期","1-2","重庆"
"克里米亚会议与世界民主和平","周波","中华论坛","1945","第4期","24-25","重庆"
"旧金山会议与东北问题","刘瑞林","中华论坛","1945","第4期","25-26","重庆"
"春秋之义","翦伯赞","中华论坛","1945","第4期","14-23","重庆"
"现实精神","中华论坛","1945","第4期","封二",NA,"重庆"
"人之云亡，邦国殄瘁","张申府","中华论坛","1946","第2卷 第7/8期","6","重庆"
"论国民会议(民国十九年一月五日写于上海)","邓演达","中华论坛","1946","第2卷 第7/8期","16-23","重庆"
"纪念邓演达先生:“先生之风，山高水长.”","章伯钧","中华论坛","1946","第2卷 第7/8期","3-5","重庆"
"迷梦与骗局","伯奇","中华论坛","1946","第2卷 第7/8期","36-38,40","重庆"
"介绍中国民主同盟:“为中国实现民主团结”","曾守约","中华论坛","1945","第4期","3-5","重庆"
"旧金山会议与巴黎和会","房龙","中华论坛","1945","第4期","8-9","重庆"
"胜利与成功","中华论坛","1945","第5/6期","封二",NA,"重庆"
"新闻自由","巴尔契斯基 孟昌","中华论坛","1945","第5/6期","28-32","重庆"
"英雄时代","深公","中华论坛","1945","第5/6期","13,19","重庆"
"从二十世纪自然科学的危机说到民主","石如","中华论坛","1945","第5/6期","14-15,19","重庆"
"不列颠帝国与被解放了的地中海","F. Geyrasi 唐言","中华论坛","1945","第5/6期","8-13","重庆"
"永久和平的保证","严信民","中华论坛","1945","第5/6期","5-7","重庆"
"谭嗣同的“仁学”思想","杨荣国","中华论坛","1945","第5/6期","20-27","重庆"
"希墨野兽死在民主的铁钳里","中华论坛","1945","第5/6期","2",NA,"重庆"
"民主的“五四”","中华论坛","1945","第5/6期","1-2",NA,"重庆"
"亨利·华莱士的民主","罗斯福 唐言","中华论坛","1945","第5/6期","35-36","重庆"
"“五四”文化运动与“孙文学说”的关系","外卢","中华论坛","1945","第5/6期","3-4","重庆"
"两汉的尚书台与宫廷政治","翦伯赞","中华论坛","1945","第5/6期","16-19","重庆"
"民主的“五一”","中华论坛","1945","第5/6期","1",NA,"重庆"
"怎样发展中国的手工业","林谷","中华论坛","1945","第5/6期","33-34","重庆"
"论战后世界经济的前途","姜庆湘","中华论坛","1945","第7/8期","25-29","重庆"
"阿根廷·这法西斯的温床","坦宁保姆 唐言","中华论坛","1945","第7/8期","30-34","重庆"
"中国民主同盟对时局宣言(中华民国三十四年七月二十八日)","中华论坛","1945","第7/8期","封二",NA,"重庆"
"英国民主政治之发展","周谷城","中华论坛","1945","第7/8期","6-8","重庆"
"太平洋时代开始!","陈正飞","中华论坛","1945","第7/8期","13-14,24","重庆"
"农民所要的民生","罗任一","中华论坛","1945","第7/8期","3-5","重庆"
"论文艺写作的道路","陈志忠","中华论坛","1945","第7/8期","35-36","重庆"
"美国宪法的制定","安约吾","中华论坛","1945","第7/8期","9-12","重庆"
"怎样增进中苏邦交","严延","中华论坛","1945","第7/8期","1","重庆"
"中国民主运动的两条路线","邓初民","中华论坛","1945","第7/8期","2,5","重庆"
"我对于“亚细亚生产方法”之答案与世界历史家商榷","侯外卢","中华论坛","1945","第7/8期","15-24","重庆"
"关于英国大选","严延","中华论坛","1945","第7/8期","1","重庆"
"英国工党大选获胜对于国际的影响","陈正飞","中华论坛","1945","第9期","10-12","重庆"
"本刊主编人章伯钧先生对时局谈话:呼吁全国党派共同和平建国","中华论坛","1945","第9期","封二",NA,"重庆"
"时局的危机和转机","言复","中华论坛","1945","第9期","9","重庆"
"中国民主同盟时局宣言","中华论坛","1945","第9期","24-25",NA,"重庆"
"中国民主同盟对抗战最后阶段的政治主张","中华论坛","1945","第9期","23-24",NA,"重庆"
"中国民主同盟发言人对最近国内民主与团结问题发表谈话","中华论坛","1945","第9期","25-27",NA,"重庆"
"中国民主同盟在抗战胜利声中的紧急呼吁","中华论坛","1945","第9期","27-28",NA,"重庆"
"常德桃源沦陷记","翦伯赞","中华论坛","1945","第9期","19-22","重庆"
"苏联历史学界诸论争解答","中华论坛","1945","第9期","22",NA,"重庆"
"美国宪法的创造","(苏)Dmitrevsky，N. 叶文雄","中华论坛","1945","第9期","3-9","重庆"
"随笔七则","毅生","再生","1945","第102期","21","重庆"
"敢笑，敢怒，敢说:一个“表现意见的刊物”:从“民主周刊”开始","贺湄","再生","1945","第103期","26-27","重庆"
"略论政党","邓初民","再生","1945","第104期","2-4","重庆"
"我们对抗战后经济的主张","韦康","再生","1945","第103期","28-29","重庆"
"德国民族社会主义之兴起与其实质","Milner，I. 费哲","再生","1945","第101期","13-16","重庆"
"“舞影翩翩新党出”","夏迪蒙","再生","1945","第104期","22-24","重庆"
"希特勒登台后德国参谋本部的变革","耿介怀","再生","1945","第102期","17-18","重庆"
"民主统一，和平建国","逸","再生","1945","第103期","5","重庆"
"救国会","艾艾","再生","1945","第104期","26","重庆"
"中国民主同盟在抗战胜利声中的紧急呼籲(三十四年八月十六日)","再生","1945","第103期","1-2",NA,"重庆"
"乡村建设派","罗加正","再生","1945","第104期","27-28","重庆"
"中国民主同盟","毅生","再生","1945","第104期","13-15","重庆"
"中国民主运动的新阶段","公健","再生","1945","第103期","10-12","重庆"
"要求真的民主必从团结民众做起","刘清扬","再生","1945","第100期","5","重庆"
"再生的新使命","再生","1945","第100期","2",NA,"重庆"
"重庆出版业紧急呼籲","再生","1945","第101期","封3",NA,"重庆"
"民主没有妥协:兼辟大公报派对时局的错误看法","柳诒","再生","1945","第103期","24-26","重庆"
"两股潮流:权威与民主","陈鼎龢","再生","1945","第102期","13-14","重庆"
"“和平，奋斗，”“救中国”!","章伯钧","再生","1945","第100期","4","重庆"
"国际政治与国内政治之相互关系","张君勱","再生","1945","第103期","4-5","重庆"
"人类最基本的要求是什么","黄炎培","再生","1945","第100期","3","重庆"
"中华职业教育社","黄炎培","再生","1945","第104期","25","重庆"
"苏联对伊朗和土耳其的政策","苏尔齐伯格 费稳","再生","1945","第103期","20","重庆"
"民主·团结·统一","李战林","再生","1945","第102期","8","重庆"
"世界瞭望:半月国际:解决一般问题的两大原则:民主与和平","石啸冲","再生","1945","第100期","14","重庆"
"参政会与国民大会","再生","1945","第101期","封2",NA,"重庆"
"中华民族解放行动委员会(第三党)","光涛","再生","1945","第104期","19-21","重庆"
"内战加深了经济危机","祝公健","再生","1945","第104期","29-30","重庆"
"为什么团结不拢来?","王子敬","再生","1945","第102期","4-7","重庆"
"民主老战士张澜先生剪影","魏矢","再生","1945","第102期","22","重庆"
"团结的锁鑰","罗加正","再生","1945","第102期","3","重庆"
"论“促进宪政实现之各种必要措施案”","毅生","再生","1945","第101期","4","重庆"
"读者电台:第一次广播……","再生","1945","第100期","16",NA,"重庆"
"我们对于国民大会的意见","再生","1945","第102期","2",NA,"重庆"
"民主与武力","陈鼎龢","再生","1945","第101期","5","重庆"
"不容再打内战","再生","1945","第104期","1",NA,"重庆"
"民主政治日子的开始","再生","1945","第103期","3",NA,"重庆"
"悼罗斯福总统","再生","1945","第100期","1",NA,"重庆"
"苏联向我们伸着友谊的手","梁纯夫","再生","1945","第102期","11-12","重庆"
"编辑室:各位读者:本刊是民主的播音台……","再生","1945","第102期","7",NA,"重庆"
"争取全国性的和谐合作防止内部不幸的战祸","沈钧儒","再生","1945","第100期","3，5","重庆"
"苏联远东政策","再生","1945","第103期","17-19",NA,"重庆"
"中国近代政党发展述纲","刘逸","再生","1945","第104期","5-6，4","重庆"
"克服工作的偏向","周知","再生","1945","第102期","15-16","重庆"
"世界瞭望:半月国际:宣布法西斯主义的死刑","石啸冲","再生","1945","第100期","14","重庆"
"张升的新脸谱","魏矢","再生","1945","第102期","20","重庆"
"苏联与远东的和平","焦敏之","再生","1945","第103期","15-16","重庆"
"苏联的真相及其需要","苏尔齐伯格 费稳","再生","1945","第101期","8-10","重庆"
"谈“特种人”:民主青年战斗的方向之一","柳诒","再生","1945","第101期","5","重庆"
"民主!和平!最低生活的保障!","李战林","再生","1945","第103期","6","重庆"
"小言:攻击豪门资本的声浪，愈来愈微弱了……","援静","再生","1947","第186期","2","上海"
"山东党派史略","齐民","再生","1947","第186期","3-4","上海"
"中国之谜","向日","再生","1947","第187期","13-15","上海"
"自由份子与少数党派","子敬","再生","1947","第151期","4","上海"
"越南人民的独立斗争","方艾","再生","1947","第146/147期","18-19","上海"
"内阁制之精神及其运用","星五","再生","1947","第175期","2-3","上海"
"略论地主与土地问题","丕谷","再生","1947","第170期","10-12","上海"
"学潮!学潮!学潮!","旧风","再生","1947","第168期","15-16","上海"
"民主社会党的任务:三、我们的基本信念:什么是民主?什么是社会主义?","张君勱","再生","1947","第168期","2-6","上海"
"言论自由:[画图]","再生","1947","第166期","封1",NA,"上海"
"“中统”撤消以后","丕谷","再生","1947","第164期","15-16","上海"
"由学潮说起","白旭","再生","1947","第165期","6","上海"
"科学指趣发凡(续完)","朱亦松","再生","1947","第166期","7","上海"
"自由与社会主义能否调和?","Daniell，R. 毅生","再生","1947","第167期","13-14","上海"
"论世界经济合作(续完)(附图)","鑑空","再生","1947","第168期","16-18","上海"
"苏联政治局的发言人:维辛斯基","张国昌","再生","1947","第196期","15-18","上海"
"以火禦火法:[画图]","再生","1947","第165期","封1",NA,"上海"
"论杜鲁门主义(附图)","安格尔 王琦","再生","1947","第166期","13-15","上海"
"科学指趣发凡(未完)","朱亦松","再生","1947","第165期","13-15","上海"
"论世界经济危机(待续)(附图)","鉴空","再生","1947","第170期","8-9","上海"
"苏中解放区及其他(续二六)","还俗","再生","1947","第180期","17-18","上海"
"处在夹缝中的人民","路人","再生","1947","第174期","10-12","上海"
"论冯玉祥之被召归国","再生","1947","第196期","2",NA,"上海"
"“省县市自治通则”商榷","王厚生","再生","1947","第196期","4-6","上海"
"再论铁幕与马歇尔计划","黎玄","再生","1947","第196期","11-13","上海"
"财政何日不靠大钞","方锦","再生","1947","第195期","2-3","上海"
"美苏在朝鲜的角逐:洛吉倍尔德温，美国公民自由联合会的理事，方旅行美国占领的日本和南朝鲜回国","Baldwin，R.N. 费雯","再生","1947","第194期","12-15","上海"
"苏中解放区及其他(续三二)","还俗","再生","1947","第187期","17-18","上海"
"论狂风暴雨中的左右难","白旭","再生","1947","第183期","4-6","上海"
"略说自由主义","白旭","再生","1947","第185期","8-10","上海"
"“立国之道”新版序","张君勱","再生","1947","第193期","17-18","上海"
"读贝尔纳斯“说老实话”摘要(一)","张君勱","再生","1947","第189/190期","3-4","上海"
"罗素杂文集序论","白旭","再生","1947","第191期","12-13","上海"
"八十届国会出卖了","华莱士 新生","再生","1947","第186期","15-16","上海"
"苏联发言人谈新闻自由","王厚生","再生","1947","第182期","13","上海"
"追念五四","白旭","再生","1947","第163期","5-6","上海"
"革新政治作风","赵希文","再生","1947","第162期","13","上海"
"悲华经舍杂记","悲华","再生","1947","第182期","17","上海"
"湖南人看粮食库券:湖南通讯之二","土人","再生","1947","第170期","18-19","上海"
"马歇尔离华声明全文","再生","1947","第148期","15-16",NA,"上海"
"时事周评:莫斯科会议展望","卓","再生","1947","第154期","2","上海"
"民主方法(一名民主与反民主):中国民主社会党政纲释义之一","张君勱","再生","1947","第154期","3-8","上海"
"苏中解放区及其他(续三四)(附表)","还俗","再生","1947","第189/190期","16-18","上海"
"江南赋额的今昔观(续)","申铭","再生","1947","第189/190期","4-6","上海"
"马歇尔计划报告摘要及分析","王厚生","再生","1947","第189/190期","6-9","上海"
"读“预告选灾，追论宪政”后(附图)","白旭","再生","1947","第187期","3-4","上海"
"物价:[画图]","再生","1947","第189/190期","封1",NA,"上海"
"美国大总统怎样选举?","王厚生","再生","1947","第193期","9-11","上海"
"如此援助:[画图]","中南","再生","1947","第191期","封1","上海"
"国共以外的看法","吕克难","再生","1947","第187期","7-10","上海"
"悲华经舍杂记(续)","悲华","再生","1947","第188期","12","上海"
"通吃:[画图]","中南","再生","1947","第182期","封1","上海"
"请为下一代的子孙打算:对日和约问题述评","旧风","再生","1947","第183期","12-16","上海"
"改革币制问题","伯珩","再生","1947","第179期","16-17","上海"
"实施宪法?:[画图]","中南","再生","1947","第184期","封1","上海"
"经济改革方案与交通建设","陈本端","再生","1947","第182期","5-6","上海"
"开放外汇后如何防制物价狂涨","伯珩","再生","1947","第181期","14-15","上海"
"新宪法施行及培植之关键(中国民主宪法十讲之补讲)","张君勱","再生","1947","第183期","2-3","上海"
"联合国:[画图]","再生","1947","第172期","封1",NA,"上海"
"民主政治的真义","周问天","再生","1947","第159期","5","上海"
"时事周评:不要放弃政治解决的途径","卓","再生","1947","第156期","2","上海"
"时事周评:苏外长之提出中国问题","义","再生","1947","第156期","2","上海"
"论辩证法及中国共党后记","白旭","再生","1947","第157期","3-4","上海"
"马歇尔面对的世界大问题","毅生","再生","1947","第154期","10-13","上海"
"抗战中之三篇言论:清明政本以救危亡建议案","张君勱","再生","1947","第172期","2-4","上海"
"美国宪政之发展(下篇)","余园","再生","1947","第173期","6-9","上海"
"湖南人民所享受的自由","土人","再生","1947","第169期","18-19","上海"
"读“新宪法的人权章”后","王厚生","再生","1947","第186期","14","上海"
"开放日本贸易:[画图]","中南","再生","1947","第180期","封1","上海"
"英国内阁制的产生及其演变(续)","余园","再生","1947","第181期","10-13","上海"
"中国产业革命论(续)","日辰","再生","1947","第181期","2-5","上海"
"欧洲复兴会议的前途","鑑空","再生","1947","第178期","10-11","上海"
"催马加鞭!:[画图]","再生","1947","第179期","封1",NA,"上海"
"苏中解放区及其他(续十二)","还俗","再生","1947","第165期","18-19","上海"
"谈币制改革问题","余园","再生","1947","第146/147期","8-9","上海"
"民主社会党的任务:三、我们的基本信念:什么是民主?什么是社会主义?(未完)","张君勱","再生","1947","第165期","2-4","上海"
"苏中解放区及其他(续九)","还俗","再生","1947","第161期","14-15","上海"
"民主社会党主席张君勱覆民主同盟主席张澜函","张君勱","再生","1947","第162期","封4","上海"
"政府所加惠于农民者:[画图]","中南","再生","1947","第192期","封1","上海"
"金融管理的加强","再生","1947","第193期","2",NA,"上海"
"地中海的巡逻:[画图]","再生","1947","第160期","封1",NA,"上海"
"金银岛:[画图]","再生","1947","第161期","封1",NA,"上海"
"职业、和平、自由","华莱士 张远清","再生","1947","第149期","7-9","上海"
"张君勱覆梁潄溟函","再生","1947","第158期","16",NA,"上海"
"中华民国民主宪法十讲第二序","张君勱","再生","1947","第159期","3","上海"
"美国今日所处的特殊地位","李普曼","再生","1947","第156期","14","上海"
"经济崩溃与改组政府","紫云","再生","1947","第156期","7-10","上海"
"“官”与“民”","紫云","再生","1947","第153期","8","上海"
"苏中解放区及其他(续四)","还俗","再生","1947","第155期","16","上海"
"时事周评:台湾民变","卓","再生","1947","第155期","2","上海"
"民主社会党的任务:二、美英政党沿革与本党应学习之处(续完)","张君勱","再生","1947","第162期","2-5","上海"
"我们需要贤明的政府","万武","再生","1947","第159期","6","上海"
"从各业萧条说到美国经济恐慌","严凌","再生","1947","第179期","12-14","上海"
"论联合政府的三阶级(待续)","黄__石","再生","1947","第161期","11-13","上海"
"泛亚会议日记(三)","毛以亨","再生","1947","第162期","5-7","上海"
"解放人性，解放教育","程佇","再生","1947","第193期","3-6","上海"
"苏中解放区及其他","还俗","再生","1947","第153期","15-16","上海"
"美国新国会展望","再生","1947","第150期","15-16",NA,"上海"
"悲华经舍杂记(续)","悲华","再生","1947","第189/190期","15","上海"
"罗素杂文集序论(未完)","再生","1947","第189/190期","2",NA,"上海"
"江南农话(续)","申铭","再生","1947","第180期","15-17","上海"
"各报对张君勱对于莫斯科会议之意见反应","再生","1947","第157期","6-8",NA,"上海"
"苏中解放区及其他(续三六)","还俗","再生","1947","第192期","16-18","上海"
"法国往那里去?:戴高乐从何处获得选票","巴奈·那维尔(Movorr，B.) 仁沛","再生","1947","第192期","16","上海"
"华莱士论邱吉尔的十字军","静观","再生","1947","第154期","12-15","上海"
"读民社党全代会宣言有感","再生","1947","第177期","16-17",NA,"上海"
"时事周评:改组政府的意义何在?","毅","再生","1947","第158期","2","上海"
"张君勱对于莫斯科会议之意见","再生","1947","第156期","4",NA,"上海"
"民族·阶级·国家","白旭","再生","1947","第148期","6","上海"
"亲美反苏乎?亲苏反美乎?","旧风","再生","1947","第181期","5-8","上海"
"广大农村的危机","蓝天","再生","1947","第196期","13-15","上海"
"读蒲立特访华观感后提出肃清贪污与官僚资本的建议","毛以亨","再生","1947","第187期","5-7","上海"
"我们的教育主张","孙亚夫","再生","1947","第185期","14-16","上海"
"如是我见如是我闻","万武","再生","1947","第162期","8-11","上海"
"大病甫愈得荃君病窗听雨诗赋答:[诗歌]","阿七","再生","1947","第146/147期","13","上海"
"中国工业化的资金筹集问题","陈文","再生","1947","第196期","7-9","上海"
"一个税吏的自白","尖兵","再生","1947","第186期","18","上海"
"辽阳鼙鼓动地来:东北战局述评","旧风","再生","1947","第186期","7-9","上海"
"略论反对内战","白旭","再生","1947","第166期","2","上海"
"“产共”与“铲共”","丕谷","再生","1947","第165期","9-12","上海"
"柏林的自由选举","Nover 陈明","再生","1947","第150期","11","上海"
"半封建半殖民地的奴才意识的典型","伯奇","再生","1947","第146/147期","12-13","上海"
"法兰西共和国宪法(续)","再生","1947","第146/147期","27",NA,"上海"
"杭州风景线","逸士","再生","1947","第177期","18","上海"
"苏中解放区及其他(续二三)","还俗","再生","1947","第174期","17-18","上海"
"杜会民主化的新德国","紫云","再生","1947","第175期","4-5","上海"
"苏中解放区及其他(续二十)","还俗","再生","1947","第172期","17-18","上海"
"各国政治制度问答(续五)","王厚生","再生","1947","第172期","7-10","上海"
"抗战中之三篇言论:太平洋战起至国民党中执会诸公书","张君勱","再生","1947","第173期","2-4","上海"
"予日黩武者以打击","单子明","再生","1947","第179期","5-8","上海"
"田赋弊端","申铭","再生","1947","第175期","9-11","上海"
"生活指数剧增:[画图]","再生","1947","第171期","封1",NA,"上海"
"杂感两则","旧风","再生","1947","第172期","15-16","上海"
"仰止堂:[画图]","再生","1947","第183期","封1",NA,"上海"
"论“儒林外史”的语言","铁马","再生","1947","第169期","14-17","上海"
"苏联报纸上新型爱国主义之宣传","肃子","再生","1947","第185期","13-14","上海"
"济南航稿:大选前夕之山东:城市碉堡，乡村颓坦，党政谈选，人民死光","鲁风","再生","1947","第182期","14-15","上海"
"秋高战马肥:战局述评之一(附表)","旧风","再生","1947","第182期","8-11","上海"
"何永佶“宪法平议”序","张君勱","再生","1947","第169期","2","上海"
"民主社会党的任务:三、我们的基本信念:什么是民主?什么是社会主义?(未完)","张君勱","再生","1947","第166期","3-4","上海"
"各国政治制度问答(续七)","王厚生","再生","1947","第174期","4-7","上海"
"S.L.B.:[画图]","再生","1947","第175期","封1",NA,"上海"
"读贝尔纳斯“说老实话”摘要(四)","张君勱","再生","1947","第194期","15-17","上海"
"略论地主与土地问题(续完)","丕谷","再生","1947","第173期","12-14","上海"
"新疆问题!:[画图]","再生","1947","第169期","封1",NA,"上海"
"英国宪政之发展","余园","再生","1947","第170期","3-6","上海"
"德国宪政的前因与后果(续):下篇:德意志共和国的诞生及其倾覆，第一段，制宪会议与新宪法的诞生","余园","再生","1947","第188期","9-12","上海"
"国共:[画图]","中南","再生","1947","第188期","封1","上海"
"养成民族思索力","张君勱","再生","1947","第178期","2-4","上海"
"昏话(续)","夏史","再生","1947","第175期","15","上海"
"我们的教育主张(附图)","孙亚夫","再生","1947","第186期","12-13","上海"
"争食图","中南","再生","1947","第178期","封1","上海"
"罗素论黑智儿","白旭","再生","1947","第169期","2-5","上海"
"苏中解放区及其他(续十六)","还俗","再生","1947","第168期","19","上海"
"中国外交政策诸问题(续)(二)(未完)","黄撼石","再生","1947","第194期","5-7","上海"
"美国宪政之发展(上篇)","余园","再生","1947","第172期","4-7","上海"
"各国政治制度问答(续三)","王厚生","再生","1947","第170期","6-7","上海"
"宪法颁布后之立法工作","郑怀琛","再生","1947","第156期","5-6","上海"
"朝那条路走?:[画图]","再生","1947","第157期","封1",NA,"上海"
"关于美国经济援欧(附图)","厚生","再生","1947","第172期","13-14","上海"
"释放被捕学生!:[画图]","再生","1947","第168期","封1",NA,"上海"
"读魏德迈离华声明","再生","1947","第180期","3-4",NA,"上海"
"中国的政党需要二面镜子","吕克难","再生","1947","第162期","11-12","上海"
"东欧的前途如何?(未完)","毅生","再生","1947","第158期","11","上海"
"党派与民意","沈正仑","再生","1947","第148期","9","上海"
"苏中解放区及其他(续二八)","还俗","再生","1947","第182期","15-16","上海"
"迎接土地大变动时代:由“解放”“收复”说到“改革”","申铭","再生","1947","第159期","7-8","上海"
"内战与经济危机","浪天","再生","1947","第153期","5","上海"
"民主社会党的任务:一、英美政党沿革与本党应学习之处","张君勱","再生","1947","第161期","2-4","上海"
"论美国不应袒护国共任何一方","毅生","再生","1947","第156期","15","上海"
"杂谈美苏关系","毅生","再生","1947","第160期","15-16","上海"
"论民盟事件","再生","1947","第188期","2",NA,"上海"
"读贝尔纳斯“说老实话”摘要(三)","张君勱","再生","1947","第193期","14-16","上海"
"战后日本政党及其民主运动","紫云","再生","1947","第167期","15-17","上海"
"科学指趣发凡(未完)","朱亦松","再生","1947","第164期","11-13","上海"
"民主同盟主席张澜致民主社会党主席张君勱函","张澜","再生","1947","第162期","封4","上海"
"时事周评:自由进步份子的团结","义","再生","1947","第157期","2","上海"
"江南赋额的今昔观(未完)","申铭","再生","1947","第188期","3-5","上海"
"中国外交政策诸问题(未完)","黄撼石","再生","1947","第192期","5-7","上海"
"选民的重任","Dodds，H.W. 斯鸣","再生","1947","第148期","10-13","上海"
"史塔森与史大林的谈话","信义","再生","1947","第170期","15","上海"
"金融制度与币制改革","寄","再生","1947","第193期","6-7","上海"
"新闻窗:抗战期中和胜利初期，各地民营的电台，通讯社，曾如雨后春筍，蓬勃发展……","再生","1947","第185期","12",NA,"上海"
"昏话","夏史","再生","1947","第173期","15-16","上海"
"美国贷款政策与对华新贷款","紫云","再生","1947","第160期","13-14","上海"
"韩国钧先生遇难记","王伯康","再生","1947","第161期","16","上海"
"共产党的标的:社会主义者和新共产国际","巴奈·拿乌耳(Nover，B.)","再生","1947","第189/190期","11-12","上海"
"再生的态度","再生","1947","第187期","2",NA,"上海"
"答复罗努生沈衡山两君评语","张君勱","再生","1947","第185期","2-4","上海"
"杭州报纸通讯社透视","觉天","再生","1947","第174期","16-17","上海"
"我们要求吃得饱!:[画图]","再生","1947","第170期","封1",NA,"上海"
"制宪归感录(二)","莘薇","再生","1947","第148期","8","上海"
"关税大贪污案之严重性","再生","1947","第194期","2",NA,"上海"
"读贝尔纳斯“说老实话”摘要(二)","张君勱","再生","1947","第191期","2-4","上海"
"东欧的前途如何?(续完)","毅生","再生","1947","第159期","12-14","上海"
"烽烟漫大地，馑饥遍人间!","旧风","再生","1947","第175期","8-9","上海"
"苏中解放区及其他(续十一)(附图)","还俗","再生","1947","第164期","17-19","上海"
"民主社会党的任务:一、政党的性质与本党的路线","张君勱","再生","1947","第160期","2-5","上海"
"纽约人过夏天","朱启平","再生","1947","第178期","15-16","上海"
"劳工参政问题","Kroll，J. 静观","再生","1947","第152期","8-10","上海"
"铁幕与马歇尔计划","李普曼 黄宗汉","再生","1947","第194期","8-9","上海"
"拾零三则","再生","1947","第178期","18",NA,"上海"
"我对于学潮的意见","张君勱","再生","1947","第166期","2","上海"
"苏中解放区及其他(续十六)","还俗","再生","1947","第169期","17-18","上海"
"武大惨案的法律观点","觉天","再生","1947","第169期","5-7","上海"
"论“一交跌在虚空里”","白旭","再生","1947","第175期","14-15","上海"
"时事周评:莫斯科会议的命运","敬","再生","1947","第158期","2","上海"
"各国政治制度问答(续六)","王厚生","再生","1947","第173期","9-12","上海"
"上海杂志界联合宣言","再生","1947","第194期","7",NA,"上海"
"再谈“产共”与“铲共”","丕谷","再生","1947","第166期","11-13","上海"
"我们的教育主张","孙亚夫","再生","1947","第187期","10-12","上海"
"苏联的外交态度","Mond，R.D. 陈明","再生","1947","第149期","15","上海"
"从“军队国家化”说起:新四军是座和尚庙，居士主持怎么成?","还俗","再生","1947","第149期","12-13","上海"
"为五四运动告青年书","毛以亨","再生","1947","第163期","3-5","上海"
"中国民主社会党对于和谈之意见","再生","1947","第149期","2",NA,"上海"
"关于共产党的权利的两封信","毅生","再生","1947","第166期","15-17","上海"
"“哲学是什么?哲学家应该做什么?”书后","白旭","再生","1947","第161期","5-6","上海"
"苏中解放区及其他(续八)","还俗","再生","1947","第159期","15-16","上海"
"现行田赋制度解剖(未完)","申铭","再生","1947","第176期","13-16","上海"
"法币:[画图]","再生","1947","第163期","封1",NA,"上海"
"英国民主政治的演进","紫云","再生","1947","第155期","12-14","上海"
"关于参加改组政府问题我见","习之","再生","1947","第146/147期","3-4","上海"
"英国选举制度(上篇)","余园","再生","1947","第177期","6-10","上海"
"社会改造问题之商榷(上)(未完)","伍藻池","再生","1947","第148期","2-4","上海"
"结束战时财政","伟晨","再生","1947","第152期","5-6","上海"
"时事周评:政党政治的好榜样","公","再生","1947","第159期","2","上海"
"论贪污","更生","再生","1947","第186期","16-17","上海"
"苏中解放区及其他(续五)","还俗","再生","1947","第156期","15-16","上海"
"新宪法施行及培植之关键(中国民主宪法十讲之补讲)","张君勱","再生","1947","第185期","5-6","上海"
"今天中国哲学界的情形","白旭","再生","1947","第164期","10-11","上海"
"民主问题的实现","吕克难","再生","1947","第178期","7-10","上海"
"时事周评:心理的危机","直","再生","1947","第154期","2","上海"
"苏中解放区及其他(续二七)","还俗","再生","1947","第181期","17-18","上海"
"梁潄溟致张君勱函","再生","1947","第158期","16",NA,"上海"
"德国宪政的前因与后果(续)","余园","再生","1947","第184期","14-16","上海"
"精神的内战","紫云","再生","1947","第164期","14-15","上海"
"论泛美洲统一军备问题(附图)","(美)华莱士 费雯","再生","1947","第188期","7-9","上海"
"巴基斯坦:印度问题的关键","佚名","再生","1947","第176期","17","上海"
"给我国民族资产阶级的一封公开信(上)(未完)","日辰","再生","1947","第158期","3-6","上海"
"东北问题杂感","吕瑛","再生","1947","第146/147期","17","上海"
"市柴:[诗歌]","梁秋水","再生","1947","第146/147期","6","上海"
"下一步如何走?:[画图]","再生","1947","第159期","封1",NA,"上海"
"德国宪政的前因与后果(续)","余园","再生","1947","第192期","13-15","上海"
"中国民主社会党对美国总统杜鲁门发表对华政策之意见","徐傅霖","再生","1947","第149期","12","上海"
"苏中解放区及其他(续六)","还俗","再生","1947","第157期","15-16","上海"
"英国选举制度(下篇)","余园","再生","1947","第178期","4-7","上海"
"论民主政治","许绍珊","再生","1947","第161期","9-10","上海"
"美国民主党诤告共和党","Barkley，A.W. 陈明","再生","1947","第156期","12-13","上海"
"美国世界全面外交政策之形成","子敬","再生","1947","第170期","14-15","上海"
"农民的控诉","申铭","再生","1947","第153期","6-7","上海"
"苏中解放区及其他(续三)","还俗","再生","1947","第154期","14-16","上海"
"张君勱李璜为政府宣布民盟为非法团体事致张院长岳军函","张君勱 李璜","再生","1947","第188期","2","上海"
"略说“士”的性质","白旭","再生","1947","第182期","2-4","上海"
"泛亚会议日记(一)(待续)","毛以亨","再生","1947","第160期","8-9","上海"
"美国共和党之好机会","华莱士 陈明","再生","1947","第158期","12-13","上海"
"法国宪政之发展","余园","再生","1947","第176期","8-12","上海"
"莫斯科会议与中国问题","静观","再生","1947","第155期","9-10","上海"
"德国宪政的前因与后果(续)","余园","再生","1947","第183期","10-11","上海"
"尼赫鲁和真纳:两个印度领袖的对照","Jcres，G.E. 陈明","再生","1947","第152期","7，16","上海"
"中国民主社会党第壹次全国党员代表大会宣言","再生","1947","第176期","2-5",NA,"上海"
"收复区拾零(附图)","向日","再生","1947","第178期","11-13","上海"
"学海波涛之一:学然后知不足:本文为张君勱先生于五月十二日在大夏大学第八次周会上演词","张君勱","再生","1947","第165期","4-6","上海"
"时事周评:所谓“尽其在我”","铭","再生","1947","第157期","2","上海"
"时事周评:论改组政府","毅","再生","1947","第155期","2","上海"
"美国发展科学的十年计划","一清","再生","1947","第195期","13-15","上海"
"政协宪草小组中之发言","张君勱","再生","1947","第176期","5-8","上海"
"中国民主社会党广东省党部成立大会张主席致词","再生","1947","第171期","8",NA,"上海"
"德国宪政的前因与后果(未完)","余园","再生","1947","第182期","6-7","上海"
"大鱼吃小鱼:[画图]","再生","1947","第158期","封1",NA,"上海"
"苏中解放区及其他(续十八)","还俗","再生","1947","第171期","16","上海"
"苏中解放区及其他(续十四)","还俗","再生","1947","第166期","17-19","上海"
"欧洲复兴会议的前途(续)","鑑空","再生","1947","第181期","9-10","上海"
"江南农话(未完)","申铭","再生","1947","第179期","8-11","上海"
"新闻窗:三党如此合作:山东省府要人的手谕，“一经查出”“定予严惩”","王鲁之","再生","1947","第192期","15","上海"
"时事周评:读傅斯年大公报文书后","白旭","再生","1947","第153期","2","上海"
"论“第三方面”","白旭","再生","1947","第146/147期","9","上海"
"改组政府声中答客问","伍宪子","再生","1947","第149期","3-4","上海"
"瑞士政治制度问答","王厚生","再生","1947","第180期","8-11","上海"
"读孙副主席谈话有感","旧风","再生","1947","第171期","10-11","上海"
"论辩证法及中国共产党","白旭","再生","1947","第155期","3-8","上海"
"内战等于自杀:[画图]","再生","1947","第155期","封1",NA,"上海"
"社会改造问题之商榷(下)","伍藻池","再生","1947","第150期","3-6","上海"
"新闻窗:创造社老作家郑伯奇……","再生","1947","第182期","17",NA,"上海"
"我们的教育主张(未完)","孙亚夫","再生","1947","第184期","17-18","上海"
"时事周评:联总输入棉花能解救经济危机吗?","瀞","再生","1947","第153期","3","上海"
"新个人与新社会","谢君承","再生","1947","第195期","4-7","上海"
"自处之道","远","再生","1947","第170期","2","上海"
"麦帅苦心:[画图]","再生","1947","第176期","封1",NA,"上海"
"各国政治制度问答(续一)","王厚生","再生","1947","第168期","11-15","上海"
"共产:[画图]","再生","1947","第174期","封1",NA,"上海"
"江南租话(未完)","申铭","再生","1947","第166期","8-10","上海"
"苏联内幕","静观","再生","1947","第149期","18-20","上海"
"人民起来制止内战","梁秋水","再生","1947","第146/147期","7","上海"
"英法荷三大帝国的没落","Suizbfrgetr，C.L. 悲厂","再生","1947","第153期","12-13","上海"
"苏中解放区及其他(续十)","还俗","再生","1947","第163期","18-19","上海"
"法国社会安定而政治不安之原因","Siegfried，A. 陈明","再生","1947","第163期","6-7","上海"
"苏中解放区及其他(续二五)","还俗","再生","1947","第179期","17-18","上海"
"各国政治制度问答(续四)","王厚生","再生","1947","第171期","5-7","上海"
"英国文官制度","余园","再生","1947","第163期","12-16","上海"
"从马歇尔出任国务卿看美国的外交政策","方艾","再生","1947","第148期","7-8","上海"
"现代国际法的蜕变","钱公武","再生","1947","第158期","7-9","上海"
"时事周评:应使伤者平气死者瞑目","铭","再生","1947","第153期","3","上海"
"英美援助希土案与联合国","鉴空","再生","1947","第163期","8-12","上海"
"论世界警察(附图)","鉴空","再生","1947","第164期","7-9","上海"
"实施宪政之我见(附图)","廖竞存","再生","1947","第165期","17-18","上海"
"法国共产党的人物组织与其力量","信义","再生","1947","第171期","11-15","上海"
"我对国军攻入延安的看法","嶽云","再生","1947","第157期","5","上海"
"美国民主行动者谈(续)","张国超","再生","1947","第192期","4-5","上海"
"马歇尔计划的纠葛","野客","再生","1947","第194期","9-10","上海"
"也谈谈国民党的革新","吕克难","再生","1947","第185期","11-12","上海"
"无题:[诗歌]","秋水","再生","1947","第146/147期","13","上海"
"抗议宋子文主粤!","白旭","再生","1947","第184期","2","上海"
"对组织军事建设委员会之意见书","张卓然","再生","1947","第172期","10-12","上海"
"为一切非共产党的社会主义者忧:读“九国共产党关于国际形势的宣言”所激起的感想","吕克难","再生","1947","第192期","2-3","上海"
"请看今日之苏北","詠硕","再生","1947","第189/190期","12-14","上海"
"现行田赋制度解剖(续)","申铭","再生","1947","第177期","11-14","上海"
"美国集团:[画图]","中南","再生","1947","第186期","封1","上海"
"台湾二二八事件之分析","王济昌","再生","1947","第159期","9-12，16","上海"
"苏北的情形究竟是怎样?","志伊","再生","1947","第146/147期","14-16","上海"
"“豪门资本”考","申铭","再生","1947","第158期","10-11，15","上海"
"新闻管制的国家","赛德怀 不移","再生","1947","第148期","12-13","上海"
"时事周评:斥民社党得洋房美金说","明","再生","1947","第158期","2","上海"
"美国效弃调处后的我国前途","子敬","再生","1947","第150期","2","上海"
"民主社会党的任务:三、我们的基本信念:什么是民主?什么是社会主义?(下期续完)","张君勱","再生","1947","第164期","2-4","上海"
"结果如此:[画图]","再生","1947","第164期","封1",NA,"上海"
"美国应争取中国","金望之","再生","1947","第196期","9-11","上海"
"白祸重于黄祸","铭","再生","1947","第152期","3","上海"
"日本黩武主义的复活","方建民","再生","1947","第193期","11-13","上海"
"苏中解放区及其他(续三一)","还俗","再生","1947","第185期","17-18","上海"
"给我国民族资产阶级的一封公开信(下)","日辰","再生","1947","第159期","3-5","上海"
"黄金、外汇、法币、物价","余园","再生","1947","第149期","5-6","上海"
"中国民主社会党为保障人民人身自由声明","再生","1947","第156期","3",NA,"上海"
"那些国家妇女有选举权?","再生","1947","第148期","13",NA,"上海"
"论世界经济合作(附图)","鑑空","再生","1947","第166期","5-6","上海"
"美外交政策设计人耿南先生","再生","1947","第183期","8-9",NA,"上海"
"法兰西的再生及其新宪法","紫云","再生","1947","第157期","12-14","上海"
"致伍宪子书","李微尘","再生","1947","第177期","2-5","上海"
"希腊的民间诗歌","(英)鲍威尔 赵蔚青","再生","1947","第175期","11-14","上海"
"各国政治制度问答(未完)","王厚生","再生","1947","第167期","10-12","上海"
"二度秋风话台湾","枚","再生","1947","第187期","16-17","上海"
"利与义:一个旧问题的新看法","陈务生","再生","1947","第192期","7-11","上海"
"新宪法施行及培植之关键(中国民主宪法十讲之补讲)","张君勱","再生","1947","第184期","3-8","上海"
"鼓吹反内战的和平运动","黄撼石","再生","1947","第165期","7-9","上海"
"美国民主行动者谈:自由主义","张国昌","再生","1947","第191期","10-12","上海"
"论选举精神","再生","1947","第193期","2",NA,"上海"
"德国宪政的前因与后果(续):下篇:德意志共和国的诞生及其倾覆:第二段:德意志共和国政制的特点(二)(未完)","余园","再生","1947","第191期","14-15","上海"
"南京一日感","吕拙文","再生","1947","第195期","17-18","上海"
"中国怎样走向多党政治:多党政治才是民主政治","沈新民","再生","1947","第195期","7-10","上海"
"眼光要看远点","万武","再生","1947","第158期","10","上海"
"悲华经舍杂记","悲华","再生","1947","第183期","17","上海"
"中欧赤色联盟:狄密屈洛夫的计划(附图)","再生","1947","第172期","14-15",NA,"上海"
"昏话(续)","夏史","再生","1947","第176期","18","上海"
"苏联态度何以比美英更强硬?","毅生","再生","1947","第150期","12-14","上海"
"中国是美苏政治的足球吗","觉天","再生","1947","第173期","4-5","上海"
"新闻窗:这位仿佛“寇准出知陕州”的宋子文……","再生","1947","第187期","11",NA,"上海"
"论政治与文艺的歧途","黄撼石","再生","1947","第188期","15-16","上海"
"民主政治下之计划经济(待续)","毛以亨","再生","1947","第183期","7-9","上海"
"从“民主三三制”说起","还俗","再生","1947","第150期","7-8","上海"
"中国外交政策诸问题(续)(一)(未完)","黄撼石","再生","1947","第193期","7-9","上海"
"德国宪政的前因与后果(续):下篇:德意志共和国的诞生及其倾覆:第二段:德意志共和国政制的特点","余园","再生","1947","第189/190期","9-11","上海"
"苏中解放区及其他(续三三)","还俗","再生","1947","第188期","17-18","上海"
"环绕莫斯科会议的外交战(附图)","钱公武","再生","1947","第162期","15-17","上海"
"内战:[画图]","再生","1947","第154期","封1",NA,"上海"
"时事周评:国民党三中全会","敬","再生","1947","第155期","2","上海"
"悲华经舍杂记(续)","悲华","再生","1947","第185期","16","上海"
"农村概况(附表)","雨农","再生","1947","第160期","10-12","上海"
"湖南的粮食库券本息之估计:湖南通讯之三(附表)","土人","再生","1947","第171期","17-18","上海"
"建都论","葛存畬","再生","1947","第174期","2-4","上海"
"论哲学的性质","白旭","再生","1947","第160期","6-8","上海"
"土地处理与时局关键","申铭","再生","1947","第150期","9-11","上海"
"从吾乡看吾国(附图)","丕谷","再生","1947","第163期","16-18","上海"
"法国共产党之潜势力","戒庵","再生","1947","第158期","13-15","上海"
"一九四七年美国外交政策","刘云舫","再生","1947","第162期","17-19","上海"
"寄期望于今日中国的政党","吕克难","再生","1947","第165期","15-17","上海"
"英国工党政府及其社会革命:人民在不流血的和平的气氛中得到了社会革命的实效","紫云","再生","1947","第151期","7-10","上海"
"经济紧急措施方案果能生效吗?","余","再生","1947","第152期","4","上海"
"民主政治与人民办报","黄一裳","再生","1947","第196期","3-4","上海"
"泛亚会议日记(二)","毛以亨","再生","1947","第161期","7-8，13","上海"
"同盟国胜利纪念两周年","再生","1947","第180期","2-3",NA,"上海"
"哭“七七”!哭胜利!哭永不归来的同胞","再生","1947","第172期","16-17",NA,"上海"
"青年团改制问题","吕克难","再生","1947","第175期","6-7","上海"
"法国问:助德乎?助法乎?","王厚生","再生","1947","第192期","11-12","上海"
"美国干涉希土问题的心跡:答覆葛罗米柯先生","云舫","再生","1947","第169期","14","上海"
"梁潄溟致民青两党公开信","再生","1947","第158期","16",NA,"上海"
"“滇西竞选”内幕","杨采夫","再生","1947","第194期","17-18","上海"
"中国外交政策诸问题(续完)","黄撼石","再生","1947","第195期","10-12","上海"
"读张院长的谈话","再生","1947","第184期","2",NA,"上海"
"随想之二","旧风","再生","1947","第174期","13-14","上海"
"抗战中之三篇言论:吾人立场与民族生存战争中之三字诀","张君勱","再生","1947","第171期","2-4","上海"
"苏中解放区及其他(续十五)","还俗","再生","1947","第167期","18-19","上海"
"傅斯年的呼声","采","再生","1947","第152期","2-3","上海"
"中华民国宪法(三十五年十二月二十五日国民大会通过)","再生","1947","第146/147期","28-36",NA,"上海"
"江南农话(续)","申铭","再生","1947","第181期","15-16","上海"
"略论地主与土地问题(续一)","丕谷","再生","1947","第171期","8-9","上海"
"今年田赋征粮后果蠡测","申铭","再生","1947","第146/147期","10-11","上海"
"苏中解放区及其他(续念一)","还俗","再生","1947","第173期","17-18","上海"
"旧文学在北平","张远清","再生","1947","第146/147期","11","上海"
"时事周评:“众须觉悟!”","铭","再生","1947","第156期","2","上海"
"从美元恐慌说起","明伦","再生","1947","第179期","14-15","上海"
"各国政治制度问答(续二)","王厚生","再生","1947","第169期","7-9","上海"
"时事周评:三党训政之说","义","再生","1947","第159期","2","上海"
"时事周评:中国事中国人自己解决","毅","再生","1947","第153期","2","上海"
"苏中解放区及其他(续七)","还俗","再生","1947","第158期","15","上海"
"苏北来鸿:活着像幽灵似的飘荡，死后的阴魂也无处安排","张","再生","1947","第175期","16-17","上海"
"制宪归感录(一)","莘薇","再生","1947","第146/147期","36","上海"
"苏中解放区及其他(续三五)","还俗","再生","1947","第191期","16-18","上海"
"民主政治下之计划经济(续)","毛以亨","再生","1947","第184期","9-11","上海"
"共产主义的性格","吕克难","再生","1947","第191期","4-6","上海"
"罪言","白旭","再生","1947","第182期","12","上海"
"中国国际人权保障会致张君勱函","再生","1947","第158期","16",NA,"上海"
"中国民主社会党二月十五日声明:为参加改组中之立法院监察院宪政实施促进会参政会等四机构事","再生","1947","第152期","2",NA,"上海"
"十年征戍忆辽阳:战局述评之二","旧风","再生","1947","第184期","12-14","上海"
"去年今日","丕谷","再生","1947","第174期","14-15","上海"
"江南租话(续完)","申铭","再生","1947","第167期","4-8","上海"
"马歇尔返国后之美国舆论","斯鸣","再生","1947","第149期","16-17","上海"
"纪念五四运动的意义","张君勱","再生","1947","第163期","2","上海"
"论“清党”与“洗党”","黄撼石","再生","1947","第149期","14-15","上海"
"死不瞑目:[画图]","再生","1947","第162期","封1",NA,"上海"
"麦帅怀中的日本:[画图]","中南","再生","1947","第185期","封1","上海"
"民主政治下之计划经济(续)","毛以亨","再生","1947","第185期","6-8","上海"
"张君勱致上海市市长吴国桢函","张君勱","再生","1947","第158期","16","上海"
"从历史上学习经验教训","白旭","再生","1947","第150期","3","上海"
"罗素论司披拿莎","白旭","再生","1947","第168期","6-11","上海"
"这里还有一大批:[画图]","再生","1947","第156期","封1",NA,"上海"
"中国民主社会党的政治路线","王厚生","再生","1947","第186期","10-12","上海"
"论立言之难(附图)","方","再生","1947","第173期","15","上海"
"中国之病与药","伍宪子","再生","1947","第151期","2-3","上海"
"杜鲁门对华声明全文","再生","1947","第146/147期","24-26",NA,"上海"
"中国民主社会党对目前时局意见(三十五年十二月三十一日)","再生","1947","第146/147期","2",NA,"上海"
"悲华经舍杂记(续)","悲华","再生","1947","第191期","16","上海"
"泛亚会议杂记(附照片)","毛以亨","再生","1947","第164期","5-6","上海"
"还乡观感(待续)","龙子","再生","1947","第151期","15-16","上海"
"“翻身”与“复辟”","丕谷","再生","1947","第155期","13-16","上海"
"论美兵强姦北大女生案","沈正仑","再生","1947","第146/147期","13","上海"
"战后英国的迫切问题(续)","黄撼石","再生","1947","第191期","13-14","上海"
"社会改造问题之商榷(中)(未完)","伍藻池","再生","1947","第149期","10-11","上海"
"民主社会党的任务:三、我们的基本信念:什么是民主?什么是社会主义?","张君勱","再生","1947","第167期","2-4","上海"
"特种过份利得税利弊之检讨(附图)","周树声","再生","1947","第167期","8-9","上海"
"再论黄金与物价","余园","再生","1947","第151期","5","上海"
"美国自由进步份子阵线的分裂","Loftus，J. 静观","再生","1947","第153期","13-14","上海"
"关于选举名额的问题，张君勱先生发表谈话","再生","1947","第185期","2",NA,"上海"
"帝国主义必须澈底放弃","吕克难","再生","1947","第188期","5-7","上海"
"杭州风景线(续)","士","再生","1947","第178期","16-17","上海"
"昏话(续)","夏史","再生","1947","第174期","13","上海"
"欧洲复兴会议的前途(续)","鑑空","再生","1947","第180期","13-14","上海"
"我祖国之骄子","谢紫","再生","1947","第187期","15","上海"
"参政会中民主社会党关于和平提案全文","再生","1947","第168期","18",NA,"上海"
"日本:[画图]","再生","1947","第187期","封1",NA,"上海"
"德国宪政的前因与后果(续完)","余园","再生","1947","第193期","13-14","上海"
"苏联在下次战争中能获胜利","(美)康麦格 沈立钧","再生","1947","第194期","10-12","上海"
"读史劄记:元代轻儒","讷菴","再生","1948","第216期","14","上海"
"美国的国会(续)","王厚生","再生","1948","第216期","7-8","上海"
"中国历史上之幕职(续):中国政治制度史谈之九","杜衡","再生","1948","第217期","16-17","上海"
"读史劄记:知人用人(四)","讷庵","再生","1948","第228期","12","上海"
"论中原大捷","再生","1948","第223期","2",NA,"上海"
"少数党之言","再生","1948","第224期","2",NA,"上海"
"积重难变下之新阁","再生","1948","第218期","2",NA,"上海"
"我国对外贸易之重大使命与政府应有措施(七)","张肖梅 杨博如","再生","1948","第218期","9-10","上海"
"读史劄记:不均不安","讷菴","再生","1948","第221期","8","上海"
"中原大战共军阵容和据点","再生","1948","第222期","14",NA,"上海"
"平居忆往:圆明园(续)","萧客","再生","1948","第215期","15-16","上海"
"政权论","杨泽中","再生","1948","第220期","5-8","上海"
"平居忆往:戊戌变法(续)","萧客","再生","1948","第217期","18-19","上海"
"我国对外贸易之重大使命与政府应有措施(二)","张肖梅 杨博如","再生","1948","第213期","3-4","上海"
"副总统选举前夕张君勱先生讲演辞:四月廿三日晚在民主社会党国大代表团讲演","再生","1948","第213期","15-18",NA,"上海"
"欧洲复兴计划的执行人","唐纳文 王厚生","再生","1948","第212期","9-11","上海"
"社会主义与共产主义","余园","再生","1948","第209期","2-4","上海"
"我们推举徐傅霖先生竞选副总统(附照片)","张君勱","再生","1948","第210/211期","4","上海"
"平居忆往:鸦片战争前后","萧客","再生","1948","第205期","18-19","上海"
"救济特捐怎么办","再生","1948","第205期","2",NA,"上海"
"我国对外贸易之重大使命与政府应有措施(三一)","张肖梅 杨博如","再生","1948","第242/243期","14-15","上海"
"英国文官制度(上):各国文官制度之四(未完)","叶新华","再生","1948","第238期","9-10","上海"
"论杜鲁门连任","再生","1948","第239期","2-3",NA,"上海"
"评“省县自治通则草案初稿”","再生","1948","第230期","15-19",NA,"上海"
"论民主的节约","再生","1948","第231期","2",NA,"上海"
"沧桑明眼录(未完)","秦越","再生","1948","第232期","13-14","上海"
"中国文艺的再生","紫云","再生","1947","第170期","12-13","上海"
"四巨头:[画图]","再生","1947","第167期","封1",NA,"上海"
"风急天高猿啸哀:战局述评之四","旧风","再生","1947","第188期","13-15","上海"
"如此选举","土人","再生","1947","第177期","14-16","上海"
"所谓“改组政府”","关夫","再生","1947","第146/147期","5-6","上海"
"苏联在下次战争中能获胜利","(美)康麦格 沈立钧","再生","1947","第195期","15-17","上海"
"战后英国的迫切问题(未完)","黄撼石","再生","1947","第189/190期","14-15","上海"
"英国内阁制的产生及其演变(未完)","余园","再生","1947","第180期","11-13","上海"
"时事周评:希腊土耳其问题的症结","卓","再生","1947","第158期","2","上海"
"美国务卿马歇尔简传","再生","1947","第150期","14",NA,"上海"
"论世界经济危机(续完)(附图)","鉴空","再生","1947","第171期","4-5","上海"
"关于否决权用于原子管制美苏两方态度","再生","1947","第148期","14-15",NA,"上海"
"苏中解放区及其他(续二四)","还俗","再生","1947","第175期","18","上海"
"中国产业革命论(续)(附图)","日辰","再生","1947","第180期","5-8","上海"
"振衰起敝的社会生活教育","黄一裳","再生","1947","第194期","3-4","上海"
"闲话贵州帮会","炎德","再生","1947","第178期","14","上海"
"物价飞涨，普遍失业:[画图]","再生","1947","第177期","封1",NA,"上海"
"英上院激辩我国局势详情","毅生","再生","1947","第151期","11-14","上海"
"不要把民主糟塌了","吕克难","再生","1947","第174期","8-9","上海"
"“美国世纪”的真谛(附图)","黄撼石","再生","1947","第169期","10-13","上海"
"国共以外的看法(未完)","吕克难","再生","1947","第186期","5-7","上海"
"马歇尔计划报告摘要之分析","王厚生","再生","1947","第191期","7-10","上海"
"苏中解放区及其他(续二九)","还俗","再生","1947","第183期","17-18","上海"
"时事周评:我们需要安定","伯","再生","1947","第155期","2","上海"
"国外时事分析:从巴黎和会谈到德国问题","苏生","再生","1946","第124期","12-14","上海"
"短评:一、关于原子弹试验","义","再生","1946","第121期","2","上海"
"巴黎和会内幕(十一)(待续)","苏生","再生","1946","第139期","13-16","上海"
"漫谈:四、谦虚","伯","再生","1946","第127期","7","上海"
"马司声明中所说的症结不能解决么?","孙宝毅","再生","1946","第126期","7-9","上海"
"歧路中的出路","李惟丞","再生","1946","第107期","2-3","上海"
"英伦特写:英国怎么样","田汝康","再生","1946","第106期","13-14","上海"
"读“左与右的斗争”后","远流","再生","1946","第138期","5","上海"
"“官僚”与“公仆”(下期续完)","更生","再生","1946","第120期","4-5","上海"
"“被遗忘”了的中国兵","醒民","再生","1946","第116期","8-9","上海"
"政治必须主义么?","潘光旦","再生","1946","第108期","7-9","上海"
"吾国政党发展之回顾与吾党之将来","张君勱","再生","1946","第109期","3-4","上海"
"邱吉尔的秘密演说(续完)","卢淑","再生","1946","第109期","14-15","上海"
"短评:二、这叫做民主的宪法?","毅","再生","1946","第109期","2","上海"
"中国是在实行某种方式的自杀吗?","毅生","再生","1946","第113期","10-12","上海"
"东北问题杂感","侯北人","再生","1946","第113期","9-11","上海"
"为申报“为四项呼籲进一解”解","侯北人","再生","1946","第114期","6-7","上海"
"短评:一、警管区与保甲制","更生","再生","1946","第113期","2","上海"
"照照镜子","更生","再生","1946","第111期","13","上海"
"短评:在汹涌澎湃的罢工风潮之中……","旭 清","再生","1946","第106期","15","上海"
"“国社”“民宪”骨肉团圆","再生","1946","第129期","13",NA,"上海"
"什么是言论自由?","再生","1946","第115期","10",NA,"上海"
"国大旧代表诸公，此举差矣!","侯北人","再生","1946","第112期","5-6","上海"
"从人民立场批评五五宪草","费青","再生","1946","第107期","8-14","上海"
"短评:三、谁是罪人","明","再生","1946","第124期","2","上海"
"评史大林演说","再生","1946","第115期","13-14",NA,"上海"
"“铁幕”“丝幕”后的德国问题","王琪","再生","1946","第116期","13-15","上海"
"从国大制宪谈到恢复和谈","孙宝毅","再生","1946","第143期","2-5","上海"
"英美派民主的不全之处","孙宝毅","再生","1946","第144期","8","上海"
"出居庸关四首","梁秋水","再生","1946","第145期","2","上海"
"民主社会党政纲政治章","再生","1946","第139期","8",NA,"上海"
"民主社会党政纲经济章","再生","1946","第139期","10",NA,"上海"
"民主常识之一:美国法律是怎样产生的?:在美国一切法案概由议会裁决，民选代表握有立法大权","再生","1946","第141期","9-10",NA,"上海"
"由蒋主席国大演说谈到国大的法律根据","王原","再生","1946","第142期","5-6","上海"
"我们应该表示自己的意见了:内政漫谈","关夫","再生","1946","第135期","4-6","上海"
"民主政府问答","再生","1946","第129期","14-15，6",NA,"上海"
"国内时事分析:中国问题逐渐成为国际问题么?","毅生","再生","1946","第124期","11-13","上海"
"短评:二、关于宋庆龄先生最近的对于时局的声明","希","再生","1946","第124期","2","上海"
"从宋院长访问莫斯科说到中苏关系","石啸冲","再生","1945","第102期","9-10","重庆"
"在民主制度下才能把人民团结起来","邓初民","再生","1945","第100期","4","重庆"
"欧战的检讨与回顾","鲍尔温 抱贞","再生","1945","第102期","19-20","重庆"
"青年朋友们共同来!","罗加正","再生","1945","第100期","15","重庆"
"中国青年运动史话:第一讲:中国青年运动前史","石啸冲","再生","1945","第101期","11-12，9","重庆"
"国共两党重开谈判","伯伟","再生","1945","第101期","1","重庆"
"从希特勒的死说到今后政治民主和世界和平","孙亚夫","再生","1945","第101期","6-7","重庆"
"坚决反对“廉价和平!”","子敬","再生","1945","第101期","3","重庆"
"尊重多数人的意见","俞颂华","再生","1945","第100期","5","重庆"
"英国工党是怎样胜利的?","石啸冲","再生","1945","第103期","13-14","重庆"
"我的立场和信念","张申府","再生","1945","第100期","6","重庆"
"中国共产党","潘梓年","再生","1945","第104期","10-12","重庆"
"我的学生时代:十月三十日在成都石室中学讲","张君勱","再生","1948","第239期","7-8","上海"
"胜利三年话滇西","卜乙之","再生","1948","第233期","14-17","上海"
"价值论中一个企待解决的问题:循环推论与心理根据","喻淦邨","再生","1948","第235期","13-14","上海"
"立法院的升沉","再生","1948","第235期","2",NA,"上海"
"论欧洲新均势:下篇:论德国","余园","再生","1948","第240期","7-9","上海"
"我国对外贸易之重大使命与政府应有措施(二五)(附表)","张肖梅 杨博如","再生","1948","第236期","11-13","上海"
"财经紧急处分向前看","再生","1948","第232期","2",NA,"上海"
"读史劄记:俗传史事之伪谬","讷庵","再生","1948","第229期","19","上海"
"资本主义与社会主义:清华北大经济学会举行辩论会","紫云","再生","1948","第209期","13","上海"
"司徒大使语重心长","再生","1948","第204期","2",NA,"上海"
"美国对华的决策","黎玄","再生","1948","第209期","8-10","上海"
"保障人权与挽救资本主义","华莱士 费雯","再生","1948","第210/211期","21-22","上海"
"乱上加乱","再生","1948","第207期","2",NA,"上海"
"民主政治的真谛","黎玄","再生","1948","第203期","3-5","上海"
"文化工作者的历史任务","李兆琏","再生","1948","第203期","13-14","上海"
"中国新闻事业史上的两重桎梏","黄一裳","再生","1948","第199期","3-6","上海"
"无言论自由无主民","再生","1948","第240期","2-3",NA,"上海"
"我国对外贸易之重大使命与政府应有措施(一八)","张肖梅 杨博如","再生","1948","第229期","5-7","上海"
"古代与中古时代所谓社会主义:社会主义起源论之一","余园","再生","1948","第241期","7-8","上海"
"论国际局势","王厚生","再生","1948","第207期","9-13","上海"
"地中海上之风云","金治泰","再生","1948","第205期","11-12","上海"
"征古录(续)","微明","再生","1948","第201期","12","上海"
"美国与世界","沈立钧","再生","1948","第199期","13-15","上海"
"异哉九龙城事件","再生","1948","第199期","2",NA,"上海"
"中国新宪法起草经过:上海银行图书馆开幕日讲","张君勱","再生","1948","第220期","3-5","上海"
"论改革币制","黄河清","再生","1948","第200期","8-9","上海"
"我国思想界的寂寞:十月十二日在武大讲","张君勱","再生","1948","第237期","2-5","上海"
"美国外交政策上之新制度:两党联合外交政策:三十七年十月十日在武汉大学讲","张君勱","再生","1948","第237期","6-7","上海"
"防患与格杀毋论","再生","1948","第202期","2",NA,"上海"
"从历史观点纵谈中国之治与乱","黄河清","再生","1948","第199期","6-7","上海"
"云楼讲话","再生","1948","第210/211期","29",NA,"上海"
"英国外交转向的前因后果","余望之","再生","1948","第201期","3-5","上海"
"今年的财政预算","紫云","再生","1948","第202期","7-8","上海"
"读史劄记:唐监军之失","讷菴","再生","1948","第222期","9","上海"
"征古录(续)","微明","再生","1948","第205期","11","上海"
"巡视美国西北部的报告","(美)华莱士 费雯","再生","1948","第206期","13-15","上海"
"读史劄记:论元代覆亡之速","讷庵","再生","1948","第232期","19","上海"
"法治的抉择","再生","1948","第233期","2-3",NA,"上海"
"读史劄记:君位之继承(二)","讷菴","再生","1948","第212期","9-10","上海"
"徐傅霖先生七十寿序","再生","1948","第210/211期","5",NA,"上海"
"我国对外贸易之重大使命与政府应有措施(三○)","张肖梅 杨博如","再生","1948","第241期","11-13","上海"
"鲍尔温评传","Laski 叶幼麟","再生","1948","第238期","14-17","上海"
"我国对外贸易之重大使命与政府应有措施(八)(附表)(未完)","张肖梅 杨博如","再生","1948","第219期","10-12","上海"
"平居忆往(续)","萧客","再生","1948","第209期","18-19","上海"
"中国历史上之言官(续):中国政治制度史谈之六","杜衡","再生","1948","第210/211期","23-24","上海"
"由“惩奸”谈“大赦”:政局内幕谈之四","梦觉","再生","1948","第208期","9","上海"
"读史劄记:外戚恩泽之封(上)","讷菴","再生","1948","第204期","14","上海"
"什么是中间路线","梁崇辅","再生","1948","第204期","5-7","上海"
"平居忆往(续)","萧客","再生","1948","第212期","16-17","上海"
"过去与今后的立法院","王厚生","再生","1948","第198期","6-8","上海"
"沧桑明眼录:鸦片战争时代之君相(未完)","秦越","再生","1948","第240期","18-19","上海"
"民主政治的哲学基础:十月二十六日在成都大学讲","张君勱","再生","1948","第240期","4-5","上海"
"读史劄记:宜重亲民之官","讷庵","再生","1948","第241期","17","上海"
"读史劄记:唐顺宗时王叔文等之用事","讷庵","再生","1948","第236期","19","上海"
"故贝奈斯总统的遗著:民主政治史的发展(未完)","方建民","再生","1948","第233期","10-11","上海"
"读史劄记:元代之崇信番僧","讷庵","再生","1948","第231期","19","上海"
"也论自由与面包的抉择","王厚生","再生","1948","第231期","9-10","上海"
"我之美贷乡建观","申铭","再生","1948","第228期","7-8，15","上海"
"评“省县自治通则草案初稿”","王扬","再生","1948","第227期","14-15","上海"
"我国对外贸易之重大使命与政府应有措施(一五)","张肖梅 杨博如","再生","1948","第226期","6-8","上海"
"庚子东南互保之约","邱吾","再生","1948","第242/243期","16-18","上海"
"读史劄记:清捐纳之弊","讷菴","再生","1948","第223期","17","上海"
"教育与政治","杨泽中","再生","1948","第224期","8-12","上海"
"法律研究:一个变更判决的质疑","彭庆修","再生","1948","第220期","17","上海"
"平居忆往:垂簾与肃顺(续)","萧客","再生","1948","第220期","18-19","上海"
"平居忆往(未完)","萧客","再生","1948","第221期","18-19","上海"
"立法院的躯壳与灵魂","萧觉天","再生","1948","第221期","6-8","上海"
"我国对外贸易之重大使命与政府应有措施(一一)(附表)(未完)","张肖梅 杨博如","再生","1948","第222期","10-12","上海"
"中美合作之农村复兴","再生","1948","第226期","2-3",NA,"上海"
"法治与财产税","宏基","再生","1948","第223期","5-6","上海"
"美国国会内的政党活动","王厚生","再生","1948","第222期","8-9","上海"
"读史劄记:知人用人(三)(未完)","讷庵","再生","1948","第227期","15","上海"
"学校训育的原理与实施","程佇","再生","1948","第197期","4-7","上海"
"平居忆往:伊犂之还(续)","萧客","再生","1948","第225期","17-18","上海"
"论儒家思想(二续)","喻凎邨","再生","1948","第227期","16-17","上海"
"自由主义怎样了","吕拙文","再生","1948","第199期","9-11","上海"
"民国三十七年寄望","再生","1948","第197期","2",NA,"上海"
"论政治竞赛的诀竅:评“总体战”","梁梦觉","再生","1948","第235期","15-16","上海"
"冯玉祥之“相左”","黄河清","再生","1948","第231期","18-19","上海"
"民主社会主义之哲学背景(二):张君勱先生星期演讲","再生","1948","第222期","3-5",NA,"上海"
"谈儒家思想(未完)","喻淦邨","再生","1948","第223期","12-14","上海"
"我们的立场与自白","再生","1948","第215期","2",NA,"上海"
"张君勱先生答各方询对立委态度书","再生","1948","第216期","15",NA,"上海"
"中国历史上之幕职:中国政治制度史谈之九(未完)","杜衡","再生","1948","第216期","16-17","上海"
"关于立法院的质询","再生","1948","第220期","2",NA,"上海"
"再论中国外交政策","黄撼石","再生","1948","第200期","9-11","上海"
"读史劄记:是非紊淆","讷菴","再生","1948","第208期","14","上海"
"论几位崭露头角的新闻事业家(续)","程家骐","再生","1948","第209期","10-12","上海"
"东北之沉疴:中医乎?西医乎?:政局内幕谈之一","梦觉","再生","1948","第204期","12-13","上海"
"我们对于财产税的看法","再生","1948","第228期","16-17",NA,"上海"
"平居忆往:伊犂之还(续)","萧客","再生","1948","第224期","18-19","上海"
"民主社会党参加立法院之声明","再生","1948","第224期","2",NA,"上海"
"比例代表法浅说(附表)","王厚生","再生","1948","第201期","5-8","上海"
"论梁启超黄远庸张季鸾三报人(未完)","程家骐","再生","1948","第205期","7-9","上海"
"读史劄记:权臣移国","讷菴","再生","1948","第202期","11","上海"
"征古录","微明","再生","1948","第198期","4","上海"
"今后商人在法律的地位","韩万青","再生","1948","第197期","10-11","上海"
"中国历史上之言官(续):中国政治制度史谈之六","杜衡","再生","1948","第209期","16-17","上海"
"各国文官制度之史的发展:各国文官制度之一(未完)","叶新华","再生","1948","第226期","11-13","上海"
"宪法第一条之意义:中华民国新宪本义十讲之一","张君勱","再生","1948","第245期","10-11","上海"
"我国对外贸易之重大使命与政府应有措施(二三)","张肖梅 杨博如","再生","1948","第234期","9-12","上海"
"现阶段的美国经济:膨胀·萧条·扩军","王希和","再生","1948","第244期","7-9","上海"
"论中国的自由主义者","徐博陵","再生","1948","第205期","3-6","上海"
"欢迎张君勱先生回国志","更生","再生","1948","第216期","2-4","上海"
"故贝奈斯总统的遗著:民主政治史的发展","方建民","再生","1948","第234期","13-15","上海"
"人类为什么这样可怜","梁崇辅","再生","1948","第215期","5","上海"
"读史劄记:外戚恩泽之封(下)","讷菴","再生","1948","第205期","9","上海"
"从人事嬗变认识北方局势的发展:政局内幕谈之一","梁梦觉","再生","1948","第201期","15-16","上海"
"征古录(续)","微明","再生","1948","第203期","19","上海"
"故贝奈斯总统的遗著:民主政治史的发展","方建民","再生","1948","第231期","14-15","上海"
"由九龙问题唤起一个痛心的回忆","欧阳革辛","再生","1948","第202期","8-9","上海"
"苏联需要战争吗?","密特尔 周子豪","再生","1948","第231期","16-17","上海"
"论黄色文化","李兆琏","再生","1948","第225期","13","上海"
"中国民主社会党宣传部致大公报书","再生","1948","第215期","17",NA,"上海"
"论利用外资","沈新民","再生","1948","第204期","7-8","上海"
"征古录(续)","微明","再生","1948","第203期","10","上海"
"读史劄记:论郭子仪","讷庵","再生","1948","第237期","19","上海"
"沧桑明眼录:太平军时代之北京政权","秦越","再生","1948","第238期","18-19","上海"
"我心目中的民主社会党党员","陆自成","再生","1948","第225期","6-7","上海"
"读史劄记:君位之继承(一)","讷菴","再生","1948","第210/211期","24","上海"
"新币制成败关键何在?","蒋匀田","再生","1948","第232期","3-5","上海"
"翁松禅集外诗补考","知无涯斋","再生","1948","第214期","12","上海"
"物价决口人心下沉","再生","1948","第222期","2",NA,"上海"
"张君勱博士蒞鄂讲学日程表","再生","1948","第237期","7",NA,"上海"
"论“买去地主”之不易","申铭","再生","1948","第227期","8-9","上海"
"读史劄记:知人用人(一)","讷菴","再生","1948","第225期","19","上海"
"苏俄文官制度:各国文官制度之六(附表)","叶新华","再生","1948","第241期","9-10","上海"
"沧桑明眼录:唐申佚史(续)","秦越","再生","1948","第237期","17-19","上海"
"对当前局势的主张","再生","1948","第212期","18-19",NA,"上海"
"苏俄文官制度:各国文官制度之六","叶新华","再生","1948","第242/243期","12-13，19","上海"
"我国对外贸易之重大使命与政府应有措施(一六)","张肖梅 杨博如","再生","1948","第227期","5-7","上海"
"国大的缺误与警觉","再生","1948","第213期","2",NA,"上海"
"论“匪”与“剿匪”","路人","再生","1948","第204期","3-5","上海"
"意大利政治经济的危机(罗马通讯)","谢定","再生","1948","第202期","12-14","上海"
"中国历史上之地方政区:中国政治制度史谈之三(续完)","杜衡","再生","1948","第203期","15-19","上海"
"平居忆往:叶名琛(续)、伊犂之还","萧客","再生","1948","第223期","18-19","上海"
"民主社会主义之哲学背景(五):张君勱先生星期演讲(未完)","再生","1948","第225期","3-5",NA,"上海"
"病人不吃药怎办?","吕拙文","再生","1948","第210/211期","10-12","上海"
"稳定经济有效措施","陈述昆","再生","1948","第224期","16-17","上海"
"反对乎?建设乎?","却斯探·鲍尔斯 王厚生","再生","1948","第221期","14-16","上海"
"大韩民国新宪要义(续完)","王厚生","再生","1948","第236期","9-10","上海"
"币制改革与中国当前经济问题","蒋匀田","再生","1948","第228期","2-3","上海"
"非“左”非“右”而是一个存亡所系的“中心”","Schlesinger，A.M. 宫愷","再生","1948","第229期","13-15","上海"
"谈“土地改革”","申铭","再生","1948","第214期","8-11","上海"
"英国文官制度(上):各国文官制度之五(未完)","叶新华","再生","1948","第239期","12-13","上海"
"我国对外贸易之重大使命与政府应有措施(二八)","张肖梅 杨博如","再生","1948","第239期","14-16","上海"
"“农地改革法案”论争之观战","申铭","再生","1948","第235期","5-8","上海"
"沧桑明眼录:庚甲佚史","秦越","再生","1948","第236期","16-18","上海"
"新道德之基础:十月十五日在湖北省省训团讲","张君勱","再生","1948","第236期","2-4","上海"
"战前南洋华侨商业经济之检讨及今后之趋势","周荣为","再生","1948","第230期","4-7","上海"
"平居忆往:上海(续)","萧客","再生","1948","第229期","18","上海"
"苏联政策的目标:前罗马尼亚外长费斯林Visolang给纽约时报主编的一封信","紫枫","再生","1948","第240期","17","上海"
"戊戌维新运动五十周年","徐博陵","再生","1948","第207期","5-9","上海"
"民主社会主义之哲学背景(三):张君勱先生星期演讲:第三篇:欧洲文艺复兴正解","再生","1948","第223期","3-5",NA,"上海"
"无民主何用美援","再生","1948","第241期","2-3",NA,"上海"
"中国历史上之地方军区(续):中国政治制度史谈之五","杜衡","再生","1948","第207期","15-17","上海"
"读史劄记:知人用人(二)","讷菴","再生","1948","第226期","16","上海"
"第三次世界大战近了吗?","金治泰","再生","1948","第212期","11-13","上海"
"关于中国政治制度史谈的讨论:本刊读者讷庵君来函","再生","1948","第203期","19",NA,"上海"
"一个美国记者论马歇尔:马歇尔将军作为担任目前职位背景的经历","费雯","再生","1948","第197期","17-18","上海"
"现代文官制度的问题:各国文官制度之二","叶新华","再生","1948","第227期","10-13","上海"
"读史劄记:论明代之封建","讷庵","再生","1948","第233期","17","上海"
"理性·科学·民主和社会主义","方锦","再生","1948","第227期","3-4","上海"
"我国对外贸易之重大使命与政府应有措施(一七)","张肖梅 杨博如","再生","1948","第228期","4-6","上海"
"美苏对立与世界经济前途","方锦","再生","1948","第207期","3-5","上海"
"中国民主社会党党员常识问答初稿(续)","再生","1948","第220期","16-17",NA,"上海"
"欧美著名诗人评传(二):二、英国浪漫诗人雪莱(1792-1822)","王一冰","再生","1948","第214期","11-15","上海"
"论中国社会的一种隐忧","吕拙文","再生","1948","第209期","4-7","上海"
"苏联可怕吗?","黎玄","再生","1948","第242/243期","7-9","上海"
"我国对外贸易之重大使命与政府应有措施(一二)(未完)","张肖梅 杨博如","再生","1948","第223期","7-9","上海"
"中国民主社会党党员常识问答初稿(续)","再生","1948","第221期","16-17",NA,"上海"
"英国文官制度(上):各国文官制度之五","叶新华","再生","1948","第240期","15-16","上海"
"中国历史上之地方军区:中国政治制度史谈之五","杜衡","再生","1948","第205期","15-17","上海"
"论中国外交政策的破产(未完)","黄撼石","再生","1948","第215期","9-11","上海"
"读史劄记:历代宦寺之祸","讷菴","再生","1948","第217期","14-15","上海"
"读史劄记:胡林翼知兵","讷庵","再生","1948","第238期","19","上海"
"论联邦共产党(布)(续)","刘毅","再生","1948","第219期","6-9","上海"
"论西南经济建设","钱暄","再生","1948","第213期","5-6","上海"
"考茨基论社会主义与民主政治","王厚生","再生","1948","第214期","6-8","上海"
"平居忆往:戊戌变法(未完)","萧客","再生","1948","第216期","18-19","上海"
"日皇出巡","再生","1948","第203期","2",NA,"上海"
"南京的泥足","黄撼石","再生","1948","第205期","10-11","上海"
"我国对外贸易之重大使命与政府应有措施(二二)","张肖梅 杨博如","再生","1948","第233期","7-9","上海"
"英国文官制度(上):各国文官制度之四(未完)","叶新华","再生","1948","第236期","7-8","上海"
"我国对外贸易之重大使命与政府应有措施(五)(未完)","张肖梅 杨博如","再生","1948","第216期","9-11","上海"
"民主政治两讲:民意机关代表之任务:张君劢先生赴美讲学前在民社党候选立委监委国代省市参议员恳谈会及出国饯席上之演词","张君勱 方一陵","再生","1948","第210/211期","5-8","上海"
"展望美国大选","李兆琏","再生","1948","第210/211期","27-28","上海"
"美国文官制度:各国文官制度之三(续完)","叶新华","再生","1948","第229期","8-10","上海"
"战后局势与今后发展","王厚生","再生","1948","第219期","4-6","上海"
"平居忆往(续)","萧客","再生","1948","第208期","18-19","上海"
"新宪法的调协性:三十七年七月十八日讲于杭州青年会","徐家齐","再生","1948","第229期","16-17","上海"
"大韩民国新宪要义(未完待续)","王厚生","再生","1948","第234期","7-8","上海"
"由竞选“副总统”说到民主的“例外”:政局内幕谈之三","梦觉","再生","1948","第207期","13-14","上海"
"收回港九，刻不容缓","余望之","再生","1948","第200期","3-5","上海"
"意大利文官制度(续)","叶新华","再生","1948","第245期","17-19","上海"
"我国对外贸易之重大使命与政府应有措施(三)(未完)","张肖梅 杨博如","再生","1948","第214期","4-5","上海"
"裁员平议","再生","1948","第200期","2",NA,"上海"
"沧桑明眼录:警政之初期(续)","秦越","再生","1948","第245期","23","上海"
"我国币制改革问题(未完)","吴思毅","再生","1948","第216期","5-7","上海"
"论宪法与民主政治","王扬","再生","1948","第203期","6-8","上海"
"中国民主社会党党员常识问答初稿(续)","再生","1948","第222期","16-17",NA,"上海"
"平居忆往(续):太平天国","萧客","再生","1948","第206期","18-19","上海"
"论好人政治与行宪","黄河清","再生","1948","第198期","5-6","上海"
"平居忆往:甲申(续)","萧客","再生","1948","第228期","18-19","上海"
"谈最近政局:十二月五日向民主社会党党员演讲","张君勱","再生","1948","第244期","2-3","上海"
"“国家就是政府”吗?","靳巩","再生","1948","第241期","14-15","上海"
"“临时条款”惹起的感想","吕拙文","再生","1948","第214期","3","上海"
"阿斗的奴性","莎屏","再生","1948","第206期","12","上海"
"元亡于滥发通货","莎屏","再生","1948","第207期","10","上海"
"地方自治改善方案","欧阳革辛","再生","1948","第231期","7-8","上海"
"读史劄记:国际诈欺","讷菴","再生","1948","第209期","7","上海"
"“洪杨”与“朱毛”的比较观","黄河清","再生","1948","第212期","7-9","上海"
"读史劄记:严惩贪污","讷庵","再生","1948","第244期","19","上海"
"论儒家思想(续完)","喻凎邨","再生","1948","第228期","11-12","上海"
"“官僚主义”的本色","黄公伟","再生","1948","第218期","11-13","上海"
"洩币狱与王云五徐百齐之官运","黄河清","再生","1948","第232期","9","上海"
"共产党应认为非法组织吗?","Commaga，H.S. 远清","再生","1948","第233期","12-13","上海"
"沧桑明眼录:热河之疑案","秦越","再生","1948","第234期","16-18","上海"
"祗许成功不许失败乎?","再生","1948","第238期","2-3",NA,"上海"
"立法院首会检讨","再生","1948","第225期","2",NA,"上海"
"中国历史上之学官(续):中国政治制度史谈之八","杜衡","再生","1948","第215期","13-14","上海"
"美国国会之立法程序与援华法案:十月二十八日在华西大学讲","张君勱","再生","1948","第242/243期","3-6","上海"
"论公用事业之一篇混账","再生","1948","第227期","2",NA,"上海"
"读史劄记:历代之海运","讷庵","再生","1948","第234期","18","上海"
"养鱼先貯清水","再生","1948","第230期","2-3",NA,"上海"
"压制物价和等待美援","再生","1948","第206期","2",NA,"上海"
"读史劄记:按籍征助","讷菴","再生","1948","第213期","16","上海"
"平居忆往:瓜分论","萧客","再生","1948","第230期","12-14","上海"
"我国币制改革问题(续)","吴思毅","再生","1948","第217期","4-5","上海"
"分裂德国政策的经济后果","(苏)麦里可夫 雪馥","再生","1948","第218期","16-17","上海"
"我国对外贸易之重大使命与政府应有措施(九)(未完)","张肖梅 杨博如","再生","1948","第220期","11-13","上海"
"民主社会主义之哲学背景(四):张君励先生星期演讲","再生","1948","第224期","3-7",NA,"上海"
"对于季羡林“忠告”的答覆","再生","1948","第217期","2",NA,"上海"
"一个美丽的梦","金治泰","再生","1948","第209期","14-15","上海"
"读史劄记:转移风俗","讷庵","再生","1948","第242/243期","18","上海"
"论币制改革","再生","1948","第232期","15-19",NA,"上海"
"感觉麻木","莎屏","再生","1948","第208期","11","上海"
"新闻事业的新路","黄一裳","再生","1948","第200期","11-14","上海"
"英国工党近况","金治泰","再生","1948","第219期","7","上海"
"从政府外交到国民外交","黄撼石","再生","1948","第222期","13-15","上海"
"我国币制改革问题(续)","吴思毅","再生","1948","第218期","7-8","上海"
"英首相艾特礼的“中间路线”","金治泰","再生","1948","第200期","14-15","上海"
"我国对外贸易之重大使命与政府应有措施(二四)","张肖梅 杨博如","再生","1948","第235期","9-12","上海"
"论中国外交政策的破产(续)","黄撼石","再生","1948","第216期","12-13","上海"
"川鄂旅行杂感","王厚生","再生","1948","第241期","16-17","上海"
"论黄金政策","喻淦邨","再生","1948","第242/243期","10-11","上海"
"我国对外贸易之重大使命与政府应有措施(六)(未完)","张肖梅 杨博如","再生","1948","第217期","6-8","上海"
"政治的死水池","金治泰","再生","1948","第217期","10-11","上海"
"“中国国民党正向下坡溜”","再生","1948","第210/211期","31",NA,"上海"
"杂谈政局动荡中之三个问题","方建民","再生","1948","第203期","8-10","上海"
"沧桑明眼录:袁世凱之少时","秦越","再生","1948","第239期","17-19","上海"
"我国对外贸易之重大使命与政府应有措施(二六)","张肖梅 杨博如","再生","1948","第237期","10-12","上海"
"乡建重点与乡建难关","申铭","再生","1948","第232期","10-12","上海"
"开创中国历史的新命运","杨泽中","再生","1948","第223期","10-12","上海"
"论中国外交政策的破产(续)","黄撼石","再生","1948","第217期","9-10","上海"
"中国之将来:在科学研究","张君勱","再生","1948","第241期","4-6","上海"
"当前外汇问题","方锦","再生","1948","第226期","4-5","上海"
"立法委员干些什么?","萧觉天","再生","1948","第225期","8-9","上海"
"新史学识要","朱正六","再生","1948","第233期","4-6","上海"
"我国对外贸易之重大使命与政府应有措施(二一)","张肖梅 杨博如","再生","1948","第232期","6-8","上海"
"中国历史上之地方政区:中国政治制度史谈之三(未完)","杜衡","再生","1948","第202期","15-19","上海"
"中国历史上之馆职(续):中国政治制度史谈之七","杜衡","再生","1948","第213期","11-12","上海"
"中国历史上之馆职:中国政治制度史谈之七(未完)","杜衡","再生","1948","第212期","14-15","上海"
"我国对外贸易之重大使命与政府应有措施(三二)","张肖梅 杨博如","再生","1948","第244期","16-17","上海"
"傅作义之起家","巩韦","再生","1948","第233期","14-15","上海"
"张君勱先生致纽约时报函:“中国的少数党”:正支持着现在的政府","再生","1948","第210/211期","30-31",NA,"上海"
"从开封之役想起","再生","1948","第221期","2",NA,"上海"
"克服工业落后解救报业危机","黄一裳","再生","1948","第198期","3-5","上海"
"论儒家思想(续)","喻凎邨","再生","1948","第230期","10-11","上海"
"马歇尔计划之基本问题","张国昌","再生","1948","第198期","11-13","上海"
"我国对外贸易之重大使命与政府应有措施(一○)","张肖梅 杨博如","再生","1948","第221期","9-11","上海"
"中国历史上之学官(续):中国政治制度史谈之八","杜衡","再生","1948","第214期","16-17","上海"
"由“开放限价”说起","巩韦","再生","1948","第238期","8","上海"
"科学与计划政治:十月廿一日在重庆大学讲","张君勱","再生","1948","第240期","6-7","上海"
"公权弟六十生日寿序","张君勱","再生","1948","第241期","19","上海"
"国家观念的变迁","黎玄","再生","1948","第245期","12-14","上海"
"对日和会的基本原则","黎玄","再生","1948","第199期","7-9","上海"
"美国对华之外交政策","张君勱","再生","1948","第244期","4-6","上海"
"美苏冷战与中国","余望之","再生","1948","第220期","9-10","上海"
"史太林如何统治苏联:苏联政治局真真相","谢定","再生","1948","第244期","12-13","上海"
"论为政不得罪巨室","再生","1948","第208期","2",NA,"上海"
"论废“经”与尊“孔”","黄河清","再生","1948","第204期","9-12","上海"
"欧洲共产党七领袖","金治泰","再生","1948","第197期","14-16","上海"
"恐懼下的苏维埃政策","叶新华","再生","1948","第236期","14-15","上海"
"“小地主”的儿孙们","申铭","再生","1948","第237期","15-16","上海"
"论政治人材与干部领导","文海晏","再生","1948","第201期","10-12","上海"
"论梁启超黄远庸张季鸾三报人(续)","程家骐","再生","1948","第206期","8-9","上海"
"平居忆往:同治新政(续)","萧客","再生","1948","第222期","18-19","上海"
"论经济的民主","钱暄","再生","1948","第212期","5-7","上海"
"中国历史上之地方军区(续):中国政治制度史谈之五","杜衡","再生","1948","第206期","16-17","上海"
"不堪回首话笔祸","徐博陵","再生","1948","第206期","5-7","上海"
"我国对外贸易之重大使命与政府应有措施(三三)","张肖梅 杨博如","再生","1948","第245期","20-22","上海"
"法国共产党的政治路线","萧般吉 金治泰","再生","1948","第229期","11-12","上海"
"集体屠杀与国际和平","王厚生","再生","1948","第245期","6-9","上海"
"中国历史上之言官(续):中国政治制度史谈之六","杜衡","再生","1948","第208期","16-17","上海"
"南美阴霾:阿根廷对玻里维亚的野心:阿尔勃脱希基斯，是“大街之血:屈__吉洛的生活与统计”一书的著者，最近方由南美旅行回国","费雯","再生","1948","第200期","15-16","上海"
"学生运动平议","余望之","再生","1948","第218期","5-6","上海"
"异哉所谓戡乱时期临时条款者","莘薇","再生","1948","第215期","17","上海"
"美国的国会(未完)","王厚生","再生","1948","第215期","3-4","上海"
"英国文官制度(下):各国文官制度之四","叶新华","再生","1948","第237期","13-14","上海"
"来一个社会主义竞赛","吕拙文","再生","1948","第206期","3-5","上海"
"中国历史上之中枢制度:中国政治制度史谈之一(未完)","杜衡","再生","1948","第197期","8-9","上海"
"论反美扶日","再生","1948","第219期","2-3",NA,"上海"
"中国历史上之中枢制度:中国政治制度史谈之一(续)","杜衡","再生","1948","第198期","14-17","上海"
"平居忆往(未完)","萧客","再生","1948","第227期","18-19","上海"
"读史劄记:升陟之疑","讷菴","再生","1948","第203期","5","上海"
"张君勱博士在蓉讲学日程表","再生","1948","第238期","6",NA,"上海"
"美国的国会(续完)","王厚生","再生","1948","第217期","3-4","上海"
"我国对外贸易之重大使命与政府应有措施(未完)","张肖梅 杨博如","再生","1948","第212期","2-4","上海"
"政治澄清工作的微妙:从军纪吏治督察团的结束，谈到中国政治的澄清工作","云","再生","1948","第204期","13-14","上海"
"民主社会主义之哲学背景(一):张君勱先生星期演讲","更生","再生","1948","第221期","3-6","上海"
"中国民主社会党党员常识问答(未完)","再生","1948","第219期","15-17",NA,"上海"
"谈顺变","再生","1948","第242/243期","2",NA,"上海"
"美国金元能救欧洲吗?:本文作者是对外政策协会华盛顿分会会长","费雯","再生","1948","第205期","12-14","上海"
"在歧途上的美国对华政策","余园","再生","1948","第201期","13-14","上海"
"中国历史上之中央各部:中国政治制度史谈之二(续完)","杜衡","再生","1948","第201期","17-19","上海"
"我们对于中国政治问题的看法","方建民","再生","1948","第199期","12-13","上海"
"改进吾国农业社会的几点意见","方建民","再生","1948","第201期","8-10","上海"
"反对乎?建设乎?","却斯探·鲍尔斯 王厚生","再生","1948","第220期","14-15","上海"
"平居忆往(未完)","再生","1948","第226期","18-19",NA,"上海"
"平居忆往:圆明园(续)","萧客","再生","1948","第214期","18-19","上海"
"中国局势的现实","费雯","再生","1948","第202期","9-11","上海"
"管窥美国今年大选","再生","1948","第198期","2-3",NA,"上海"
"“耕者有其田”的基本认识","申铭","再生","1948","第219期","13-14","上海"
"反对本届国大修改宪法!","再生","1948","第210/211期","2-3",NA,"上海"
"评介储著“中国宪法大纲”","道行","再生","1948","第210/211期","28-29","上海"
"平居忆往:垂簾与肃顺(未完)","萧客","再生","1948","第219期","18-19","上海"
"民主，宪法，与总统:对民社党出席国民大会代表团讲词","浩然","再生","1948","第210/211期","8-10","上海"
"一八四八-一九四八:一世纪前的功课","Brinton，C. 罗塔","再生","1948","第228期","13-15","上海"
"平居忆往(续)","萧客","再生","1948","第213期","13-14","上海"
"中国政治上之出路","张君勱","再生","1948","第245期","3-5","上海"
"从九龙惨案说到外人对华态度","王厚生","再生","1948","第200期","5-8","上海"
"现代文化之危机:十月廿三日在重庆重华学院讲","张君勱","再生","1948","第238期","7","上海"
"历史的翻版","王厚生","再生","1948","第226期","14","上海"
"沧桑明眼录:警政之初期(未完)","秦越","再生","1948","第244期","18-19","上海"
"一次大战与二次大战后美国外交政策之转变:三十七年十月十四日在武昌华中大学讲","张君勱","再生","1948","第236期","5-6","上海"
"平居忆往(续)","萧客","再生","1948","第210/211期","25-26","上海"
"雾里中国","黄撼石","再生","1948","第197期","11-14","上海"
"Dr.Carsun Chang’s Statement","再生","1948","第215期","19-18",NA,"上海"
"给人民以办教育的自由","陈际","再生","1948","第234期","4-6","上海"
"读史劄记:论明季之东林","讷庵","再生","1948","第230期","7","上海"
"读史劄记:正统闰位之辨","讷菴","再生","1948","第206期","6-7","上海"
"“两党共同勉励”:十月三十日在成都青年党四川省党部、成都市党部、新中国日报联合招待会席上讲","张君勱","再生","1948","第245期","5","上海"
"论自由主义者","吕拙文","再生","1948","第202期","4-6","上海"
"“二五减租”问答","申铭","再生","1948","第198期","17-19","上海"
"欧美名诗人评传:三、英国浪漫诗人济慈","王一冰","再生","1948","第217期","11-15","上海"
"我们对于选举和今后政治的态度","再生","1948","第214期","2",NA,"上海"
"王揖唐案与安福系之封箱","巩韦","再生","1948","第234期","19","上海"
"国际政治祕笈:一九三七年布鲁塞会议失败的原因","谢定","再生","1948","第210/211期","16-18","上海"
"我国对外贸易之重大使命与政府应有措施(二九)","张肖梅 杨博如","再生","1948","第240期","12-14","上海"
"论中国县政建设之初步","方建民","再生","1948","第226期","9-10","上海"
"论欧洲新均势:上篇:论欧洲","余园","再生","1948","第239期","9-11","上海"
"我国对外贸易之重大使命与政府应有措施(二○)","张肖梅 杨博如","再生","1948","第231期","11-13","上海"
"我国对外贸易之重大使命与政府应有措施(一三)","张肖梅 杨博如","再生","1948","第224期","13-15","上海"
"论儒家思想(续)","喻凎邨","再生","1948","第226期","15-16","上海"
"沧桑明眼录:鸦片战争时代之君相","秦越","再生","1948","第241期","18-19","上海"
"“新理学的趋势”之商榷","朱守一","再生","1948","第231期","3-6","上海"
"社会主义的新武器:反通货膨胀","方锦","再生","1948","第197期","3-4","上海"
"中国历史上之中央各部:中国政治制度史谈之二(未完)","杜衡","再生","1948","第200期","17-19","上海"
"读史劄记:诛戮功臣(二)","讷菴","再生","1948","第219期","9","上海"
"外交质疑","再生","1948","第201期","2",NA,"上海"
"救济特捐透视","再生","1948","第229期","2",NA,"上海"
"释“人生哲学”中的“欲”望","黄河清","再生","1948","第229期","4，18","上海"
"俄帝国扩展简述","尼尔·史塔福 金治泰","再生","1948","第225期","14-16","上海"
"国共问题怎样了?","方建民","再生","1948","第210/211期","19-20","上海"
"平居忆往(续):湘军","萧客","再生","1948","第207期","18-19","上海"
"反对修改宪法的理由","再生","1948","第213期","18-19",NA,"上海"
"社会主义的形成期:社会主义起源论之三","余园","再生","1948","第245期","15-16","上海"
"张君勱博士蒞渝讲学日程表","再生","1948","第237期","7",NA,"上海"
"民友报立言的目的和方法","陈筑山","再生","1948","第220期","15","上海"
"迷雾中一棵流星:“和谣”之“传”与“辟”","黄河清","再生","1948","第226期","17","上海"
"我们为什么主张军人退出政治?:军与政不划分清楚，是中国政治上的死结.国家行政官是责任，不是酬劳军功的奖品.不能进步到实行民选，也不应专用军人去干.","欧阳革辛","再生","1948","第210/211期","12-15","上海"
"我们能防止日本再起吗?","梁梦觉","再生","1948","第203期","11-12","上海"
"征古录(续)","微明","再生","1948","第199期","19","上海"
"论联邦共产党(布)(续)","刘毅","再生","1948","第221期","12-14","上海"
"苏联的民主政治","叶新华","再生","1948","第223期","15-17","上海"
"论水利建设兼及土地政策","陈本端","再生","1948","第222期","6-7","上海"
"欧美著名诗人评传","王一冰","再生","1948","第213期","6-10","上海"
"明亡的史实","莎屏","再生","1948","第206期","14","上海"
"论中国外交政策的破产(续)","黄撼石","再生","1948","第218期","3-5","上海"
"意大利文官制度:各国文官制度之七","叶新华","再生","1948","第244期","14-15","上海"
"读史劄记:漠北民族","讷菴","再生","1948","第215期","12","上海"
"第三党与美国的传统","华莱士 黄宗汉","再生","1948","第206期","9-12","上海"
"限价·限购·配给","李正椿","再生","1948","第237期","8-9","上海"
"美国文官制度:各国文官制度之三(未完)","叶新华","再生","1948","第228期","9-10","上海"
"社会主义的先驱者:社会主义起源论之二","余园","再生","1948","第244期","10-11","上海"
"我国对外贸易之重大使命与政府应有措施(四)(附表)(未完)","张肖梅 杨博如","再生","1948","第215期","6-8","上海"
"中国共产党统治下的一个农村","马丁 黄宗汉","再生","1948","第198期","8-11","上海"
"中国历史上之财务行政:中国政治制度史谈之四","杜衡","再生","1948","第204期","15-19","上海"
"美苏外交关系恶化之起点","张君勱","再生","1948","第238期","4-6","上海"
"韩大载居士著孔老释异同辨序","张君勱","再生","1948","第229期","3","上海"
"币制改革后与严重的经济问题","蒋匀田","再生","1948","第235期","3-4","上海"
"读史劄记:历代之选举","讷庵","再生","1948","第245期","封4","上海"
"论几位崭露头角的新闻事业家:汪穰卿、狄楚青、史量才、成舍我","程家骐","再生","1948","第208期","3-5","上海"
"征古录(续)","微明","再生","1948","第201期","6","上海"
"平居忆往:戊戌变法(续)","萧客","再生","1948","第218期","18-19","上海"
"征古录(续)","微明","再生","1948","第205期","6","上海"
"吃饭问题严重极了!","李正椿","再生","1948","第240期","10-11","上海"
"军事失策与立法院质询","再生","1948","第234期","2-3",NA,"上海"
"沧桑明眼录(未完)","秦越","再生","1948","第233期","18-19","上海"
"君勱先生之言行(待续)","程文熙","再生","1949","第247期","6-9","上海"
"君勱先生之言行(待续)","程文熙","再生","1949","第248期","7-9","上海"
"东西思想界之冲突:第三次世界大战酝酿之基因(未完)","梁敬錞","再生","1949","第251期","7-11","上海"
"读史劄记:均田制之利弊","讷庵","再生","1949","第247期","16","上海"
"我国对外贸易之重大使命与政府应有措施(三六)","张肖梅 杨博如","再生","1949","第248期","13-14","上海"
"中国民主社会党对时局宣言","再生","1949","第251期","15",NA,"上海"
"君勱先生之言行(续)","程文熙","再生","1949","第249/250期","3-32","上海"
"读史劄记:论刘项之成败","讷庵","再生","1949","第249/250期","32","上海"
"时局回顾与解决方向","王厚生","再生","1949","第247期","2-3","上海"
"读史劄记:论蔡邕管宁","讷庵","再生","1949","第248期","6","上海"
"柏林问题始末记(续上第二四七期)","王希和","再生","1949","第248期","12","上海"
"柏林问题始末记(未完)","王希和","再生","1949","第246期","8-11","上海"
"总统之地位(附表)","张君勱","再生","1949","第251期","3-5","上海"
"我国对外贸易之重大使命与政府应有措施(三四)","张肖梅 杨博如","再生","1949","第246期","12-13","上海"
"从元旦文告论和战大局","沈伯任","再生","1949","第246期","5-7","上海"
"柏林问题始末记(续)","王希和","再生","1949","第247期","10-12","上海"
"我国对外贸易之重大使命与政府应有措施(三五)","张肖梅 杨博如","再生","1949","第247期","13-14","上海"
"尊重民主尊重人民","再生","1949","第246期","2",NA,"上海"
"论中国外交政策的形成","黎玄","再生","1949","第251期","12-15","上海"
"辛壬江浙战役佚史(续)","齐芬","再生","1949","第249/250期","33-34","上海"
"停用宪法临时条款","再生","1949","第251期","2",NA,"上海"
"宪法人权章之意义:中华民国新宪本义十讲之二","张君勱","再生","1949","第246期","3-4，7","上海"
"辛壬江浙战役佚史(续)","齐芬","再生","1949","第247期","15-16","上海"
"从自由主义到社会主义","张君勱","再生","1949","第247期","3-5","上海"
"社会主义的成熟期:社会主义起源论之四(第四篇完)","余园","再生","1949","第248期","10-12","上海"
"辛壬江浙战役佚史(续)","齐芬","再生","1949","第248期","15-16","上海"
"欧洲在美苏之间","王厚生","再生","1949","第251期","5-7","上海"
"中国那一天能太平","梁漱溟","再生","1949","第251期","16","上海"
"中国民主社会党对和平问题之五项建议","再生","1949","第249/250期","2",NA,"上海"
"读史劄记:论南宋之偏安","讷庵","再生","1949","第246期","15","上海"
"中国民主社会党对和平问题之见解","再生","1949","第248期","2-3",NA,"上海"
"哲学家之任务","张君勱","再生","1949","第248期","4-6","上海"
"辛壬江浙战役佚史:轮船之创制，银圆之仿行，汉奸之接应(未完)","齐芬","再生","1949","第246期","14","上海"
"读史劄记:诛戮功臣","讷菴","再生","1948","第218期","15","上海"
"原子能时代之道德论:十月廿八日在成都东西文化协会讲","张君勱","再生","1948","第239期","4-6","上海"
"读史劄记:不自度量","讷菴","再生","1948","第201期","14","上海"
"读史劄记:论北宋之于西夏","讷庵","再生","1948","第235期","8","上海"
"沧桑明眼录:民初之津浦道上","秦越","再生","1948","第235期","17-19","上海"
"我国对外贸易之重大使命与政府应有措施(一四)","张肖梅 杨博如","再生","1948","第225期","10-12","上海"
"论联邦共产党(布):三十年来控制着苏联统治权力的一个政党","刘毅","再生","1948","第218期","13-15","上海"
"光荣的和平是什么?","再生","1948","第245期","2",NA,"上海"
"辛稼轩与韩伲胄","郑若颖","再生","1948","第208期","5-8","上海"
"我国对外贸易之重大使命与政府应有措施(二七)","张肖梅 杨博如","再生","1948","第238期","11-13","上海"
"韩国总统李承晚覆张君勱先生函","李承晚","再生","1948","第234期","6","上海"
"取缔在案","再生","1948","第203期","2",NA,"上海"
"我国对外贸易之重大使命与政府应有措施(一九)","张肖梅 杨博如","再生","1948","第230期","8-9","上海"
"读史劄记:汉时之平准政策","讷菴","再生","1948","第224期","17","上海"
"中国历史上之中枢制度:中国政治制度史谈之一(续)","杜衡","再生","1948","第199期","16-19","上海"
"论华莱士之复兴欧洲计划","金治泰","再生","1948","第202期","3-4","上海"
"一个美国人看台湾","费雯","再生","1948","第208期","10-15","上海"
"漫谈:三、辟不祥的妖言","云","再生","1946","第127期","6-7","上海"
"杂感两则:一、从等待了胜利说到等待挨打、二、假如我是第三者","万武","再生","1946","第125期","13","上海"
"巴黎和会内幕(十三)(待续)","苏生","再生","1946","第141期","14-16","上海"
"大家得睁开眼睛注视着!:内政漫谈","关夫","再生","1946","第136期","8-9","上海"
"论崩溃中的英镑集团","甘祠森","再生","1946","第137期","9-11","上海"
"美国工人与选举","再生","1946","第138期","13",NA,"上海"
"世界范围的英国国防计划","斋","再生","1946","第136期","12","上海"
"莫洛托夫呼籲特里雅斯特驻军之撤退","国超","再生","1946","第132期","11","上海"
"中国民主社会党的信念","毅生","再生","1946","第129期","11-12","上海"
"华莱士·美国政策·世界大局·中国前途","孙宝毅","再生","1946","第133期","7-8，11-16","上海"
"从舆论看世界:四、希腊问题","华叔甫","再生","1946","第130期","10-11","上海"
"国民党在二中全会中讲些什么?","侯北人","再生","1946","第105期","10-14","上海"
"杂感两则:一，“和既不许，战又不能，只有拖”;二，死于诸公之前","白旭","再生","1946","第115期","11","上海"
"谁叫他做老百姓?","万武","再生","1946","第122期","12","上海"
"制宪·历史·教训","费孝通","再生","1946","第123期","8-11","上海"
"从外交内政两面解决东北问题方案","张君勱","再生","1946","第116期","3-9","上海"
"关于美国经济之闻见种种:六月七日星五聚餐会讲","张君勱","再生","1946","第117期","4-7","上海"
"在风雨中的今日中国","刘威","再生","1946","第122期","12","上海"
"兜奇对于国家的观念(续完)","拉斯基 毛以亨","再生","1946","第123期","14-15","上海"
"伊朗问题的内幕及其和平统一的经过","郑源","再生","1946","第120期","14-15","上海"
"短评:一、痛逝者","木","再生","1946","第124期","2","上海"
"国内时事分析:马司敲击无立即和平希望的丧钟","毅生","再生","1946","第126期","9","上海"
"短评:悼李公朴先生","义","再生","1946","第122期","2","上海"
"我到京沪后之观感","伍宪子","再生","1946","第144期","2-3","上海"
"民主社会党与国大之宪草修正","王之德","再生","1946","第144期","4-5","上海"
"论时局的症结","白旭","再生","1946","第120期","3","上海"
"说童子操刀:人的控制与物的控制","潘光旦","再生","1946","第115期","5-9","上海"
"一个中间性的政治路线:五月二十二日在天津青年会演讲稿","张东荪","再生","1946","第118期","3-4","上海"
"张君勱谈宪草:国大职权绝不能扩大，否则民社党即将退会，三民主义不宜冠于国名","再生","1946","第144期","5",NA,"上海"
"时事杂论:委屈求“官”","魏明","再生","1946","第139期","3-4","上海"
"花枪的路数已经耍得尽光了?:内政漫谈","关夫","再生","1946","第139期","5-6","上海"
"纽伦堡判决书:从舆论看世界","华叔甫","再生","1946","第134期","7-9","上海"
"范登堡所表示的美国态度","佛利阿特 龙潜","再生","1946","第131期","14-15","上海"
"民主巨人嘉言录","再生","1946","第117期","11",NA,"上海"
"倣寒山拾得及冯玉祥体之四","不移","再生","1946","第117期","15","上海"
"苏联与英美思想制度的竞争","李普曼","再生","1946","第110期","11","上海"
"抗议!本刊最近接到自广州寄来的信……","再生","1946","第110期","2",NA,"上海"
"短评:一、关于南通惨案","青","再生","1946","第111期","2","上海"
"短评:二、政治家与政治掮客","威德","再生","1946","第113期","2","上海"
"短评:三、关于权贵","木","再生","1946","第111期","2","上海"
"法国共产党人物志","国超","再生","1946","第121期","12-15","上海"
"短评:二、中国经济如何得了","文公","再生","1946","第121期","2","上海"
"当前一个重要的问题:苏北","白旭","再生","1946","第122期","3","上海"
"尼赫鲁传第二序","张君勱","再生","1946","第130期","7","上海"
"短评:二、国府还都","舟","再生","1946","第112期","2","上海"
"人性和机器(续完)","费孝通","再生","1946","第107期","13","上海"
"原子弹对于安全方案的影响","Woodward，E.L. 不移","再生","1946","第112期","13-15","上海"
"短评:三、这是一个什么世界?","忧","再生","1946","第112期","2","上海"
"中国也有“武士道”了","张琴","再生","1946","第119期","5","上海"
"巴黎和会内幕(五)","苏生","再生","1946","第131期","15-16","上海"
"短评:亲与友","清","再生","1946","第122期","2","上海"
"时事杂论:“理”与“力”","白旭","再生","1946","第139期","2","上海"
"拉杂谈政府改组后的行政院长问题","白旭","再生","1946","第105期","6-7","上海"
"何谓“安全”?","阿沙普 叶笃义","再生","1946","第117期","14","上海"
"内政漫谈:还是一个一个“拖”","关夫","再生","1946","第131期","5-6","上海"
"短评:二、慈禧太后的烟枪","希","再生","1946","第116期","2","上海"
"“有百非而无一是”的“坏政府”往那里去?","王之德","再生","1946","第120期","6-9","上海"
"读宪草修正案书后(下)","余园","再生","1946","第144期","6-7，16","上海"
"国内时事分析:向长春之路","毅生","再生","1946","第114期","9-10","上海"
"民主同盟是共产党的尾巴吗?","孙宝毅","再生","1946","第110期","5-7","上海"
"国际纠纷中美国之立场","(美)贝尔纳斯","再生","1946","第117期","12-14","上海"
"敢战者亡!","白旭","再生","1946","第117期","2-3","上海"
"戏倣寒山拾得及冯将军体之二","不移","再生","1946","第113期","11","上海"
"并不是苛责国民党!","侯北人","再生","1946","第111期","10-12","上海"
"间接方式之直接民权:国大问题","张君勱","再生","1946","第106期","2-3","上海"
"美国对华政策与中国应有的反应","张东荪","再生","1946","第124期","7-8","上海"
"日本宪法诸问题","侯北人","再生","1946","第118期","6-8","上海"
"国外时事分析:四国外长会议的最大难关:特港","苏生","再生","1946","第120期","11-15","上海"
"国内时事分析:这十五天是中国历史上最紧要的关键!","毅生","再生","1946","第117期","10-11","上海"
"中国时局的动态","赵希文","再生","1946","第145期","3","上海"
"美苏合作的新开始:从舆论看世界","方艾","再生","1946","第143期","11-12","上海"
"联合国大会通信:莫洛托夫发表重要演说:塔斯社特派记者","再生","1946","第143期","14-15",NA,"上海"
"五国和约要点","再生","1946","第144期","12-13",NA,"上海"
"伊朗内战的因果:从舆论看世界","方艾","再生","1946","第144期","9-10","上海"
"评宪草修正案","何永佶","再生","1946","第143期","6-10","上海"
"美国国会选举:从舆论看世界","方艾","再生","1946","第139期","9-10","上海"
"人权·经济自由·联合国","再生","1946","第141期","7-8",NA,"上海"
"巴黎和会内幕(四)(待续)","苏生","再生","1946","第130期","6","上海"
"同法西斯细菌隔离:内政漫谈","关夫","再生","1946","第140期","9-10","上海"
"你要人教你自由吗:麦克刚博士建议联合国设立研究院","国超","再生","1946","第141期","11-14","上海"
"民主常识之一:美国国会的职权","再生","1946","第139期","11-12",NA,"上海"
"英美派的民主与苏联派的民主","孙宝毅","再生","1946","第139期","3-4","上海"
"联合国人权委会主席，国际妇女大会召集人，罗斯福夫人侧影","爱文斯","再生","1946","第144期","15","上海"
"中国民主社会党政纲总则","再生","1946","第133期","6",NA,"上海"
"巴黎和会内幕(七)(待续)","苏生","再生","1946","第134期","14-16","上海"
"蒋主席建国事业的基础","伍宪子","再生","1946","第136期","2-4，6","上海"
"中国复兴纲领中之文化问题","伍宪子","再生","1946","第140期","2-3","上海"
"万分严重局面下我们的态度","孙宝毅","再生","1946","第135期","2-5","上海"
"鞑靼尼尔海峡问题","国超","再生","1946","第130期","13","上海"
"美南事件的意义:一切以莫斯科为依归","国超","再生","1946","第131期","9","上海"
"希望在我们自己身上(内政漫谈)","关夫","再生","1946","第132期","5-6","上海"
"从舆论看世界:二、中国内战与美国责任问题","华叔甫","再生","1946","第127期","7-9","上海"
"巴黎和会内幕(三)","苏生","再生","1946","第128期","13-16","上海"
"要严格执行政协决议:张东荪先生如此说","再生","1946","第136期","15",NA,"上海"
"文化交替时期由传统到新观点","张君勱","再生","1946","第130期","2-4","上海"
"论斗争的道德","白旭","再生","1946","第130期","5-6","上海"
"民主社会党政纲释义引言","张君勱","再生","1946","第131期","2-3","上海"
"时事杂论:国大如不改期","子敬","再生","1946","第139期","4","上海"
"再论国共合作","白旭","再生","1946","第133期","4-5","上海"
"中国民主社会党招待记者谈话:九月六日上海国际饭店二楼","再生","1946","第130期","16",NA,"上海"
"斯大林的答覆:从舆论看世界","华叔甫","再生","1946","第133期","9-10","上海"
"说军与民","潘光旦","再生","1946","第125期","9-12","上海"
"短评:二、小处下手，实处下手","清","再生","1946","第123期","2","上海"
"自由与法律的错综关系","朱鸿儒","再生","1946","第140期","4-5","上海"
"反俄运动今昔感","孙宝毅","再生","1946","第107期","6-7","上海"
"中华民国未来民主宪法十讲自序","张君勱","再生","1946","第128期","4","上海"
"那里会放弃一党专政?","侯北人","再生","1946","第110期","7-10","上海"
"民主与社会主义","余园","再生","1946","第137期","2-3","上海"
"邱吉尔的福尔敦演说与史大林的答覆","再生","1946","第110期","12-15",NA,"上海"
"由“广州五四武剧”谈到“五四运动”","更生","再生","1946","第113期","8-9","上海"
"读陈立夫先生“谈话”后的感想","白旭","再生","1946","第114期","5","上海"
"英苏在地中海的争霸","李普曼 国超","再生","1946","第119期","15","上海"
"反对内战与尾巴主义","王之德","再生","1946","第119期","3-4","上海"
"东北和战是民族存亡的关键","侯北人","再生","1946","第115期","8-10","上海"
"介绍美国商业部长:前驻英大使哈里曼","国超","再生","1946","第140期","13","上海"
"国内时事分析:内战扩大乎?和平解决乎?","毅生","再生","1946","第115期","12-13","上海"
"由八亿元的谣谤说到言论自由","子敬","再生","1946","第145期","2","上海"
"手植辣椒苦瓜结实喜赋:[诗歌]","梁秋水","再生","1946","第145期","8","上海"
"“时代”记者格雷评中国政府:原题:“坏政府”","不移","再生","1946","第119期","8-10","上海"
"职业选举是必要的吗?","蒋匀田","再生","1946","第109期","13","上海"
"延安归来","梁漱溟 在灼","再生","1946","第111期","5-7","上海"
"人权为宪政基本:中华民国未来民主宪法十讲之三","张君勱","再生","1946","第125期","3-8","上海"
"法国选举胜利的影响:从舆论看世界","方艾","再生","1946","第140期","11-12","上海"
"三论国共合作","白旭","再生","1946","第136期","7-9","上海"
"释中国民主社会党改组政府方案","孙宝刚","再生","1946","第129期","10-11","上海"
"张君勱先生代表民主社会党对于时局问题之意见","再生","1946","第133期","2-3",NA,"上海"
"短评:一、国际共管东北?","毅","再生","1946","第115期","2","上海"
"巴黎和会内幕(十二)(待续)","苏生","再生","1946","第140期","14-16","上海"
"短评:一、民主宪法之重要性","宝","再生","1946","第125期","2","上海"
"华莱士演说前后:从舆论看世界","华叔甫","再生","1946","第132期","6-7","上海"
"看这八天!","毅生","再生","1946","第119期","6-7","上海"
"必须拿出气力","关夫","再生","1946","第137期","5-6，11","上海"
"国外时事分析:巴黎和会内幕(一)(未完)","苏生","再生","1946","第125期","14-15","上海"
"国内时事分析:安平事件·延安轰炸","毅生","再生","1946","第125期","11-12","上海"
"巴黎和会内幕(十)(待续)","苏生","再生","1946","第138期","14-16","上海"
"人性和机器(未完)","费孝通","再生","1946","第105期","11-13","上海"
"短评:一、杜、罗、马、及三民主义的文化","希","再生","1946","第112期","2","上海"
"英军自埃及撤退感言","培仁","再生","1946","第114期","12-13","上海"
"复兴与革命","李普曼 国超","再生","1946","第130期","12-13","上海"
"新闻报导与外交政策","林雷","再生","1946","第132期","10","上海"
"介绍费孝通教授新著“作之民”:未经国定的一册公民读本","潘光旦","再生","1946","第122期","8-11","上海"
"言论，自由，诚实","费孝通","再生","1946","第109期","10-12","上海"
"美国应重新决定对华政策","再生","1946","第143期","13",NA,"上海"
"“官僚”与“公仆”(续上期)","更生","再生","1946","第121期","10-11","上海"
"约法存废问题","张君勱 杨毓滋","再生","1946","第111期","3-6","上海"
"义大利和约:从舆论看世界","华叔甫","再生","1946","第135期","7-8","上海"
"美国的最高法院:它保有宪法中的最高权力，国会立法如果与宪法抵触时，它可以予以否决","再生","1946","第142期","6",NA,"上海"
"预祝民主社会党之诞生","再生","1946","第129期","12",NA,"上海"
"法兰西共和国宪法(一九四六年九月二十九日国民制宪议会通过，一九四六年十月十三日法国公民复决投票通过)","再生","1946","第145期","11-16",NA,"上海"
"左与右的斗争","茂荪","再生","1946","第128期","5","上海"
"论左与右与中又补","白旭","再生","1946","第118期","5","上海"
"如何消除国际间的焦急情绪?","孙宝毅","再生","1946","第106期","6-8","上海"
"关于论左右中:致再生编者","白旭","再生","1946","第133期","6-7","上海"
"期待苏联","林赛 国超","再生","1946","第118期","13","上海"
"民主社会党关于退出民盟声明","再生","1946","第145期","16",NA,"上海"
"关于雅尔达协定","再生","1946","第114期","14-15",NA,"上海"
"现在是一个危险期:内政漫谈","关夫","再生","1946","第138期","6-7","上海"
"英伦特写:和平的保证","田汝康","再生","1946","第105期","14-15","上海"
"智慧与诚意:内政漫谈","关夫","再生","1946","第130期","8-9","上海"
"关于原子弹","再生","1946","第109期","7-8",NA,"上海"
"本党主席张君勱与国民党蒋总裁交换之函件","再生","1946","第141期","2",NA,"上海"
"关于召开国民大会问题","孙宝毅","再生","1946","第121期","3-9","上海"
"国内时事分析:希望蒋主席不要仅仅做一党的“总裁”!","毅生","再生","1946","第116期","10-11","上海"
"美总统杜鲁门对于中国的箴言:三句话","张君勱","再生","1946","第113期","3-6","上海"
"国外时事分析:互相猜忌，讨价还价","苏生","再生","1946","第114期","10-11","上海"
"短评:二、关于自由","希","再生","1946","第111期","2","上海"
"国际人权法案","劳德拔哈 张君勱","再生","1946","第128期","2-3","上海"
"我们别错失了机会!","水石","再生","1946","第124期","10","上海"
"从派遣留学生谈到外交官的训练","白旭","再生","1946","第107期","4-5","上海"
"贝尔纳斯在巴黎演说全文","子敬","再生","1946","第131期","12-13","上海"
"美国总统制与政协修正宪草(续完)","张君勱 杨毓滋","再生","1946","第115期","3-4","上海"
"国内时事分析:解决我国问题的惟一途径","毅生","再生","1946","第128期","7","上海"
"论文化势力与政治势力","白旭","再生","1946","第108期","10-11","上海"
"集会自由的本质","再生","1946","第118期","8",NA,"上海"
"论苏联的外交政策","余园","再生","1946","第138期","8-10","上海"
"美加联防政策","罗勃次","再生","1946","第131期","10-11，9","上海"
"巴黎和会内幕(续完)","苏生","再生","1946","第143期","16","上海"
"斯达林的看法","阿索普 国超","再生","1946","第130期","14","上海"
"答覆观察周刊记者对我评语","张君勱","再生","1946","第129期","9","上海"
"日本护宪运动与新宪草批评","侯北人","再生","1946","第120期","7-9","上海"
"国内时事分析:是否履行“政治解决”诺言的考验","毅生","再生","1946","第118期","9-11","上海"
"希腊问题的内幕:从舆论看世界","方艾","再生","1946","第145期","8-9","上海"
"国内时事分析:丑恶局面下的一线希望","毅生","再生","1946","第123期","10-11","上海"
"短评:一、坏政府","木","再生","1946","第119期","2","上海"
"谁才有诚意实行民主?:由马歇尔抵华返任说起","孙宝毅","再生","1946","第109期","9-10","上海"
"国内时事分析:马歇尔，国共，第三方面","毅生","再生","1946","第112期","7-8","上海"
"对外贸易与外汇问题","余园","再生","1946","第139期","7-8","上海"
"从舆论看世界:五、德国问题","华叔甫","再生","1946","第131期","7-8","上海"
"忆旧杂记","魏福康","再生","1946","第126期","15","上海"
"漫谈:二、大悲剧的奏演","木","再生","1946","第127期","6","上海"
"国外时事分析:巴黎和会内幕(二)(未完待续)","苏生","再生","1946","第127期","12-14","上海"
"谈道说德","白旭","再生","1946","第109期","5-7","上海"
"俄国的冒险之透视及真相(续完)","客尔纳","再生","1946","第136期","13-14","上海"
"中国民主社会党组织委员会宣言","再生","1946","第129期","2-4",NA,"上海"
"坚守政协立场","再生","1946","第139期","8",NA,"上海"
"短评:抢救读书人","毅","再生","1946","第108期","2","上海"
"国共两方须有大诚意","孙宝毅","再生","1946","第136期","5-6","上海"
"言寄美旅:征人怨","史国衡","再生","1946","第111期","14-15","上海"
"民主社会党政纲","再生","1946","第141期","4",NA,"上海"
"原子弹是纸老虎吗?","劳伦斯","再生","1946","第132期","12-14","上海"
"国共问题平议","纲宙","再生","1946","第119期","7，10","上海"
"短评:一、政党与文化","旭","再生","1946","第120期","2","上海"
"关于伦敦联合国会议(续)","范登堡","再生","1946","第116期","14-15","上海"
"短评:一、光明与黑暗","宗","再生","1946","第118期","2","上海"
"再论斗争的道德","白旭","再生","1946","第131期","4-6","上海"
"罗斯福的理想是什么?","孙宝毅","再生","1946","第132期","2-4，8","上海"
"短评:论罢教事件","清","再生","1946","第108期","2","上海"
"民社党为什么参加国大?","子敬","再生","1946","第141期","3","上海"
"民主社会党茶会招待各方面代表","再生","1946","第136期","16",NA,"上海"
"短评:二、拿出宗教精神","村","再生","1946","第118期","2","上海"
"政治协商会议修改五五宪草的原则:二月九日对中央大学学生演讲词","张君勱","再生","1946","第105期","2-5","上海"
"俄国的冒险之透视及真相(下期续完)","客尔纳","再生","1946","第134期","10-13","上海"
"巴黎和会内幕(十四)(待续)","苏生","再生","1946","第142期","11-16，8","上海"
"科学能人性化吗?","杜威 国超","再生","1946","第127期","9-12","上海"
"时局并不严重","白旭","再生","1946","第126期","8","上海"
"论国共必须合作","白旭","再生","1946","第110期","2-4","上海"
"蒋主席参政会政治报告中有些问题!","孙宝毅","再生","1946","第108期","12-13","上海"
"苏联外交政策的观察及其对策(未完待续)","杜律斯 国超","再生","1946","第126期","12-15","上海"
"由美国经济说到国际贸易会议","余园","再生","1946","第140期","6-8","上海"
"读司徒大使对“联合政府”解释有感","沈义","再生","1946","第122期","4","上海"
"荷兰的最后机会","安得烈·罗斯 倪平","再生","1946","第137期","12-13，8","上海"
"国际危险之局与美国应如何自处","李普曼","再生","1946","第111期","11-12","上海"
"短评:一、中枢人事更动","毅","再生","1946","第114期","2","上海"
"短评:二、一个哀求","木","再生","1946","第115期","2","上海"
"美国宪法上的言论自由","费青","再生","1946","第114期","7-8","上海"
"民主方法(一名民主与反民主):中国民主社会党政纲释义之一","张君勱","再生","1946","第134期","2-4","上海"
"国外时事分析:两大壁垒，两大主义的对峙","苏生","再生","1946","第113期","12-13","上海"
"廿余年来世界政潮激荡中我们的立场","张君勱","再生","1946","第108期","3-6","上海"
"苏联外交政策的观察及其对策(续完)","杜律斯 国超","再生","1946","第127期","15-16","上海"
"美国新闻自由实况","再生","1946","第142期","10",NA,"上海"
"我们人民的一个共同信念","吴禹昌","再生","1946","第128期","6","上海"
"知识与知慧","费青","再生","1946","第137期","4-5","上海"
"国外时事分析:犹太人复国运动·泛阿刺伯主义","苏生","再生","1946","第122期","6-8","上海"
"邱吉尔的秘密演说(续)","卢淑","再生","1946","第108期","14-15","上海"
"读者来件:南通行政督察专员县长驻军一○五师师长暨各军政首长钧鉴……","再生","1946","第110期","15",NA,"上海"
"苏联多瑙河流域政策","诺佛 国超","再生","1946","第130期","15","上海"
"国内时事分析:仍旧是拖的局面么?","毅生","再生","1946","第120期","10","上海"
"立法院覆议人数问题:“審查会所以增加‘四分之三出席’一语用意不外将‘行政院长应予接受或辞职’难于发生效力而已”","张君勱","再生","1946","第145期","10","上海"
"我们反不如战败的日本吗?","万武","再生","1946","第132期","9","上海"
"国外时事分析之一:巴黎外长会议四强“摊牌”记","苏生","再生","1946","第112期","9-10","上海"
"短评:一、东北问题不可不解决!","庆","再生","1946","第109期","2","上海"
"美国总统制与政协修正宪草:五月十八日圣约翰大学讲演","张君勱","再生","1946","第114期","3-4，15","上海"
"驳正言报社评:“论国大代表会不当延期”","孙宝毅","再生","1946","第111期","8-9","上海"
"“国际人权宣言”诸问题:怎样草拟?包括些什么人权?经济性权利又如何保障?如何干涉侵害人权的国家?","再生","1946","第142期","9-10",NA,"上海"
"短评:二、论南京车站事件","清","再生","1946","第119期","2","上海"
"国外时事分析:四外长会议解决特港问题经过","苏生","再生","1946","第121期","8-9","上海"
"时局的症结在政府","醒民","再生","1946","第133期","5-6","上海"
"民主世界的污点:佛朗哥的西班牙","崔嵬","再生","1946","第118期","12-13","上海"
"关于伦敦联合国会议(续完)","范登堡","再生","1946","第117期","15","上海"
"十一月十四日张君勱先生谈话","再生","1946","第140期","12",NA,"上海"
"上次巴黎四国外长会议:狠话，惊魄!","国超","再生","1946","第118期","14-15","上海"
"美国的联邦政府:联邦政府综揽大权，立法司法地位超越各州","再生","1946","第144期","14",NA,"上海"
"短评:二、劝告肉食诸公","清","再生","1946","第114期","2","上海"
"联合国大会:从舆论看世界","华叔甫","再生","1946","第137期","7-8","上海"
"法国新宪法:从舆论看世界(未完待续)","华叔甫","再生","1946","第136期","10-11","上海"
"各政党表显各自抱负的时候!","不移","再生","1946","第105期","15","上海"
"国外时事分析:印度独立统一的难产","苏生","再生","1946","第119期","11-14","上海"
"中国民主社会党政纲:卅五年八月十八日联席会议通过","再生","1946","第129期","5-6",NA,"上海"
"怎样停止内战?","伍宪子","再生","1946","第127期","2-4","上海"
"论左与右与中补","白旭","再生","1946","第113期","6-7","上海"
"邱吉尔的秘密演说(续)","卢淑","再生","1946","第107期","14-15","上海"
"何谓民主国家?","再生","1946","第116期","9",NA,"上海"
"从珊瑚坝起飞:别重庆之一","魏明","再生","1946","第113期","14","上海"
"中国民主社会党最近消息","再生","1946","第142期","4",NA,"上海"
"说乡土教育","潘光旦","再生","1946","第117期","7-10","上海"
"从舆论看世界","华叔甫","再生","1946","第126期","10-11","上海"
"漫谈:一、庐山会议不必开","化","再生","1946","第127期","6","上海"
"中国民主社会党改组政府方案","再生","1946","第129期","7",NA,"上海"
"政治上的浪费","刘英","再生","1946","第115期","10","上海"
"论左与右与中","白旭","再生","1946","第112期","3-5","上海"
"给人间以光明","魏明","再生","1946","第138期","4","上海"
"巴黎和会内幕(五)(待续)","苏生","再生","1946","第132期","13-16","上海"
"国内时事分析:闷热的政治局面和庐山清凉的仙境","毅生","再生","1946","第122期","5-6","上海"
"梁秋水诗选:李陵一首、荆轲了首、西施一首、昭君一首","梁秋水","再生","1946","第144期","13","上海"
"“民主主义的政治”及“社会主义的经济”:响应一个新的革命运动","孙宝毅","再生","1946","第138期","2-3","上海"
"论国风与党风","白旭","再生","1946","第106期","4-8","上海"
"从美国工潮看美国经济危机:从舆论看世界","方艾","再生","1946","第141期","5-6","上海"
"中国民主社会党与中国民主同盟之关系","张君勱","再生","1946","第129期","8","上海"
"短评:一、悼闻一多先生","义","再生","1946","第123期","2","上海"
"时事杂论:还政于民","浚明","再生","1946","第139期","2-3","上海"
"别重庆之二:巫山的云","魏明","再生","1946","第114期","13","上海"
"短评:一、救火!","旭","再生","1946","第116期","2","上海"
"民主社会党政纲教育·社会·文化及其他章","再生","1946","第141期","6",NA,"上海"
"邱吉尔的秘密演说(未完)","卢淑","再生","1946","第106期","11-13","上海"
"搔首望京华","白旭","再生","1946","第141期","4","上海"
"无左无右无中","明","再生","1946","第121期","15","上海"
"致敬宋庆龄先生并拥护其主张","王之德","再生","1946","第124期","9-10","上海"
"国外时事分析:欧洲和平大会展望","苏生","再生","1946","第123期","12-14","上海"
"民主教育","蒋匀田","再生","1946","第127期","3-5","上海"
"清算黷武主义与争取世界和平的斗争:从舆论看世界","方艾","再生","1946","第142期","7-8","上海"
"国家为什么要宪法?:中华民国未来民主宪法十讲之一","张君勱","再生","1946","第123期","3-7","上海"
"国外时事分析:从君主转向共和的义大利","苏生","再生","1946","第118期","11-12","上海"
"兜奇对于国家的观念","拉斯基 毛以亨","再生","1946","第122期","13-15","上海"
"科学工业与建国","胡乾","再生","1946","第110期","9-10","上海"
"短评:二、由整军到民主统一","毅","再生","1946","第120期","2","上海"
"巴黎和会内幕(八)","苏生","再生","1946","第136期","14，11","上海"
"已经到了不能再拖的境地了:内政漫谈","关夫","再生","1946","第134期","5-6","上海"
"五五宪草修正案初稿","再生","1946","第135期","12-16",NA,"上海"
"民主常识之一:美国的议会政治:参众两院各有不同议事程序，总统一案提出必经两院缜密考虑","再生","1946","第138期","11-13",NA,"上海"
"罗素论马克思","白旭","再生","1946","第142期","2-4","上海"
"悲华经舍杂记","悲华","再生","1947","第184期","18","上海"
"还乡观感(续完)","龙子","再生","1947","第152期","15-16","上海"
"统治苏联的十四个人","Salisbury，H.E. 毅生","再生","1947","第157期","7-11","上海"
"时事周评:一个建议","木","再生","1947","第154期","2","上海"
"和平先于一切","沈正仑","再生","1947","第151期","6","上海"
"苏联的扩大是“帝国主义”?","毅生","再生","1947","第153期","9-11，16","上海"
"马歇尔做国务卿与美国今后对华政策","子敬","再生","1947","第148期","5-6","上海"
"调解我国目前政局刍议","朱守一","再生","1947","第160期","5","上海"
"时事周评:华莱士访英","敬","再生","1947","第159期","2","上海"
"时事周评:中国共产党与苏联","卓","再生","1947","第159期","2","上海"
"苏中解放区及其他(续十七)","还俗","再生","1947","第170期","16-17","上海"
"马歇尔论民主","再生","1947","第161期","13",NA,"上海"
"关于国际普遍裁军问题","再生","1947","第146/147期","20-23",NA,"上海"
"实行计划经济的国策","紫云","再生","1947","第162期","14-15","上海"
"造成政治上的均势","黄撼石","再生","1947","第155期","10-11","上海"
"时事周评:民主同盟的一句话","文","再生","1947","第157期","2","上海"
"苏中解放区及其他(待续)","还俗","再生","1947","第152期","11-14","上海"
"时事周评:斥萨空了先生","敬","再生","1947","第157期","2","上海"
"内战:[画图]","再生","1947","第153期","封1",NA,"上海"
"时事周评:论北平大举搜查捕人","毅","再生","1947","第154期","2","上海"
"日本人民转向社会主义","侯绍章","再生","1947","第154期","9-10","上海"
"杜鲁门三月十二日国会演说","再生","1947","第156期","10-11",NA,"上海"
"采用政治手段解决经济问题","时昭瀞","再生","1947","第153期","4","上海"
"中国产业革命论","日辰","再生","1947","第179期","2-5","上海"
"前途茫茫:[画图]","再生","1947","第173期","封1",NA,"上海"
"马歇尔所欲成就者","白云","再生","1947","第169期","13","上海"
"国民大会问题:中华民国未来民主宪法十讲之四","张君勱","再生","1946","第126期","2-6","上海"
"美国会选举与今后内政外交动向","孙宝毅","再生","1946","第145期","4-8","上海"
"巴黎的南北极:美国与苏联","斋","再生","1946","第134期","8-9","上海"
"国外时事分析:“和平攻势”，“对苏攻势”","苏生","再生","1946","第116期","11-12","上海"
"国外时事分析之二:两重外交，两个观点，一种战争物资:石油","复生","再生","1946","第112期","11-14","上海"
"读宪草修正案书后(上)","余园","再生","1946","第143期","3-5","上海"
"纽约外长会议通信","再生","1946","第144期","11-12",NA,"上海"
"戏倣寒山拾得及冯玉祥将军体","不移","再生","1946","第111期","12","上海"
"人性和机器(未完)","费孝通","再生","1946","第106期","9-11","上海"
"巴黎和会内幕(九)(未完待续)","苏生","再生","1946","第137期","13-16","上海"
"论左与右与中三补","白旭","再生","1946","第138期","4","上海"
"俄国的冒险之透视及真相(续)","客尔纳","再生","1946","第135期","9-11","上海"
"短评:三、“和”与“战”","毅","再生","1946","第118期","2","上海"
"短评:二、民主同盟“中立不中立问题”","义","再生","1946","第125期","2","上海"
"改组政府后的责任问题","孙宝毅","再生","1946","第105期","8-9","上海"
"从舆论看世界:三、海峡问题与美南事件","华叔甫","再生","1946","第128期","8-11","上海"
"美国杜鲁门总统统一海陆空军建议书全文","国超","再生","1946","第122期","10-11","上海"
"贝尔纳斯广播报告巴黎外长会议经过全文","国超","再生","1946","第128期","9-13","上海"
"美国著名刊物一览","再生","1946","第124期","14-15",NA,"上海"
"谈中国法币购买力的问题","蒋匀田","再生","1946","第121期","6-7","上海"
"论美苏关系的蜕变","威尔斯 叶笃义","再生","1946","第113期","15","上海"
"中国宪政何以至今没有确立?:中华民国未来民主宪法十讲之二","张君勱","再生","1946","第124期","3-6","上海"
"关于伦敦联合国会议(未完)","范登堡","再生","1946","第115期","15","上海"
"扩大行政院基础与“造庙”运动","魏明","再生","1946","第140期","8","上海"
"团结的条件","铁僧","再生","1945","第100期","6","重庆"
"太高的高调","大荒","再生","1945","第102期","15-16","重庆"
"旧金山会议的性质主题及其成功的障碍","子敬","再生","1945","第100期","10-13，16","重庆"
"英国总选与世界民主前途","王__","再生","1945","第101期","2","重庆"
"团结至上:社论一","再生","1945","第102期","1",NA,"重庆"
"中国青年运动史话:第二讲:“五四”青年运动前后的国内情势","石啸冲","再生","1945","第103期","21-23","重庆"
"世界民主大同盟的成长:自大西洋会议，克里米亚会议，展望旧金山会议","孙宝毅","再生","1945","第100期","7-9，16","重庆"
"中日十四年战争","刘逸","再生","1945","第103期","7-9，12","重庆"
"中国青年党","石城","再生","1945","第104期","16-18","重庆"
"中国国家社会党","俊生","再生","1945","第104期","22-25","重庆"
"中国国民党","伍同伐","再生","1945","第104期","7-9","重庆"
"世界瞭望:半月国际:参加旧金山的会议代表如何产生","石啸冲","再生","1945","第100期","14","重庆"
"面临严重的考验(一周经济展望)","柏苍","展望","1948","第2卷 第21期","8","南京"
"“体育的奇迹”","沛雨","展望","1948","第2卷 第11期","15","南京"
"一个母亲的控诉","展望","1948","第2卷 第14期","12",NA,"南京"
"周末漫笔","仲亨","展望","1948","第2卷 第14期","4-5","南京"
"远东外交的新酝酿","望月","展望","1948","第2卷 第18期","7","南京"
"小学教师的希望","希蓝","展望","1948","第2卷 第17期","5-6","南京"
"吴化文其人","石在","展望","1948","第2卷 第20期","15","南京"
"民主与反民主:青年可畏","张仁光","展望","1948","第3卷 第5期","11-12","南京"
"浙西的城市与乡村","德明","展望","1948","第3卷 第1期","10-11","南京"
"秋战鼙鼓动地开(一周战局展望)","波光","展望","1948","第2卷 第18期","9-11","南京"
"替代了沈阳的北平","王缅","展望","1948","第3卷 第1期","8-9","南京"
"周末专栏:两个历史比喻","仲亨","展望","1948","第3卷 第8期","3","南京"
"反对减低外货进口税","筠友","展望","1948","第2卷 第5期","封1","南京"
"民主与反民主:金风未动蝉先觉","张仁光","展望","1948","第3卷 第4期","4","南京"
"美援与翁氏内阁","张敏","展望","1948","第2卷 第5期","6","南京"
"冯玉祥死难之谜(附照片)","石在","展望","1948","第2卷 第18期","4","南京"
"美国走向历史的转捩点(一周国际展望)","丁蕾","展望","1948","第2卷 第13期","5","南京"
"感慨话滇情","沈蔼春","展望","1948","第2卷 第13期","11","南京"
"关于“反映现实”","徐中玉","展望","1948","第2卷 第19期","15","南京"
"读书明理","孟启予","展望","1948","第2卷 第2期","4","南京"
"民主世界:各地抗议雅典暴行","杨微","展望","1948","第2卷 第4期","11","南京"
"冷仗的又一回合","辛斤","展望","1948","第2卷 第4期","7","南京"
"关于鲁迅的:作品·故里·逸事(上)","景宋","展望","1948","第2卷 第7期","13","南京"
"展望通讯特辑:面临冬天的江南:朔风起兮哀江南","郑铁邨","展望","1948","第3卷 第5期","8","南京"
"该怎样造福劳工呢?","同父","展望","1948","第3卷 第5期","封1","南京"
"燕园的威胁","明义","展望","1948","第2卷 第22期","12","南京"
"日本政局的新趋势","林焕平","展望","1948","第2卷 第20期","4","南京"
"青岛报界的丑剧","石童","展望","1948","第3卷 第3期","9","南京"
"刍荛之言:国立中央研究院第一次院士会致辞","张元济","展望","1948","第2卷 第21期","5","南京"
"周末专栏:还须商榷","仲亨","展望","1948","第2卷 第21期","9","南京"
"民主与反民主:科学家的道路","张仁光","展望","1948","第3卷 第4期","4","南京"
"民主世界:反扶日签名运动","杨微","展望","1948","第2卷 第5期","8","南京"
"民主世界:华莱士竟选会发行月报","杨微","展望","1948","第2卷 第1期","7","南京"
"对美领事葛柏德的抗议","晓瞻","展望","1948","第2卷 第6期","2","南京"
"超越自由主义","陈仁炳","展望","1948","第2卷 第22期","3","南京"
"胡适:拿证据来!","萧贤","展望","1948","第2卷 第22期","封1","南京"
"镇定!镇定!秩序要紧","同父","展望","1948","第3卷 第6期","封1","南京"
"民主与反民主:解铃还须系铃人","张仁光","展望","1948","第3卷 第3期","7-8","南京"
"上海的“白色恐怖”","清园","展望","1948","第3卷 第2期","4","南京"
"谁控制了立法院?","王介之","展望","1948","第3卷 第2期","9","南京"
"半年经济大势的结算","文青","展望","1948","七七增刊","4","南京"
"青年学习与修养:本文未经讲者过目，错误处由记录者负责","杨卫玉 浦文斌","展望","1948","第2卷 第14期","13","南京"
"“我活不下去!”","陈××","展望","1948","第2卷 第14期","15","南京"
"“七七”十一周年痛言","静观","展望","1948","第2卷 第10期","封1","南京"
"从川北看川局","杨祖之","展望","1948","第2卷 第12期","11","南京"
"如何接近和开导落后的同学","昉","展望","1948","第3卷 第4期","11-12","南京"
"美国大选与两党政策:一周国际展望","丁蕾","展望","1948","第3卷 第1期","5","南京"
"事实胜于雄辩(下):胜利以来美国扶助日本的清帐","展望","1948","七七增刊","4-6",NA,"南京"
"龚德柏与救国日报(南京特约通讯)","严冬","展望","1948","第2卷 第2期","10-11","南京"
"一座恐怖的城市","高迅","展望","1948","第2卷 第1期","13-14","南京"
"“好人”的苦闷","素","展望","1948","第2卷 第15期","15","南京"
"日本人眼中的中国人","筠友","展望","1948","第2卷 第3期","封1","南京"
"日本复兴计划的基本方针","展望","1948","第2卷 第24期","5",NA,"南京"
"民主世界:朝鲜政团要求美苏撤兵","杨微","展望","1948","第2卷 第2期","7","南京"
"论金圆券:中外舆论集锦","展望","1948","第2卷 第17期","7",NA,"南京"
"北平的浪潮:(右)北大游行队自民主广场出发:[照片]","展望","1948","第2卷 第8期","10",NA,"南京"
"一周战局展望:徐州撤守，华北序战","波光","展望","1948","第3卷 第6期","4-7","南京"
"论远东形势","石啸冲","展望","1948","第2卷 第19期","5-6","南京"
"谈“肃清匪谍”","方金","展望","1948","第3卷 第4期","12","南京"
"四川农村的苦难","鱼木","展望","1948","第3卷 第5期","10","南京"
"绥靖区的守卫:[画图]","可扬","展望","1948","第3卷 第6期","封1","南京"
"对日和约基本态度","林焕平","展望","1948","第3卷 第3期","2-3","南京"
"危机四伏的香港商场","廖冰","展望","1948","第3卷 第1期","13","南京"
"北平的浪潮:(左下)街头宣传:[照片]","展望","1948","第2卷 第8期","10",NA,"南京"
"从金钞到物资(一周经济展望)","柏苍","展望","1948","第2卷 第24期","8-9","南京"
"文化广播:丘八诗人冯玉祥，在由美返国途中……","郭泉","展望","1948","第2卷 第18期","15","南京"
"广大的城镇与乡村在需要你","明","展望","1948","第2卷 第14期","15","南京"
"海外带来的温情:国际学联访问中国学生(本刊特约上海通讯)","何慢","展望","1948","第2卷 第4期","12","南京"
"在美访冯玉祥(附照片)","熊光","展望","1948","第2卷 第20期","13","南京"
"反美扶日高潮中的工商界","丁尊","展望","1948","第2卷 第8期","4","南京"
"香港方面的新酝酿(本刊特约香港航讯)","浮生","展望","1948","第2卷 第6期","11","南京"
"怎样读国际新闻","子良","展望","1948","第3卷 第4期","12","南京"
"签订中美双边协定:一周经济展望","文青","展望","1948","第2卷 第8期","6","南京"
"作家的进步(读书杂记)","徐中玉","展望","1948","第2卷 第13期","15","南京"
"美国政策与区域集团(一周国际展望)","石啸冲","展望","1948","第2卷 第22期","5","南京"
"“胡不归”?:[木刻]","王琦","展望","1948","第2卷 第8期","封1","南京"
"民主与反民主:露出了马脚","张仁光","展望","1948","第3卷 第5期","10","南京"
"解决德国问题的道路","仲子","展望","1948","第2卷 第15期","9","南京"
"在南京:胜利归于团结","黄菲","展望","1948","第2卷 第6期","8","南京"
"秋深放眼看江南","郑铁邨","展望","1948","第3卷 第1期","10","南京"
"工商界面临的两大危机(座谈会纪录下):美国扶植日本与减低外货进口税问题","岳铎 华农 孙敏","展望","1948","第2卷 第7期","3-5","南京"
"美国来鸿","维哲","展望","1948","第2卷 第16期","13","南京"
"大选前夕的美国和新党运动","苏翰笙","展望","1948","第2卷 第14期","3-5","南京"
"美国援华的方针(一周国际展望)","丁蕾","展望","1948","第3卷 第7期","4","南京"
"民主世界:反对蒙特法案","杨微","展望","1948","第2卷 第5期","8","南京"
"“论知识份子”座谈会:知识份子的生活态度","袁翰青 林一荣","展望","1948","第2卷 第3期","6","南京"
"奇谭与传奇:“梦蝴蝶”","石华","展望","1948","第2卷 第9期","15","南京"
"吉田内阁人物志","东旭","展望","1948","第2卷 第24期","4-5","南京"
"在上海:一个运动的出发","全一毛","展望","1948","第2卷 第6期","9","南京"
"战线外的同胞:[木刻]","王琦","展望","1948","第2卷 第4期","封1","南京"
"日俄海战、艳阳天","林其民 沛雨","展望","1948","第2卷 第7期","15","南京"
"今日“五四”人物","石在","展望","1948","第2卷 第3期","7","南京"
"美苏之间与日韩动向(国际一周展望)","丁蕾","展望","1948","第2卷 第4期","10","南京"
"斗转星移话政局:一周政局展望","章明","展望","1948","第2卷 第9期","5","南京"
"王陵基上任前后(本刊成都通讯)","吕漠","展望","1948","第2卷 第1期","11","南京"
"全面战逐渐展开","波光","展望","1948","第2卷 第1期","6","南京"
"苦难的序幕:豫西战区巡礼之一","牛纵","展望","1948","第2卷 第7期","12","南京"
"“改良主义”与“上梁山”","淘糞","展望","1948","第3卷 第5期","4","南京"
"周末专栏:朱光潜一语四失","仲亨","展望","1948","第3卷 第6期","3","南京"
"“和平之谣”(一周政局展望)","章明","展望","1948","第2卷 第13期","6-7","南京"
"十七年前大血债的开始:九一八","黄炎培","展望","1948","第2卷 第18期","2","南京"
"民主世界:美主要工业酝酿罢工","杨微","展望","1948","第2卷 第3期","10","南京"
"印尼的九月政变:苏加诺:[照片]","展望","1948","第2卷 第23期","9",NA,"南京"
"台省“光复”三周年:从民心看台湾","闽友","展望","1948","第2卷 第24期","12","南京"
"华南大陆上的台风","夏棉","展望","1948","第2卷 第14期","11","南京"
"中苏英澳反对美国助日","仲子","展望","1948","第2卷 第4期","8-9","南京"
"文化广播:内政部十月二日电令上海市社会局，根据国家总动员法……","郭泉","展望","1948","第2卷 第21期","15","南京"
"今日的四明山区","霖萍","展望","1948","第2卷 第15期","12-13","南京"
"义大利总选揭晓","望月","展望","1948","第2卷 第1期","7","南京"
"自由主义者何处去?:从马萨里克自杀的内幕说起","高向华","展望","1948","第2卷 第1期","5，11","南京"
"“再论内战”与“呼吁和平”","自莽","展望","1948","第3卷 第3期","12","南京"
"驳复美国驻日政治顾问的声明","衣锦","展望","1948","第2卷 第9期","2","南京"
"职业指导的新估价:贡献给升学就业的青年","吴宗文","展望","1948","第2卷 第8期","14-15","南京"
"和平热潮中的逆流:一周国际展望","丁蕾","展望","1948","第2卷 第6期","6-7","南京"
"谁是美国的敌人","辛斤","展望","1948","第2卷 第3期","4","南京"
"前奏:豫西战区巡礼之二","牛纵","展望","1948","第2卷 第9期","11","南京"
"金鼓齐鸣满天烽火:一周战局展望","波光","展望","1948","第2卷 第4期","9","南京"
"旧政策的新花样:一周经济展望","文青","展望","1948","第2卷 第7期","8","南京"
"要不要逃难","心一","展望","1948","第3卷 第7期","12","南京"
"看“大西洋联盟”(一周国际展望)","丁蕾","展望","1948","第3卷 第3期","4","南京"
"日本纺织工业的现状","林焕平","展望","1948","第3卷 第7期","3","南京"
"此时此日“一二，一”(清华园通讯)","周玲","展望","1948","第3卷 第7期","8","南京"
"“坚定”的国策","张绍贤","展望","1948","第2卷 第20期","7","南京"
"论职业学生","卢于道","展望","1948","第2卷 第21期","4","南京"
"献给“五四”青年(集体朗咏诗)","石火","展望","1948","第2卷 第2期","14","南京"
"冯玉祥之死","陈仁炳","展望","1948","第2卷 第18期","3","南京"
"对财政经济紧急处分令的意见","龟溪","展望","1948","第2卷 第18期","6","南京"
"无话可说","萧贤","展望","1948","第2卷 第21期","封1","南京"
"今日琼州","何仪","展望","1948","第3卷 第7期","10","南京"
"周末专栏:如此青岛","仲亨","展望","1948","第3卷 第6期","2-3","南京"
"我们要安定","瑗","展望","1948","第2卷 第23期","封1","南京"
"记文汇再生:香港来鸿","吴兰","展望","1948","第2卷 第20期","14","南京"
"民主与反民主:天下乌鸦一般黑","张仁光","展望","1948","第3卷 第3期","8","南京"
"战争逼向徐州(一周战局展望)","波光","展望","1948","第3卷 第2期","6","南京"
"一个警惕:评“莫负青春”","雨沛","展望","1948","第2卷 第3期","15","南京"
"天堂岁寒图(杭州通讯)","郑铁邨","展望","1948","第3卷 第8期","9","南京"
"中年妇女的几个问题","籁","展望","1948","第2卷 第19期","15-16","南京"
"管制·配给·抢购广州一幅悲惨图画","雅茜","展望","1948","第3卷 第1期","12","南京"
"跳出苦闷的泥坑","叶春萍 明","展望","1948","第2卷 第17期","16","南京"
"急!!!:[漫画]","洪荒","展望","1948","第3卷 第7期","封1","南京"
"粤政内哄精采一幕","田夫之","展望","1948","第2卷 第23期","12","南京"
"一周战局展望:江防迫切，平津告急","波光","展望","1948","第3卷 第8期","7，6","南京"
"展望通讯特辑:是谁不要安定!?:梁山道上行人多、一一、二五逮捕在中大","文琪 文其昌","展望","1948","第3卷 第5期","6-7","南京"
"文化广播:六月十一日就是旧历端午节，即是屈原投泊罗江自杀的一天……","展望","1948","第2卷 第8期","15",NA,"南京"
"周末专栏:美国加强武装日本","仲亨","展望","1948","第3卷 第7期","3","南京"
"来函照登:柏苍先生:大作“饥饿，动乱”……","笪移今 柏苍","展望","1948","第3卷 第4期","3","南京"
"安徽的“民主灾”","许明","展望","1948","第3卷 第2期","9-10","南京"
"逆流与合流:七七第十一周年的形势","陈仁炳","展望","1948","七七增刊","2","南京"
"再不想考大学了","展望","1948","第2卷 第14期","15，14",NA,"南京"
"民主世界:中大三学生移送“特种刑庭”后，中大营救……","张仁光","展望","1948","第2卷 第14期","9","南京"
"征新兵","蒿目","展望","1948","第2卷 第13期","15","南京"
"开展中的政治攻势(一周政治展望)","章明","展望","1948","第2卷 第11期","5","南京"
"推荐“万家灯火”","沛雨","展望","1948","第2卷 第12期","15","南京"
"日本投降第三周年","微生","展望","1948","第2卷 第15期","封1","南京"
"生存和自由:读“高尔基早期作品集”(时代出社版)","憬之","展望","1948","第2卷 第16期","14-15","南京"
"愈抽愈紧的两个结(一周政局展望)","张绍贤","展望","1948","第3卷 第1期","6-7","南京"
"论飞虎队“复活”","王冀民","展望","1948","第3卷 第6期","3","南京"
"民主与反民主:政友的忠告","张仁光","展望","1948","第3卷 第3期","8","南京"
"文化广播:中华全国文艺协会香港分会，近发表文告驳斥南京中央……","郭泉","展望","1948","第3卷 第2期","7","南京"
"关中近情与西北政局","南极","展望","1948","第2卷 第23期","10-11","南京"
"看联合国大会","石啸冲","展望","1948","第2卷 第20期","6","南京"
"济南大战以后(一周战局展望)","波光","展望","1948","第2卷 第20期","8-9，16","南京"
"太原古城迟暮的缩影","焦尾琴","展望","1948","第2卷 第21期","12","南京"
"民主世界:陆懋德看中美商约","杨微","展望","1948","第2卷 第2期","7","南京"
"从北方看东北华北局势:本刊通讯特辑","洪涛","展望","1948","第2卷 第23期","10-11","南京"
"湘东农情","佑黄","展望","1948","第3卷 第3期","10","南京"
"南行声中话迁校(北平通讯)","文琪","展望","1948","第3卷 第3期","11","南京"
"关于鲁迅的“作品”·“故里”·“逸事”(下)","景宋","展望","1948","第2卷 第8期","14-15","南京"
"纪念鲁迅先生","郭泉","展望","1948","第2卷 第22期","15","南京"
"南京“九·二一”血案前后","严冬","展望","1948","第2卷 第20期","12","南京"
"婚后的烦恼","王毅芬 平","展望","1948","第2卷 第20期","16","南京"
"向鲁迅先生看齐:扫墓留影:[照片]","展望","1948","第2卷 第23期","14",NA,"南京"
"轰传首都的打虎插曲","石在","展望","1948","第2卷 第22期","10-11","南京"
"内蒙古近情(张家口通讯)","Burke，J. 王民","展望","1948","第2卷 第1期","12","南京"
"客自京中来(南京通讯)","郑铁邨","展望","1948","第3卷 第3期","7","南京"
"程潜怎样准备“挨打”(长沙通讯)","从心","展望","1948","第3卷 第3期","8","南京"
"周末专栏:向逃难者进一言","仲亨","展望","1948","第3卷 第7期","3","南京"
"生活在夹缝中的人们(汉口通讯)","陈宽之","展望","1948","第3卷 第7期","9","南京"
"民主与反民主:回头是岸","张仁光","展望","1948","第3卷 第4期","5","南京"
"学运的新阶段:五四在南京","徐晴","展望","1948","第2卷 第3期","13","南京"
"好一个“民主政治的规模”!","晓瞻","展望","1948","第2卷 第3期","3","南京"
"洪宪一幕","杨卫玉","展望","1948","第2卷 第24期","14","南京"
"为和平而控诉(新日本文学会)","展望","1948","第2卷 第24期","14",NA,"南京"
"弦外之音:从马思聪演奏会想到","刘昉","展望","1948","第2卷 第21期","15","南京"
"周末专栏:哀国庆双十国庆，一般达官贵人们大谈其……","仲亨","展望","1948","第2卷 第22期","9","南京"
"纪念九一八","筠友","展望","1948","第2卷 第18期","封1","南京"
"向传统的训育抗议","梅邨","展望","1948","第2卷 第19期","3","南京"
"周末漫笔:幻灭的悲哀","仲亨","展望","1948","第2卷 第15期","14","南京"
"论阶级意识","王冀民","展望","1948","第2卷 第13期","3-5","南京"
"论官逼民变","俞元程","展望","1948","第3卷 第7期","11-12","南京"
"最后的一点:[漫画]","石龙","展望","1948","第3卷 第5期","封1","南京"
"耶诞节憧憬着的是什么?","同父","展望","1948","第3卷 第8期","封1","南京"
"武汉的冬防","如鸥","展望","1948","第3卷 第6期","9","南京"
"周末专栏:怪哉!所谓“定心丸”?","仲亨","展望","1948","第3卷 第7期","2-3","南京"
"美报论援华","展望","1948","第3卷 第7期","4-6",NA,"南京"
"民主与反民主:自掘坟墓","张仁光","展望","1948","第3卷 第5期","10","南京"
"李去夏来谈皖政","徐炎","展望","1948","第2卷 第19期","10-11","南京"
"民主世界:美民主团体斥非美会迫害","杨微","展望","1948","第2卷 第2期","7","南京"
"关于冯玉祥最后的几封信","展望","1948","第2卷 第20期","13",NA,"南京"
"香港的工业投资与当前困难(香港通讯)","孙孺","展望","1948","第2卷 第2期","9","南京"
"日本电影事业与共产党","石子","展望","1948","第2卷 第19期","14","南京"
"香港人看冯玉祥之死(附照片)","欧阳春","展望","1948","第2卷 第19期","9，3","南京"
"一个补习教育工作者的诉说","翰飞","展望","1948","第2卷 第17期","5","南京"
"民主与反民主:诺贝尔奖金如此","张仁光","展望","1948","第3卷 第5期","10","南京"
"民主与反民主:国际局势的一种看法","张仁光","展望","1948","第3卷 第5期","10-11","南京"
"评美大使馆的一个声明","炳若","展望","1948","第3卷 第4期","3","南京"
"周末专栏:和谈已成过去张申府刘不同诸君，以不同的方式发出和平的呼吁……","仲亨","展望","1948","第3卷 第2期","3-4","南京"
"民主世界:各方抗议司徒声明","张仁光","展望","1948","第2卷 第8期","8","南京"
"孙中山先生的政治路线","笪移今","展望","1948","第2卷 第7期","5","南京"
"风雨·故都·学府:本刊北平通讯","颜子和","展望","1948","第2卷 第18期","11-12","南京"
"华侨在印度:印度加城通信","定一","展望","1948","第2卷 第6期","12","南京"
"西欧联盟一新角:西班牙政权的核心与职工运动","林达","展望","1948","第2卷 第23期","5","南京"
"一个商人的意外遭遇","粮商某君","展望","1948","第2卷 第5期","15","南京"
"诗二首:食糠妇","补斋","展望","1948","第2卷 第6期","14","南京"
"想起几位历史人物","马寅初","展望","1948","第2卷 第4期","3","南京"
"纪念辛亥革命:[画图]","佚名","展望","1948","第2卷 第21期","封1","南京"
"挂起红球的四川","鱼木","展望","1948","第2卷 第19期","9，2","南京"
"旧形势的新跃进:一周经济展望","柏苍","展望","1948","第3卷 第1期","6","南京"
"论暹罗华侨前途","董冰如","展望","1948","第2卷 第9期","4","南京"
"但佛尔的“国有公园”(美国中部两周游记之二)","甄斯","展望","1948","第3卷 第4期","11","南京"
"民主与反民主:柏林的危机","张仁光","展望","1948","第3卷 第4期","3","南京"
"谁要战争?谁要和平?:一周国际展望","丁蕾","展望","1948","第2卷 第7期","8-9","南京"
"新路及其主持人","沈直重","展望","1948","第2卷 第8期","11-12","南京"
"忘祖背教的美国蒙特法案","辛斤","展望","1948","第2卷 第8期","5","南京"
"民主世界:新法西斯作风下的民主运动","张仁光","展望","1948","第2卷 第6期","7","南京"
"劳工们的食堂:[木刻]","王琦","展望","1948","第2卷 第6期","封1","南京"
"秣陵秋景","磊风","展望","1948","第2卷 第21期","10-11","南京"
"典型人格的认识","余友直","展望","1948","第2卷 第2期","14-15","南京"
"立场·战略:论自由主义","陈仁炳","展望","1948","第2卷 第2期","2-3","南京"
"工商人士话经济","岳铎","展望","1948","第2卷 第2期","5","南京"
"民主世界:泰勒攻击军训及征兵","杨微","展望","1948","第2卷 第2期","7","南京"
"这是一张政治王牌(一周政局展望)","张绍贤","展望","1948","第2卷 第19期","6-7","南京"
"鲜明的对照(一周经济展望)","柏苍","展望","1948","第3卷 第7期","6","南京"
"反对美国扶日政策是反美吗?","同父","展望","1948","第2卷 第7期","封1","南京"
"记国际青年节大会(上海通讯)","仲鲁","展望","1948","第2卷 第6期","13","南京"
"五月政局多变化","章明","展望","1948","第2卷 第4期","8","南京"
"民主世界:北平各院校学生为抗议“七五”事件举行请愿大游行……","张仁光","展望","1948","第2卷 第12期","9","南京"
"江南地主的忧郁","小石","展望","1948","第2卷 第16期","10","南京"
"展望新教育的曙光:中等教育展览会参观记","翰飞","展望","1948","第2卷 第16期","11","南京"
"放眼看皖豫战区:(一)从米荒看皖北、(二)围城南阳一瞥、(三)豫西战区周行记……","杜渐 艾扬 牛纵","展望","1948","第2卷 第13期","9-10","南京"
"民主世界:希腊待死政治犯呼吁伸张正义","杨微","展望","1948","第2卷 第3期","10","南京"
"灌云灾况写真:宝宝别哭","朱仲琴","展望","1948","第2卷 第4期","15","南京"
"政治改革与经济改革","施复亮","展望","1948","第2卷 第3期","2","南京"
"如是我见之新墨西歌州:美国中部两周游记之三","甄斯","展望","1948","第3卷 第5期","9","南京"
"张申府其人","焦尾琴","展望","1948","第3卷 第3期","9-10","南京"
"浙大风雨记","阿栅","展望","1948","第2卷 第16期","11","南京"
"美国名小说家法斯特致美国人民的公开信","法斯特 乃德 何敏","展望","1948","第2卷 第16期","12-13","南京"
"“论知识份子”座谈会:论知识份子","张东荪","展望","1948","第2卷 第3期","7","南京"
"中国的知识份子:某教授:[木刻]","李桦","展望","1948","第2卷 第3期","封1","南京"
"论真革命与假革命:本文为张氏十月十一日在清华大学之演讲词.原题:双十谈国事","张东荪 文琪","展望","1948","第2卷 第24期","2","南京"
"对南韩变乱的看法:一周国际展望","丁蕾","展望","1948","第2卷 第24期","6-7","南京"
"文化广播:世乱不已，报界多难.一周内停刊报纸，见诸报端者……","郭泉","展望","1948","第2卷 第23期","15","南京"
"亚洲人民的苦难","仲子","展望","1948","第2卷 第19期","4-5","南京"
"作家的条件","林焕平","展望","1948","第2卷 第18期","15","南京"
"汉口惨案纪详","金源","展望","1948","第2卷 第17期","14","南京"
"妇女的敌人","咏源","展望","1948","第2卷 第16期","15","南京"
"周末专栏:不见得吧","仲亨","展望","1948","第2卷 第21期","8-9","南京"
"周末专栏:胡适自认“逃兵”","仲亨","展望","1948","第3卷 第8期","2-3","南京"
"人心与官心","瑗","展望","1948","第3卷 第7期","封1","南京"
"民主与反民主:“杨妹”的叛徒","张仁光","展望","1948","第3卷 第3期","7","南京"
"民主与反民主:被侮辱了的“自由”","张仁光","展望","1948","第3卷 第3期","8","南京"
"反对美国扶日声中，记上海国货展览会:流露了民间厂商的辛酸味:(上)国货展览会正面:[照片]","展望","1948","第2卷 第9期","9",NA,"南京"
"民主世界:营救被捕职工","杨微","展望","1948","第2卷 第5期","8","南京"
"五四感言:廿九年前的“五四”这光荣的日子……","马寅初","展望","1948","第2卷 第3期","5","南京"
"六月五日在上海","皇甫玉","展望","1948","第2卷 第7期","14","南京"
"反对宽容日本战犯","孟宪章","展望","1948","第2卷 第5期","5","南京"
"偏而不安的浙江","郑铁邨","展望","1948","第2卷 第18期","16","南京"
"美是生活","温肇桐","展望","1948","第2卷 第6期","14","南京"
"从香港看英国，对华政策的趋向","丘陵","展望","1948","第2卷 第9期","9","南京"
"皖南旅行记:从芜湖到绩溪","冷荻","展望","1948","第3卷 第1期","11","南京"
"个人学习与集体学习","翦伯赞","展望","1948","第3卷 第1期","14","南京"
"一周战局展望:六月的疆场","波光","展望","1948","第2卷 第8期","7-9","南京"
"民主世界:“反迫害”“反扶日”","杨微","展望","1948","第2卷 第5期","8","南京"
"辩白掩蔽不了事实:一周国际展望","丁蕾","展望","1948","第2卷 第9期","7","南京"
"民主世界:光复会高级干部会议","张仁光","展望","1948","第2卷 第8期","8","南京"
"冯玉祥死难之谜:冯氏最近之影:[照片]","展望","1948","第2卷 第18期","4",NA,"南京"
"“人类的春天”题辞","补斋","展望","1948","第2卷 第9期","3","南京"
"苦难重重念学生","沧","展望","1948","第2卷 第9期","封1","南京"
"世界在怎样地变化?:评介“世界政治地理讲话”","方静","展望","1948","第2卷 第9期","14-15","南京"
"奇谭与传奇:“大侠那斯列琴”","石华","展望","1948","第2卷 第9期","15","南京"
"包尔文医生:美国中部两周游记之五","甄斯","展望","1948","第3卷 第8期","10","南京"
"对文艺批评随感","志齐","展望","1948","第2卷 第18期","14-15","南京"
"为老师的遭遇而徬徨","汤克友 籁","展望","1948","第2卷 第21期","16","南京"
"灾难重重的四川","严庄","展望","1948","第2卷 第20期","11","南京"
"展望一周:黄霉时节处处烽烟","波光","展望","1948","第2卷 第2期","6","南京"
"论经济情势发展的规律(一周经济展望)","柏苍","展望","1948","第2卷 第20期","10","南京"
"改币令下的教师节","微生","展望","1948","第2卷 第17期","封1","南京"
"论经济改革","吴诚夫","展望","1948","第2卷 第17期","6","南京"
"假想中的世界第三次大战与中国","张东荪","展望","1948","第3卷 第1期","2","南京"
"华盛顿玩弄些甚么:一周国际展望","丁蕾","展望","1948","第2卷 第8期","5-6","南京"
"展望印藏公路","严庄","展望","1948","第3卷 第2期","12","南京"
"门前雪与瓦上霜","萧贤","展望","1948","第2卷 第24期","封1","南京"
"海外孤儿:[漫画]","吴侨","展望","1948","第2卷 第24期","封1","南京"
"失去春天的山城(本刊特约重庆通讯)","吕漠","展望","1948","第2卷 第3期","11","南京"
"失学了，怎么办?","宝善 平","展望","1948","第2卷 第22期","16","南京"
"同事相处之道","素","展望","1948","第2卷 第21期","16","南京"
"不是“整补”而是“部署”(一周战局展望)","波光","展望","1948","第2卷 第15期","7-9","南京"
"怒吼!:[木刻]","白凡","展望","1948","第2卷 第15期","封1","南京"
"旅美见闻录","刘尊棋","展望","1948","第2卷 第16期","12","南京"
"变“活”了的战棋(一周战局展望)","波光","展望","1948","第2卷 第13期","6-8","南京"
"人海的磁针:给青年朋友一封公开信写在开明青年丛书的前叶","黄炎培","展望","1948","第2卷 第12期","13-14","南京"
"硬压后将见反拨(一周经济展望)","文青","展望","1948","第2卷 第12期","7","南京"
"展望一周:美国反共与日本再武装:五国防务会议","丁蕾","展望","1948","第2卷 第2期","6-7","南京"
"工作与学习","蒋某 平","展望","1948","第2卷 第19期","15","南京"
"周末专栏:先生此言差矣","仲亨","展望","1948","第3卷 第3期","3","南京"
"对时代的控诉:试炼的与被试炼的","杨诚","展望","1948","第3卷 第1期","3","南京"
"民主世界:团结力量的胜利","杨微","展望","1948","第2卷 第5期","8","南京"
"今日之青年","杨卫玉 翰飞","展望","1948","第2卷 第22期","2","南京"
"本刊开始办理第二届特价订户启事","展望","1948","第2卷 第23期","16",NA,"南京"
"向鲁迅先生看齐(附照片)","萍天","展望","1948","第2卷 第23期","14","南京"
"向鲁迅先生看齐:鲁迅先生遗像:[照片]","展望","1948","第2卷 第23期","14",NA,"南京"
"双边与多边","陆平强 明","展望","1948","第2卷 第21期","16","南京"
"“教育危害”","东方明","展望","1948","第2卷 第5期","13-14","南京"
"“论知识份子”座谈会:由历史看知识份子","吴晗","展望","1948","第2卷 第3期","7","南京"
"事实胜于雄辩(中):胜利以来美国扶助日本的清帐","展望","1948","第2卷 第10期","11-12",NA,"南京"
"正视马来亚动乱与华侨的命运","丘陵","展望","1948","第2卷 第10期","3","南京"
"六月风暴及其后果","文青","展望","1948","第2卷 第10期","5","南京"
"黄泛区空前大会战","展望","1948","七七增刊","6-7",NA,"南京"
"刘伯承是否放弃大别山:汉口通讯","杜渐","展望","1948","第2卷 第1期","10","南京"
"战事踏入第三年(一周战局展望)","波光","展望","1948","第2卷 第10期","6-8","南京"
"关于“新闺怨”里的妇女问题","长青","展望","1948","第2卷 第6期","15","南京"
"展望通讯特辑之二:动乱中的江南:(一)“白色恐怖”在无锡、(二)苦难的浙西","冀民 黄野雄","展望","1948","第2卷 第11期","10-11","南京"
"读书经验琐谈","钟敬文","展望","1948","第2卷 第11期","14","南京"
"新教育的萌芽:记育才学校及其农村托儿所(附照片)","张敏","展望","1948","第2卷 第13期","14，2","南京"
"乡场一角:[木刻]","刃锋","展望","1948","第2卷 第13期","封1","南京"
"对袁先生一文的感想","鲁铁民","展望","1948","第2卷 第11期","4","南京"
"罪不在工商(一周经济展望)","文青","展望","1948","第2卷 第11期","6","南京"
"且从战地看中原:展望通讯特辑之一","展望","1948","第2卷 第10期","8-9",NA,"南京"
"平情论学潮","陈仁炳","展望","1948","第2卷 第1期","4，6","南京"
"一周战局展望:战局重心急骤南移","波光","展望","1948","第3卷 第5期","5","南京"
"孙科内阁的经济动向(一周经济展望)","柏苍","展望","1948","第3卷 第6期","5-6","南京"
"民主与反民主:“冷灶”烧得太早","张仁光","展望","1948","第3卷 第4期","5","南京"
"迟暮北国冬景(北平通讯)","陈仁炳","展望","1948","第3卷 第4期","9","南京"
"民主世界:各界抗议美国助日","杨微","展望","1948","第2卷 第4期","11","南京"
"周末专栏:抢购的风潮蔓延更广，从沿江沿海的都市……","仲亨","展望","1948","第2卷 第24期","9","南京"
"民主世界:南美青年斥美扩张政策","杨微","展望","1948","第2卷 第3期","10","南京"
"论守法安分:应该怎样“明是非”","蔡尚思","展望","1948","第2卷 第23期","2，3","南京"
"考验中的新民报","严冬","展望","1948","第2卷 第12期","10-11","南京"
"日本投降三周年笔谈:日本投降三周年的感想、将有第二个“八一三”?……","郭沫若 陈君葆 吕煊","展望","1948","第2卷 第15期","2-4","南京"
"七月流火话四川","严庄","展望","1948","第2卷 第14期","10-11","南京"
"关于解聘教授与开除学生、读报偶笔","陈仁炳 孟起","展望","1948","第2卷 第12期","2","南京"
"民主世界:上海教师通宵冒雨请愿","张仁光","展望","1948","第2卷 第10期","7","南京"
"印尼的九月政变:沙里弗丁:[照片]","展望","1948","第2卷 第23期","9",NA,"南京"
"秋季大战的新阶段(一周战局展望)","波光","展望","1948","第2卷 第22期","6-8","南京"
"胡适竟为麦帅代言人么?","陈行健","展望","1948","第2卷 第8期","2","南京"
"从北方展望到中原:展望通讯特辑之一","展望","1948","第2卷 第11期","8-9，4",NA,"南京"
"美国农村视察记(一):本刊美国通讯","凯玲","展望","1948","第2卷 第12期","14","南京"
"海隅血泪录(苏北东海通信)","小草","展望","1948","第2卷 第1期","9","南京"
"我对民主并不灰心","微甫","展望","1948","第2卷 第1期","3","南京"
"上海经济应走那一条路(一周经济展望)","林柏苍","展望","1948","第2卷 第19期","8","南京"
"香港会封锁吗?:本刊香港特约通讯","欧阳春","展望","1948","第2卷 第18期","12-13","南京"
"知识份子向群众学习的几种方法:首先拆除“劳心”“劳力”的旧墙壁","任自涛","展望","1948","第2卷 第18期","14","南京"
"考灾","渔父","展望","1948","第2卷 第16期","封1","南京"
"华南二三事:港星厂商抗议美扶植日本","华萍","展望","1948","第2卷 第3期","12-13","南京"
"矛盾与出路(一周政局展望)","张绍贤","展望","1948","第2卷 第23期","7","南京"
"致歉、呼吁、答读者","展望","1948","第3卷 第8期","12",NA,"南京"
"最近有关美国政策的讨论","泉","展望","1948","第3卷 第8期","4","南京"
"东京所见","刘尊棋","展望","1948","第2卷 第1期","8","南京"
"拖挺撑打(一周政治展望)","张绍贤","展望","1948","第2卷 第24期","7-8","南京"
"日本的财阀与政权(下)","康瑞丰","展望","1948","第2卷 第23期","4","南京"
"徐州仍激战，华北益紧张(一周战局展望)","波光","展望","1948","第3卷 第4期","6","南京"
"南阳一角近貌(南阳通讯)","艾扬","展望","1948","第3卷 第4期","7-8","南京"
"民主与反民主:不忍之心","张仁光","展望","1948","第3卷 第4期","4","南京"
"民主与反民主:“天下有道”","张仁光","展望","1948","第3卷 第3期","7","南京"
"民主与反民主:血和油","张仁光","展望","1948","第3卷 第4期","5，3","南京"
"五月节在重庆","苏代","展望","1948","第2卷 第4期","15","南京"
"答友瑟四绝句","补斋","展望","1948","第2卷 第4期","15","南京"
"告知识份子","张东荪","展望","1948","第2卷 第4期","2","南京"
"五一节大检阅(纪录片)","林其民","展望","1948","第2卷 第3期","15","南京"
"一周经济展望:美援与条件、结汇新办法","文青","展望","1948","第2卷 第3期","9-10","南京"
"民主世界:港星党派否认国大","杨微","展望","1948","第2卷 第3期","10","南京"
"印尼的九月政变:慕梭:[照片]","展望","1948","第2卷 第23期","9",NA,"南京"
"海南岛的命运","Goh，S.Y. 文骊","展望","1948","第2卷 第13期","12-13","南京"
"母与子:[木刻]","刃锋","展望","1948","第2卷 第12期","封1","南京"
"周末专栏:杯弓蛇影的谣诼","仲亨","展望","1948","第3卷 第6期","3","南京"
"民主与反民主:辱及祖先","张仁光","展望","1948","第3卷 第4期","5","南京"
"总体战制已经完成(一周政治展望)","张绍贤","展望","1948","第2卷 第17期","9","南京"
"币制改革以后(一周经济展望)","柏苍","展望","1948","第2卷 第18期","9","南京"
"莫斯科会谈透视","石啸冲","展望","1948","第2卷 第15期","8-9","南京"
"旧美术的批判与新美术的创生","温肇桐","展望","1948","第2卷 第16期","14","南京"
"民主世界:台湾人要求地方自治","杨微","展望","1948","第2卷 第1期","7","南京"
"怎么办?怎么办?","微生","展望","1948","七七增刊","7","南京"
"“国魂”还是国魔?:一个座谈会的结论","何泛","展望","1948","第3卷 第1期","14-15","南京"
"奇谭与传奇:“舐犊情深”","沛雨","展望","1948","第2卷 第9期","15","南京"
"希特勒主义复活的象征:一周国际展望","丁蕾","展望","1948","第2卷 第5期","7-8","南京"
"陈诚去职前后","严冬","展望","1948","第2卷 第5期","9","南京"
"民主与反民主:猖獗的“自行落水”","张仁光","展望","1948","第3卷 第3期","7","南京"
"经济措施的观察(一周经济展望)","柏苍","展望","1948","第3卷 第4期","7","南京"
"夜长梦多:[漫画]","洪荒","展望","1948","第3卷 第4期","封1","南京"
"迎接丰年:[画图]","可扬","展望","1949","第3卷 第9期","封1","南京"
"美报论“联合政府”(本报摘自美新闻处电稿)","展望","1949","第3卷 第9期","15",NA,"南京"
"朝阳学院遭劫记","小泉","展望","1949","第3卷 第9期","10","南京"
"战后两个富有生气的新国家群","孟宪章","展望","1949","第3卷 第14期","3","南京"
"美国扩张政策新阶段(一周国际展望)","丁蕾","展望","1949","第3卷 第13期","4","南京"
"北平有自由吗?","万异","展望","1949","第3卷 第16期","12","南京"
"麦克阿瑟的交椅摇幌了","蒋生","展望","1949","第3卷 第17期","3","南京"
"周末专栏:“精神上的刑罚”","仲亨","展望","1949","第3卷 第16期","3","南京"
"周末专栏:近视看匾","仲亨","展望","1949","第3卷 第10期","3","南京"
"周末专栏:“北平式之和平”","仲亨","展望","1949","第3卷 第15期","2","南京"
"周末专栏:“战至共党乞和为止”","仲亨","展望","1949","第3卷 第9期","7","南京"
"蒲立特援华报告的反应","展望","1949","第3卷 第12期","12",NA,"南京"
"武汉的动向","春畦","展望","1949","第3卷 第18期","8","南京"
"日本的政治斗争(一周国际展望)","丁蕾","展望","1949","第3卷 第14期","6","南京"
"马鸿逵与宁夏","何矩","展望","1949","第3卷 第14期","8","南京"
"周末专栏:“和”与“战”","仲亨","展望","1949","第3卷 第12期","3","南京"
"周末专栏:天津之战的教训","仲亨","展望","1949","第3卷 第12期","2","南京"
"周末专栏:祥和措施","仲亨","展望","1949","第3卷 第15期","3","南京"
"天寒话蓉城","木枫","展望","1949","第3卷 第10期","10","南京"
"周末专栏:减号变加号的裁军","仲亨","展望","1949","第3卷 第17期","11","南京"
"“和平”再讨论","展望","1949","第3卷 第12期","11-12",NA,"南京"
"周末专栏:“向明太祖看齐”","仲亨","展望","1949","第3卷 第15期","2-3","南京"
"陈仪“休养”侧闻","蕾谷","展望","1949","第3卷 第18期","9","南京"
"美国议员须知","萧贤","展望","1949","第3卷 第17期","7","南京"
"中国的人民是应该获得支持的:“中间路线者”作","瞿士良","展望","1949","第3卷 第9期","15","南京"
"新阁内容，渡江日近:一周战局展望","波光","展望","1949","第3卷 第18期","4-6","南京"
"“一致”之外","未明","展望","1949","第3卷 第13期","10","南京"
"代总统的压轴戏(一周政局展望)","张绍贤","展望","1949","第3卷 第14期","4-5","南京"
"风雨飘摇中的云南","田寿","展望","1949","第3卷 第11期","10","南京"
"救济与和平","瑗","展望","1949","第3卷 第11期","封1","南京"
"大风暴将骤然而来:一周战局展望","波光","展望","1949","第3卷 第17期","4-6，4","南京"
"“广东大团结”的幕后","田夫之","展望","1949","第3卷 第17期","9","南京"
"再论和战","陈仁炳","展望","1949","第3卷 第12期","2-3，10","南京"
"和战是非论","漆琪生","展望","1949","第3卷 第16期","2-3","南京"
"孙阁揆“招待会中见闻”","艾苦鋆","展望","1949","第3卷 第17期","10","南京"
"暴日侵华的统帅怎会“无罪”:冈村宁次已被释放回日","蔡尚思","展望","1949","第3卷 第13期","2","南京"
"谋“和”诚意:[漫画]","洪荒","展望","1949","第3卷 第15期","封1","南京"
"时局在晦明之间","瑗","展望","1949","第3卷 第13期","封1","南京"
"中大校长周鸿经临危脱逃记","马梁","展望","1949","第3卷 第15期","10","南京"
"武汉首倡和平的内幕","全真","展望","1949","第3卷 第15期","8-9","南京"
"解放大旗插到上海","曹锡珍","展望","1949","临时特刊","7-8","南京"
"和平的障碍","何友悌","展望","1949","第3卷 第18期","12","南京"
"两种民主主义","秀英 华辰","展望","1949","第3卷 第13期","11-12","南京"
"台湾归来","方淳","展望","1949","第3卷 第18期","10-11","南京"
"工商界的生死难关(一周经济展望)","柏苍","展望","1949","第3卷 第17期","6","南京"
"周末专栏:代表“谁”?","仲亨","展望","1949","第3卷 第14期","2-3","南京"
"从大西洋公约看美国对外政策(一周国际展望)","丁蕾","展望","1949","第3卷 第15期","6","南京"
"傅作义往哪里去","朝月","展望","1949","第3卷 第12期","9","南京"
"魔手留痕","李宗瀛","展望","1949","临时特刊","6-7","南京"
"美国在恐慌的边缘上","夏炎德","展望","1949","第3卷 第16期","6，5","南京"
"金圆券兑现戏法种种(一周经济展望)","陈行健","展望","1949","第3卷 第10期","6","南京"
"南京的“和平”(一周政局展望)","张绍贤","展望","1949","第3卷 第10期","5","南京"
"从“大雷雨”谈人民自觉性","阮富乙","展望","1949","第3卷 第9期","12-13","南京"
"周末专栏:孙内阁垮台了","仲亨","展望","1949","第3卷 第18期","12","南京"
"风雪长安","蒙若","展望","1949","第3卷 第11期","10","南京"
"评张子寿先生的“怎样底定和平”","洛羊","展望","1949","第3卷 第15期","3","南京"
"香港看和谈","欧阳春","展望","1949","第3卷 第12期","11","南京"
"世界争取和平运动的发展(一周国际展望)","丁蕾","展望","1949","第3卷 第17期","5-6","南京"
"日本文化通讯","杨琛","展望","1949","第3卷 第9期","10","南京"
"谎言掩盖不了事实","陈正兴 安","展望","1949","第3卷 第14期","11-12","南京"
"论经济上的渡江(一周经济展望)","柏苍","展望","1949","第3卷 第18期","6","南京"
"惩前毖后:三十八年元旦献辞","杨诚","展望","1949","第3卷 第9期","16","南京"
"周末专栏:照老文章做下去","仲亨","展望","1949","第3卷 第17期","12","南京"
"如此溪口","任懿斐","展望","1949","第3卷 第10期","7","南京"
"周末专栏:一点“需要”","仲亨","展望","1949","第3卷 第10期","3","南京"
"唉，谁在过新年?还恭什么喜?","同父","展望","1949","第3卷 第9期","封1","南京"
"台湾:最后的“复兴”基地","邵二","展望","1949","第3卷 第13期","9","南京"
"立院两周间","艾苦鋆","展望","1949","第3卷 第18期","11，10","南京"
"泛论和战","陈仁炳","展望","1949","第3卷 第10期","3","南京"
"和战与美援(一周政局展望)","张绍贤","展望","1949","第3卷 第9期","5-6","南京"
"浙省易长的前后","钱塘令","展望","1949","第3卷 第15期","11","南京"
"戏文还未完(一周政局展望)","张绍贤","展望","1949","第3卷 第11期","5","南京"
"正视当前现实，力争真正和平:一周战局展望","波光","展望","1949","第3卷 第12期","4-6","南京"
"都门侧写(四)","谭波莉","展望","1949","第3卷 第12期","10","南京"
"一改再改:[漫画]","洪荒","展望","1949","第3卷 第16期","封1","南京"
"攻势与守势","人立","展望","1949","第3卷 第10期","11-12","南京"
"论政治道德","陈仁炳","展望","1949","第3卷 第15期","2","南京"
"青岛近貌","石童","展望","1949","第3卷 第12期","7","南京"
"从东北归来","陈途","展望","1949","第3卷 第10期","8-9","南京"
"长江七日记","张江帆","展望","1949","第3卷 第9期","9","南京"
"灭顶中的自救(一周经济展望)","柏苍","展望","1949","第3卷 第14期","5","南京"
"关于美国再武装日本","展望","1949","第3卷 第16期","11-12",NA,"南京"
"合肥竟也成了真空","杜渐","展望","1949","第3卷 第11期","7","南京"
"解放事业与上海人民","林穆光","展望","1949","临时特刊","6","南京"
"欢迎人民解放军","流金","展望","1949","临时特刊","2-3","南京"
"论政治作风","陈仁炳","展望","1949","第3卷 第13期","3","南京"
"周末专栏:彼一时此一时","仲亨","展望","1949","第3卷 第13期","7","南京"
"和谈声中话李白","马霍京","展望","1949","第3卷 第12期","8","南京"
"北平有新闻自由吗?","展望","1949","第3卷 第17期","12",NA,"南京"
"临危受命的薛岳将军","未央","展望","1949","第3卷 第14期","7","南京"
"中日外交秘话","泉","展望","1949","第3卷 第14期","9","南京"
"怎样有利于经济的发展(一周经济展望)","柏苍","展望","1949","第3卷 第12期","6","南京"
"和谈与美国对华政策","学尧","展望","1949","第3卷 第13期","12","南京"
"周末专栏:所谓“联防”","仲亨","展望","1949","第3卷 第10期","2-3","南京"
"撤退，赖债，及其他(一周经济展望)","柏苍","展望","1949","第3卷 第13期","5-6","南京"
"工商业家要怎样迎接解放","康遂","展望","1949","临时特刊","4","南京"
"周末专栏:“日本平民”也不好惹","仲亨","展望","1949","第3卷 第16期","2-3","南京"
"龙云“出逃”的前后","习门","展望","1949","第3卷 第9期","7-8","南京"
"三月江南","郑铁邨","展望","1949","第3卷 第17期","11","南京"
"短论:拖!","瑗","展望","1949","第3卷 第14期","封1","南京"
"希望已在人们的心中生长","由中","展望","1949","临时特刊","4-5","南京"
"周末专栏:司徒大使仍旧是忙人","仲亨","展望","1949","第3卷 第17期","11-12","南京"
"民盟上海市支部通电","展望","1949","临时特刊","8",NA,"南京"
"浙江谋和?谋战?","任懿斐","展望","1949","第3卷 第13期","11","南京"
"和战趋明朗，渡江呈积极:一周战局展望","波光","展望","1949","第3卷 第14期","4-6","南京"
"从福建说到台湾","陈福悲","展望","1949","第3卷 第11期","8-9","南京"
"香港通讯:从耶诞到新年","欧阳春","展望","1949","第3卷 第11期","11","南京"
"新岁展望","陈仁炳 杨卫玉 孟宪章","展望","1949","第3卷 第9期","2-3","南京"
"是真的和平吗","丁兄","展望","1949","第3卷 第11期","11-12","南京"
"周末专栏:北平之“法”与天津之“法”","仲亨","展望","1949","第3卷 第11期","2-3","南京"
"新生:[漫画]","洪荒","展望","1949","第3卷 第10期","封1","南京"
"周末专栏:平津“拆屋”","仲亨","展望","1949","第3卷 第10期","2","南京"
"周末专栏:孙阁揆老调重弹","仲亨","展望","1949","第3卷 第17期","11","南京"
"周末专栏:要求“瞭解”","仲亨","展望","1949","第3卷 第10期","2","南京"
"印尼解放斗争与美国(一周国际展望)","丁蕾","展望","1949","第3卷 第10期","4","南京"
"和平与战争底角逐:一周战局展望","波光","展望","1949","第3卷 第16期","4-5","南京"
"无题:[漫画]","洪荒","展望","1949","第3卷 第11期","封1","南京"
"周末专栏:“请联合国派员监视”","仲亨","展望","1949","第3卷 第14期","3","南京"
"何应钦组阁","万殊","展望","1949","第3卷 第18期","封1","南京"
"大家都坐着等吗?","求是","展望","1949","第3卷 第9期","16","南京"
"文艺杂谈之二:谈朱光潜底“距离的美学”","冰菱","展望","1949","第3卷 第10期","11","南京"
"美国内政与外交的动向(一周国际展望)","丁蕾","展望","1949","第3卷 第11期","4","南京"
"周末专栏:“圣诞大赦”","仲亨","展望","1949","第3卷 第9期","7","南京"
"论政府之亲美外交","王铁崖","展望","1949","第3卷 第11期","2","南京"
"和谈何时了?(一周政局展望)","张绍贤","展望","1949","第3卷 第15期","4-5","南京"
"中共发表声明以后(一周政局展望)","张绍贤","展望","1949","第3卷 第12期","5","南京"
"政府与学生","蔡尚思","展望","1949","第3卷 第12期","2","南京"
"释而不放的张学良和杨虎城","横眉","展望","1949","第3卷 第13期","8","南京"
"周末专栏:代总统要“效法句践”、薛岳将军谈“内、外、和、战”","仲亨","展望","1949","第3卷 第16期","2","南京"
"中国民主同盟上海市支部为上海解放告同胞书","展望","1949","临时特刊","8",NA,"南京"
"礼品:[漫画]","洪荒","展望","1949","第3卷 第14期","封1","南京"
"风声鹤泪的嘉湖平原","德明","展望","1949","第3卷 第11期","8-9","南京"
"经济撤退的准备(一周经济展望)","柏苍","展望","1949","第3卷 第11期","6","南京"
"朋友，你还好吗?","萧贤","展望","1949","临时特刊","封1","南京"
"重庆舰是怎样“投共”的?","矛林","展望","1949","第3卷 第18期","7","南京"
"立即取消“三征”","萧贤","展望","1949","第3卷 第16期","封1","南京"
"了解目前局势的几个基本关键","非汎","展望","1949","第3卷 第17期","2","南京"
"陈诚其人","未央","展望","1949","第3卷 第13期","8-9","南京"
"日本人重弹建设东亚的老调","岁奇","展望","1949","第3卷 第15期","12","南京"
"头一个将被处罚的“战犯”","未央","展望","1949","第3卷 第12期","8-9","南京"
"都门侧写(五)","谭波莉","展望","1949","第3卷 第13期","4-6","南京"
"周末专栏:这是什么逻辑","仲亨","展望","1949","第3卷 第13期","7","南京"
"一点原则","同父","展望","1949","第3卷 第10期","封1","南京"
"都门侧写(七)","谭波莉","展望","1949","第3卷 第17期","8","南京"
"鄞奉的神经战","任懿斐","展望","1949","第3卷 第14期","10","南京"
"归宿:[漫画]","洪荒","展望","1949","第3卷 第17期","封1","南京"
"伐:[漫画]","洪荒","展望","1949","第3卷 第13期","封1","南京"
"撤退声中话天堂","郑铁村","展望","1949","第3卷 第14期","8-9","南京"
"江阴的军事形势","府师","展望","1949","第3卷 第14期","7","南京"
"蒋总统引退后和平之门开了么?","驻青","展望","1949","第3卷 第12期","7","南京"
"东山再起的文汇报","胡光","展望","1948","第2卷 第21期","13","南京"
"为更多人珍惜你的健康","张坚 蓝","展望","1948","第2卷 第17期","16","南京"
"论气节","王冀民","展望","1948","第3卷 第2期","3-4","南京"
"灾难又要来了!:[画图]","司田","展望","1948","第2卷 第7期","封1","南京"
"周末专栏:“无为而无不为”","仲亨","展望","1948","第3卷 第5期","3","南京"
"奇谭与传奇:“桃源艳迹”","石华","展望","1948","第2卷 第9期","15","南京"
"粮荒从何而来:一周经济展望","文青","展望","1948","第2卷 第9期","6-7","南京"
"中国需要清算的是不劳而获者:关于知识分子问题的另一看法","谢东平","展望","1948","第2卷 第14期","6-7","南京"
"交大学生公断会记:是非应由公断，公道自在人心","岳铎","展望","1948","第2卷 第10期","15","南京"
"陈纳德在广州干些甚么(广州通讯)","矛林","展望","1948","第3卷 第6期","7","南京"
"冯玉祥遗作","小燕","展望","1948","第2卷 第20期","14","南京"
"美国农村观察记(三):本刊美国通讯","凯玲","展望","1948","第2卷 第14期","12-14","南京"
"迎接“七七”十一周年!从东南到西南，燃起了反扶日的怒焰:展望通讯特辑之二","展望","1948","第2卷 第10期","10-12",NA,"南京"
"康藏往那里走?","北远","展望","1948","第2卷 第15期","10-11","南京"
"和谣与物价(一周经济展望)","文青","展望","1948","第2卷 第13期","7-8","南京"
"民主世界:美进步人士反对蒙特法案","杨微","展望","1948","第2卷 第3期","10","南京"
"秋灯剪旧录(3):革命史上伤心的一页","杨卫玉","展望","1948","第2卷 第23期","13-14","南京"
"从明尼苏泰到支加哥:美国中部两周游记之一","甄斯","展望","1948","第3卷 第2期","11-12","南京"
"论“世界府政”","林焕平","展望","1948","第2卷 第4期","3-4","南京"
"在北平:反对扶助日本(附照片)","凌冰","展望","1948","第2卷 第6期","9-10","南京"
"要书读:编者先生:我是一个私立中学高中二年级的学生……","刘仁福","展望","1948","第2卷 第15期","15","南京"
"太原之战的插曲","焦尾琴","展望","1948","第3卷 第4期","8","南京"
"张申府的哲学","吴刚","展望","1948","第3卷 第6期","12","南京"
"华北王的苦撑(北平通讯)","文琪","展望","1948","第3卷 第4期","10","南京"
"英美在玩手腕(一周国际展望)","丁蕾","展望","1948","第2卷 第12期","8","南京"
"东北烂污账的尾数(华北通讯)","金苗","展望","1948","第3卷 第6期","9","南京"
"民主党胜利的造因:一周国际展望","丁蕾","展望","1948","第3卷 第2期","7","南京"
"反对美国扶日声中，记上海国货展览会:流露了民间厂商的辛酸味:(下)国货展览会侧面:[照片]","展望","1948","第2卷 第9期","9",NA,"南京"
"民主世界:印尼人民坚持独立战争、美作家政函苏联作家","杨微","展望","1948","第2卷 第2期","7","南京"
"浅评“国魂”","萧梅","展望","1948","第2卷 第24期","12-13","南京"
"低气压下的西南","昨非","展望","1948","第3卷 第1期","12","南京"
"原路:[漫画]","洪荒","展望","1948","第3卷 第3期","封1","南京"
"不平建筑在“这个社会”上","萧贤","展望","1948","第2卷 第12期","封1","南京"
"南斯拉夫的前途","吴诚夫","展望","1948","第2卷 第12期","5","南京"
"反对瓦解联合国","仲子","展望","1948","第2卷 第2期","3","南京"
"嗅着了火药味的西安","蒙若","展望","1948","第3卷 第4期","10","南京"
"官僚制度装进了学校","宋友洪","展望","1948","第2卷 第17期","16","南京"
"解脱锁炼:[木刻]","李桦","展望","1948","第2卷 第2期","封1","南京"
"我悲愤我怀疑","展望","1948","第2卷 第16期","15，9",NA,"南京"
"森铁华的学校及博物院:美国中部两周游记之四","甄斯","展望","1948","第3卷 第6期","10","南京"
"周末专栏:胡博士的“预言”","仲亨","展望","1948","第3卷 第4期","2-3","南京"
"饥饿，动乱!(一周经济展望)","柏苍","展望","1948","第3卷 第2期","4-5，10","南京"
"从芦田到吉田","林焕平","展望","1948","第2卷 第24期","4","南京"
"国庆日的风波在首都","磊风","展望","1948","第2卷 第23期","13","南京"
"反对扶植日本运动在上海","何慢","展望","1948","第2卷 第5期","12","南京"
"闻鼙鼓而思将帅!:纪念鲁迅先生:[木刻]","麦杆","展望","1948","第2卷 第22期","封1","南京"
"时事随笔:“战略”篇","金重","展望","1948","第3卷 第7期","2","南京"
"西北的新风暴(一周战局展望)","波光","展望","1948","第2卷 第16期","6-8","南京"
"鄂师院被解散后","流涛","展望","1948","第2卷 第18期","16","南京"
"“论知识份子”座谈会:知识份子的社会地位","费孝通 林一荣","展望","1948","第2卷 第3期","5","南京"
"向工商界进一言","孙大雨","展望","1949","临时特刊","2-3","南京"
"革命只有一个","陈仁炳","展望","1949","第3卷 第18期","2","南京"
"论美苏两国扩大国防预算案(一周国际展望)","丁蕾","展望","1949","第3卷 第18期","4-5","南京"
"危城信阳","文骊","展望","1949","第3卷 第16期","6","南京"
"万变不离其宗(一周经济展望)","柏苍","展望","1949","第3卷 第15期","5","南京"
"战局似弛实紧，南北和谣荡漾:一周战局展望","波光","展望","1949","第3卷 第9期","4-6","南京"
"活跃江南的土共!","南人","展望","1949","第3卷 第16期","8","南京"
"记昆明大屠杀","何旭","展望","1949","第3卷 第16期","8-9","南京"
"周末专栏:匪字又出现了","仲亨","展望","1949","第3卷 第17期","12","南京"
"春来了:[漫画]","洪荒","展望","1949","第3卷 第18期","封1","南京"
"广东还能再战吗?","之谷","展望","1949","第3卷 第14期","10","南京"
"都门侧写(六)","谭波莉","展望","1949","第3卷 第16期","7","南京"
"周末专栏:京穗之间","仲亨","展望","1949","第3卷 第16期","3","南京"
"周末专栏:摩萨的“北平报导”","仲亨","展望","1949","第3卷 第14期","2","南京"
"目迷五色的政局(一周政局展望)","张绍贤","展望","1949","第3卷 第13期","6","南京"
"周末专栏:“黾勉从公”与“揖腹从公”","仲亨","展望","1949","第3卷 第11期","3","南京"
"四川往何处去","石闻","展望","1949","第3卷 第13期","7","南京"
"麦帅致书吉田","瑞仁","展望","1949","第3卷 第11期","7","南京"
"“和平”的目的(一周政局展望)","张绍贤","展望","1949","第3卷 第18期","5","南京"
"论剧戏诗人","村彬","展望","1949","第3卷 第9期","14","南京"
"从数字看战局:一周战局展望","波光","展望","1949","第3卷 第15期","4-6","南京"
"华南联防问题种种","欧阳春","展望","1949","第3卷 第10期","7","南京"
"善战者服上刑","辛斤","展望","1949","第3卷 第14期","2","南京"
"和平的障碍(一周政局展望)","张绍贤","展望","1949","第3卷 第16期","4","南京"
"真假和平","漆琪生","展望","1949","第3卷 第14期","11-12","南京"
"周末专栏:新奇而又新奇的传说","仲亨","展望","1949","第3卷 第12期","3","南京"
"动乱中的武汉","全真","展望","1949","第3卷 第9期","11","南京"
"从“名词的混乱”谈起:文艺杂谈之一","冰菱","展望","1949","第3卷 第9期","12-13","南京"
"李代总统南飞广州干吗?","田夫之","展望","1949","第3卷 第16期","9","南京"
"什么叫做“劳资两利”?","光华 星覆","展望","1949","第3卷 第15期","11-12","南京"
"和谈声中话南迁","瑗","展望","1949","第3卷 第12期","封1","南京"
"武大的大逮捕记","奚永伟","展望","1949","第3卷 第13期","10","南京"
"周末专栏:“身”“首”异处","仲亨","展望","1949","第3卷 第13期","7","南京"
"成舍我二三事","默文","展望","1949","第3卷 第18期","10","南京"
"李书城共区归来的报告","秋田","展望","1949","第3卷 第18期","8-9","南京"
"迎一九四九年(回顾与展望)","丁蕾","展望","1949","第3卷 第9期","4-5","南京"
"岁暮杂谭(回顾与展望)","柏苍","展望","1949","第3卷 第9期","6","南京"
"美报的新反共论调","展望","1949","第3卷 第12期","12",NA,"南京"
"周末专栏:褒乎?贬乎?","仲亨","展望","1949","第3卷 第12期","2-3","南京"
"什么是冬天?:福州面面观","绍猷","展望","1949","第3卷 第10期","8-9","南京"
"鄞奉道上显要多","绍声","展望","1949","第3卷 第17期","8-9","南京"
"春雷前夜的华南","欧阳春","展望","1949","第3卷 第16期","10","南京"
"陈仪去，周喦来!","卢蕾谷","展望","1949","第3卷 第16期","11","南京"
"周末专栏:“投射偏差”","仲亨","展望","1949","第3卷 第9期","7","南京"
"美国保守国会","费孝通","展望","1949","第3卷 第10期","2，9","南京"
"展望东南亚","孟宪章","展望","1949","第3卷 第18期","3","南京"
"关于亚洲会议(一周国际展望)","丁蕾","展望","1949","第3卷 第12期","4","南京"
"论政客与政治家","刘伯陶","展望","1949","第3卷 第11期","12","南京"
"美人眼中的和谣与战局(本文摘自美国新闻处电稿)","展望","1949","第3卷 第10期","12",NA,"南京"
"战争与和平的纠缠:一周战局展望","波光","展望","1949","第3卷 第10期","4-6，7","南京"
"酝酿中的“西南集团”","横眉","展望","1949","第3卷 第15期","8-9","南京"
"备战经济的新阶段(一周经济展望)","柏苍","展望","1949","第3卷 第16期","5","南京"
"都门侧写(三)","谭波莉","展望","1949","第3卷 第10期","10","南京"
"和平的尺度(一周政局展望)","张绍贤","展望","1949","第3卷 第17期","4","南京"
"孙阁果倒了","瑗","展望","1949","第3卷 第17期","封1","南京"
"浙赣纪行","武石","展望","1949","第3卷 第15期","7","南京"
"出不起，活不成","瑗","展望","1949","第3卷 第15期","封1","南京"
"“大公园”栽诬“展望”","展望","1949","第3卷 第16期","12",NA,"南京"
"解放妇女","陈仁炳","展望","1949","第3卷 第16期","3","南京"
"都门侧写(二)","谭波莉","展望","1949","第3卷 第9期","8","南京"
"论民主统一战线","罗涵先","展望","1949","临时特刊","5","南京"
"鲁斯周以德合论","陈仁炳","展望","1949","第3卷 第11期","3，9","南京"
"和平号召褪色，南北烽火又起:一周战局展望","波光","展望","1949","第3卷 第11期","4-6，12","南京"
"显明的对照(一周政局展望)","张绍贤","展望","1948","第2卷 第22期","6-7","南京"
"民主世界:华莱士有意访苏","杨微","展望","1948","第2卷 第5期","8","南京"
"翁内阁种种(本京特讯)","严冬","展望","1948","第2卷 第6期","10","南京"
"说“变”","静观","展望","1948","第2卷 第5期","2","南京"
"哀苏北","小草","展望","1948","第2卷 第7期","12","南京"
"展望通讯特辑:到处饥饿到处荒:饥饿威胁着北平、产米区苏州的恐慌……","金苗 汪迪民 冀民","展望","1948","第2卷 第24期","10-11","南京"
"莫斯科·伯尔格来德·华盛顿(一周国际展望)","丁蕾","展望","1948","第2卷 第14期","8","南京"
"大风暴前夕的江南征兵","冀民","展望","1948","第2卷 第16期","9","南京"
"爵溪的渔民:它是浙江有名的产鱼区域","大木","展望","1948","第2卷 第17期","14","南京"
"论官毒:官僚政治与民主政治之消长","陈仁炳","展望","1948","第2卷 第7期","6","南京"
"华盛顿的忧郁(一周国际展望)","丁蕾","展望","1948","第3卷 第4期","5","南京"
"从北平看美国对华政策的变化","焦尾琴","展望","1948","第2卷 第9期","8","南京"
"我的研究经验","侯外庐","展望","1948","第2卷 第8期","12","南京"
"记者的条件:为九一记者节而作","石仲子","展望","1948","第2卷 第17期","15","南京"
"八月的亚洲","宁静","展望","1948","第2卷 第17期","11-13","南京"
"势在必行的革新(一周政局展望)","章明","展望","1948","第2卷 第12期","6-7","南京"
"中原大会战(一周战局展望)","波光","展望","1948","第2卷 第9期","6-8","南京"
"美国农村视察记(二):本刊美国通讯","凯玲","展望","1948","第2卷 第13期","13","南京"
"陆志韦与胡适","吴兰","展望","1948","第2卷 第22期","14","南京"
"双十节笔谈:双十节面临的三大问题","张志让","展望","1948","第2卷 第21期","2","南京"
"为贫苦读者呼吁:当我们办理在校学生免费订阅以来……","展望","1948","第2卷 第24期","13",NA,"南京"
"政局新阶段","鲁生","展望","1948","第2卷 第3期","8","南京"
"教师的新责任","杨卫玉","展望","1948","第2卷 第17期","3","南京"
"流浪:[木刻]","王琦","展望","1948","第2卷 第9期","封1","南京"
"备战声中话武汉","金若","展望","1948","第2卷 第22期","10","南京"
"啼笑皆非话陕西","蒙若","展望","1948","第2卷 第19期","10-11","南京"
"印尼侨情与中华同盟会的创立","黄葆华","展望","1948","第2卷 第15期","12-13","南京"
"武大在饥饿的考验中","奚永伟","展望","1948","第3卷 第6期","11","南京"
"锦州战事告一段落:新会战的酝酿(一周战局展望)","波光","展望","1948","第2卷 第23期","6-8","南京"
"太平山下一盛会:欧阳予倩先生六十大寿记","望月","展望","1948","第2卷 第5期","13","南京"
"我写“非孝”的原因和经过(四)","施复亮","展望","1948","第3卷 第1期","15","南京"
"论大学教育","冯友兰","展望","1948","第2卷 第9期","2-3","南京"
"鼙鼓声中看蚌埠(蚌埠通讯)","史明","展望","1948","第3卷 第8期","8","南京"
"榴花灼灼战火烈","波光","展望","1948","第2卷 第3期","8-9","南京"
"华南二三事:震动了香港父母心","柳京","展望","1948","第2卷 第3期","12","南京"
"民主世界:一群电力职工的呼吁","张仁光","展望","1948","第2卷 第8期","8","南京"
"中国与东南亚(密勒氏评论报)","洁流","展望","1948","第2卷 第22期","4","南京"
"经济战的一面(一周经济展望)","柏苍","展望","1948","第3卷 第8期","5-6","南京"
"双十节笔谈:双十节感言","孙晓村","展望","1948","第2卷 第21期","3","南京"
"民主世界:美追悼在希腊惨死记者","张仁光","展望","1948","第2卷 第8期","8","南京"
"论知识份子的天真","陈仁炳","展望","1948","第2卷 第5期","4","南京"
"民主世界:农工民主党宣言","杨微","展望","1948","第2卷 第5期","8","南京"
"回忆辛亥革命与首届国会时期之褚辅成先生","俞寰澄","展望","1948","第2卷 第2期","15","南京"
"“窒息香港”的问题:港方对上海吴市长谈话的反应","欧阳春","展望","1948","第2卷 第11期","13","南京"
"论“开发民力建设乡村”","周有光","展望","1948","第2卷 第16期","2","南京"
"炎热的仲夏战场(一周战局展望)","波光","展望","1948","第2卷 第12期","6-8，2","南京"
"日本的财阀与政权(上)","康瑞丰","展望","1948","第2卷 第22期","12-13","南京"
"民主世界:李埃决为世界和平奋斗","杨微","展望","1948","第2卷 第2期","7","南京"
"老教师:[漫画]","杨可扬","展望","1948","第3卷 第2期","封1","南京"
"中国政治大展览:香港看和谣","欧阳春","展望","1948","第2卷 第15期","10","南京"
"民主世界:日本韩侨反抗暴压","杨微","展望","1948","第2卷 第1期","7","南京"
"问题怕越来越严重吧!","同父","展望","1948","第3卷 第1期","2-3","南京"
"恋爱·结婚·家庭","蒋平 沈珏 坚璧","展望","1948","第3卷 第1期","16","南京"
"印尼的九月政变:沙里尔:[照片]","展望","1948","第2卷 第23期","9",NA,"南京"
"两广近情:广州通讯","蓝悒","展望","1948","第2卷 第1期","8-10","南京"
"从抢购潮说起(一周经济展望)","柏苍","展望","1948","第2卷 第22期","7-8","南京"
"东北新部署(战局一周展望)","波光","展望","1948","第2卷 第21期","9-10","南京"
"我写“非孝”的原因和经过(一)","施复亮","展望","1948","第2卷 第22期","15","南京"
"一天紧似一天的川局","杨祖之","展望","1948","第2卷 第13期","10","南京"
"五四在上海:五月的花开遍了原野","岳铎","展望","1948","第2卷 第3期","14-15","南京"
"再谈上海“国际化”","立心","展望","1948","第3卷 第4期","12","南京"
"论物价涨风的新阶段","严凌","展望","1948","第2卷 第12期","3-4","南京"
"战时体制下的浙西","德明","展望","1948","第3卷 第6期","8","南京"
"美援与双边协定","丁蕾","展望","1948","第2卷 第10期","6","南京"
"淮上春暮惊铁骑","杜渐","展望","1948","第2卷 第7期","10-11","南京"
"苦诉几个工厂老闆","微生","展望","1948","第2卷 第4期","封1","南京"
"一周战局展望:苏北战火直薄长江，华北大战渐臻成熟","波光","展望","1948","第3卷 第7期","7，8","南京"
"山雨欲来的川北局势","吕漠","展望","1948","第2卷 第4期","13","南京"
"双十节笔谈:辛亥革命的教训","林焕平","展望","1948","第2卷 第21期","3-4","南京"
"美国在中国的外交路线","胡子婴","展望","1948","第2卷 第14期","2","南京"
"苦诉:一群工人","微生","展望","1948","第2卷 第6期","封1","南京"
"战争中的豫西:豫西战区巡礼之三","牛纵","展望","1948","第2卷 第10期","9-10","南京"
"虎与鸡","仲亨","展望","1948","第2卷 第18期","6-7","南京"
"屏障京沪的徐州会战(一周战局展望)","波光","展望","1948","第3卷 第3期","6，5","南京"
"同情教育界的苦诉怎样呢?","静观","展望","1948","第2卷 第8期","封1","南京"
"严冬话北平","鸣歌","展望","1948","第3卷 第6期","7-8","南京"
"广州市政窳败一幕","阿细","展望","1948","第3卷 第7期","11","南京"
"摊牌下的政治形势","章明","展望","1948","第2卷 第7期","7","南京"
"吉田上台与日本政局(一周国际展望)","丁蕾","展望","1948","第2卷 第23期","6-7","南京"
"拿出自己力量来","瑗","展望","1948","第3卷 第3期","封1","南京"
"民主世界:德人民要求统一","杨微","展望","1948","第2卷 第5期","8","南京"
"莫干山之会(一周经济展望)","文青","展望","1948","第2卷 第14期","7，12","南京"
"周末专栏:江亚轮惨剧","仲亨","展望","1948","第3卷 第6期","2","南京"
"秋灯剪旧录(5):值得回忆的“五四”学运","杨卫玉","展望","1948","第3卷 第2期","10","南京"
"怎样读书","路维宽","展望","1948","第2卷 第20期","14-15","南京"
"苦诉:几个马路劳动者","微生","展望","1948","第2卷 第2期","封1","南京"
"民主世界:上海各报载，上海连续被捕的学生八十三人……","张仁光","展望","1948","第2卷 第22期","8-9","南京"
"展望一周:一仍旧贯的国内时局","鲁生","展望","1948","第2卷 第2期","6","南京"
"仲夏夜的北平","焦尾琴","展望","1948","第2卷 第12期","9-10","南京"
"李宗仁在平与和谣","焦尾琴","展望","1948","第2卷 第14期","10","南京"
"工商界的两种心情(一周经济展望)","柏苍","展望","1948","第3卷 第5期","4","南京"
"展望通讯特辑:面临冬天的江南:江南农村一片愁","虞人","展望","1948","第3卷 第5期","8","南京"
"告爱护本刊的清寒同学们:征求免费订户","展望","1948","第2卷 第6期","7",NA,"南京"
"事实胜于雄辩(上):胜利来美国扶助日本的清帐","展望","1948","第2卷 第9期","3-4",NA,"南京"
"问题十则:初中学生天真的表示","静观","展望","1948","第2卷 第13期","14-15","南京"
"从经济看勘乱","吴诚夫","展望","1948","第2卷 第15期","5","南京"
"民主与反民主:月到中秋分外明","张仁光","展望","1948","第3卷 第3期","7","南京"
"周末专栏:勿为牛后","仲亨","展望","1948","第3卷 第4期","2","南京"
"菲律宾近情","柳京","展望","1948","第2卷 第9期","11","南京"
"民主世界:“七五”惨案发生后，东北华北抗议七五惨案联合会……","张仁光","展望","1948","第2卷 第16期","7","南京"
"革新与美援(一周政治展望)","章明","展望","1948","第2卷 第15期","6","南京"
"天灾由人祸而来","萧贤","展望","1948","第2卷 第14期","封1","南京"
"改币与美援(一周经济展望)","文青","展望","1948","第2卷 第16期","6-7","南京"
"不是物价贵，只为钞票贱:[漫画]","司田","展望","1948","第2卷 第16期","封1","南京"
"民主世界:本月五日上海大众夜报载有法国新闻社东京四日电讯……","张仁光","展望","1948","第2卷 第18期","10","南京"
"米和枪杆在决斗","同父","展望","1948","第3卷 第2期","封1","南京"
"民主世界:十五国社会党反佛朗哥","杨微","展望","1948","第2卷 第2期","7","南京"
"工商业的出路(一周经济展望)","文青","展望","1948","第2卷 第4期","9-10","南京"
"激化中的中东国际矛盾","唐奇格 常守琦","展望","1948","第2卷 第2期","13","南京"
"民主世界:华莱士史达林间的公开信","杨微","展望","1948","第2卷 第4期","11","南京"
"华盛顿的烟幕","丁蕾","展望","1948","第2卷 第11期","7","南京"
"业余学习文艺问题","展望","1948","第2卷 第20期","16",NA,"南京"
"文化广播:民间文学专家钟敬文教授近写……","展望","1948","第2卷 第1期","12",NA,"南京"
"周末专栏:豪门先天下忧","仲亨","展望","1948","第3卷 第5期","3","南京"
"昆明学生的劫难","杨苍","展望","1948","第2卷 第12期","12","南京"
"民主世界:各地学生热烈纪念五四","杨微","展望","1948","第2卷 第3期","10","南京"
"美援来不来?(一周政局展望)","张绍贤","展望","1948","第3卷 第4期","4-5","南京"
"薪水与物价:转载“密勒氏评论报”:[画图]","展望","1948","第2卷 第14期","封1",NA,"南京"
"锦西鏖战虞绥远变色(一周战局展望)","波光","展望","1948","第2卷 第24期","6-9","南京"
"秋灯剪旧录:一、民国开国史的一段","杨卫玉","展望","1948","第2卷 第21期","4-5","南京"
"周末专栏:虚此一行","仲亨","展望","1948","第2卷 第21期","8","南京"
"论民族·国家·政府","陈仁炳","展望","1948","第3卷 第6期","2-3","南京"
"民主世界:英__扬马柯斯和平建议","张仁光","展望","1948","第2卷 第8期","8","南京"
"北平的浪潮(附照片)","凌华","展望","1948","第2卷 第8期","10-11","南京"
"秋季始业谈大学教育:应大公报座谈而发","杨卫玉","展望","1948","第2卷 第20期","5","南京"
"大局在加速地变(一周政局展望)","张绍贤","展望","1948","第3卷 第7期","4-5","南京"
"准备决战的时局","范承祥","展望","1948","第2卷 第4期","5","南京"
"秋灯剪旧录(2):二次革命与袁世凯","杨卫玉","展望","1948","第2卷 第22期","14","南京"
"文艺欣赏和研究","姚理","展望","1948","第2卷 第21期","14","南京"
"民主与反民主:英美的“恩惠”","张仁光","展望","1948","第3卷 第5期","11","南京"
"怎样读军事新闻","昉","展望","1948","第2卷 第23期","16","南京"
"茅盾的旧事","云庸","展望","1948","第2卷 第1期","14","南京"
"不安的浙西","黄野雄","展望","1948","第2卷 第16期","10","南京"
"周末专栏:“其弊在奴”","仲亨","展望","1948","第3卷 第3期","2-3","南京"
"京华缤纷录","石在","展望","1948","第2卷 第10期","14","南京"
"首都新气象:[画图]","摩尼","展望","1948","第2卷 第23期","封1","南京"
"第二个“九一八”的威胁(转载“星期报”):[漫画]","展望","1948","第2卷 第18期","封1",NA,"南京"
"秋风紧战鼓(一周战局展望)","波光","展望","1948","第2卷 第17期","10-11","南京"
"论巴力斯坦战争","石仲子","展望","1948","第2卷 第7期","9","南京"
"好夫妻","吴洛","展望","1948","第2卷 第7期","15","南京"
"扑灭国际法西斯的野火!","仲子","展望","1948","第2卷 第13期","2","南京"
"北平城下","焦尾琴","展望","1948","第2卷 第7期","14-15","南京"
"在工厂里:[漫画]","怀芷","展望","1948","第2卷 第20期","封1","南京"
"职业·学习·工作","素","展望","1948","第2卷 第14期","15","南京"
"不稳定的菲律宾","羊城彦","展望","1948","第2卷 第18期","13，12","南京"
"北平七五血案纪详","宁静","展望","1948","第2卷 第11期","8-10","南京"
"展望通讯特辑之三:啼痕处处谈八闽:(一)处处啼饥哀八闽、(二)美国如何开发福建、(三)如此“福地”的福建","木尊 唐龙 罗君","展望","1948","第2卷 第11期","11-12","南京"
"从历史和最近事实驳斥关于日本的几种谬论","林焕平","展望","1948","第2卷 第8期","3","南京"
"论只有专门知识的知识份子(下):兼容铁民纯青两先生","袁翰青","展望","1948","第2卷 第11期","3-4","南京"
"周末专栏:挖肉补疮不是办法","仲亨","展望","1948","第3卷 第5期","2","南京"
"民主与反民主:“司法独立”","张仁光","展望","1948","第3卷 第4期","4","南京"
"民主世界:民盟等对国大选举声明","杨微","展望","1948","第2卷 第2期","7","南京"
"从合肥看战局的南移","杜渐","展望","1948","第3卷 第7期","8","南京"
"趋向总体战的政局(一周政治展望)","章明","展望","1948","第2卷 第16期","5-6","南京"
"爱情、结婚与童贞","籁","展望","1948","第2卷 第22期","16","南京"
"从卢沟桥到鄷都:纪念两位七·七抗战的无名英雄","辛斤","展望","1948","第2卷 第10期","2","南京"
"论只有专门知识的知识份子:兼答铁民纯青两先生(下期续完)","袁翰青","展望","1948","第2卷 第10期","4","南京"
"渡巢湖","杜渐","展望","1948","第2卷 第21期","11","南京"
"泄了气的“柏林危机”","石啸冲","展望","1948","第2卷 第18期","5","南京"
"周末漫笔:Wishful thinking","仲亨","展望","1948","第2卷 第15期","14","南京"
"工商界应谋自救","望月","展望","1948","第2卷 第7期","3-4","南京"
"司徒声明的反响","陈子久","展望","1948","第2卷 第8期","3-4","南京"
"民主国家不能想像的事件","汪元亮","展望","1948","第2卷 第19期","2","南京"
"热西与鲁中齐紧:一周战局展望","展望","1948","第2卷 第6期","5-6",NA,"南京"
"周末专栏:轰炸与不设防","仲亨","展望","1948","第3卷 第4期","2","南京"
"立法院长逐鹿记","石在","展望","1948","第2卷 第4期","11","南京"
"阻止备战狂的蔓延","石仲子","展望","1948","第2卷 第3期","3-4","南京"
"民主世界:港民主派慰问平津师生工友","杨微","展望","1948","第2卷 第2期","7","南京"
"缴费图:[漫画]","司田","展望","1948","第2卷 第17期","封1","南京"
"李宗仁是怎样当选的:本刊特约通讯","浦熙修","展望","1948","第2卷 第2期","8","南京"
"密云阵雨的战局:一周战局展望","波光","展望","1948","第2卷 第5期","6","南京"
"又是互惠吗?:一周经济展望","文青","展望","1948","第2卷 第5期","7","南京"
"民主与反民主:政友的忠告、圣彼德的犯“罪”","张仁光","展望","1948","第3卷 第3期","8","南京"
"港报评论新内阁","丘陵","展望","1948","第2卷 第7期","13","南京"
"健忘的国际大亨们","萧贤","展望","1948","第2卷 第20期","封1","南京"
"论远东联盟(一周国际展望)","丁蕾","展望","1948","第3卷 第6期","4","南京"
"周末专栏:何来“小快乐”?","仲亨","展望","1948","第3卷 第5期","2-3","南京"
"重庆米潮详记","吕漠","展望","1948","第2卷 第9期","10","南京"
"民主与反民主:毒技重施","张仁光","展望","1948","第3卷 第4期","5","南京"
"我的读书经验","郭沫若","展望","1948","第2卷 第17期","15","南京"
"欧行观感","鉴清","展望","1948","第2卷 第19期","12","南京"
"战争与和平(一周政局展望)","章明","展望","1948","七七增刊","3","南京"
"民主与反民主:銮披汶耍花枪","张仁光","展望","1948","第3卷 第5期","12","南京"
"“东方联盟”是甚么(国际一周展望)","丁蕾","展望","1948","第2卷 第21期","6","南京"
"戊戌维新论","陈旭麓","展望","1948","第2卷 第13期","3-5","南京"
"民主世界:捷总统贝奈斯的辞职信","张仁光","展望","1948","第2卷 第8期","8","南京"
"认清工作","平","展望","1948","第3卷 第3期","11","南京"
"民主世界:日工人为权利被侵犯斗争","杨微辑","展望","1948","第2卷 第4期","11","南京"
"日趋严重的政局:一周政局展望","张绍贤","展望","1948","第2卷 第18期","8","南京"
"烽烟处处说岭南","之谷","展望","1948","第2卷 第7期","11","南京"
"美援的香饵","丁蕾","展望","1948","七七增刊","5","南京"
"周末专栏:“请美军保护”","仲亨","展望","1948","第3卷 第8期","2","南京"
"论政治隙缝里的教育:为教师节作","陈仁炳","展望","1948","第2卷 第17期","2","南京"
"印尼的九月政变(附照片)","田泉山","展望","1948","第2卷 第23期","9","南京"
"工商界面临的两大危机(座谈会纪录):美国扶植日本与减低外货进口税问题","岳铎 华农 孙敏","展望","1948","第2卷 第6期","3-4","南京"
"为贫苦读者呼吁","展望","1948","第2卷 第23期","16",NA,"南京"
"扩大母爱以爱人群","文","展望","1948","第3卷 第5期","12","南京"
"不患寡而患不均:[木刻]","克萍","展望","1948","第3卷 第8期","封1","南京"
"中国·华侨与东南亚:某权威南洋问题专家演辞","陆森","展望","1948","第2卷 第5期","11","南京"
"论美国大选","陈仁炳","展望","1948","第2卷 第24期","3","南京"
"中国经济问题","孙晓村 翰飞","展望","1948","第2卷 第23期","3","南京"
"粮价飞涨话城市:一周经济展望","文青","展望","1948","第2卷 第6期","6","南京"
"回顾与前瞻","瑗","展望","1948","第3卷 第1期","封1","南京"
"急惊风遇到了慢郎中(一周政局展望)","张绍贤","展望","1948","第3卷 第5期","3-4","南京"
"大家都在等(一周政局展望)","张绍贤","展望","1948","第3卷 第6期","4-5","南京"
"暹罗压迫华侨的真相","绿韵","展望","1948","第2卷 第9期","13","南京"
"新教育的萌芽:记育才学校及其农村托儿所:育才学校九周年纪念游艺会:[照片]","展望","1948","第2卷 第13期","14",NA,"南京"
"民主与反民主:和平的基础","张仁光","展望","1948","第3卷 第5期","11","南京"
"民主与反民主:“自行落水”又一起","张仁光","展望","1948","第3卷 第4期","4","南京"
"“不要打破温度表”:敬告司徒雷登先生","陈光","展望","1948","第2卷 第7期","2","南京"
"荣获国际影展彩色片首奖的苏联片“宝石花”","林其民","展望","1948","第2卷 第5期","14","南京"
"英美关系与近东石油","巴什基洛夫 苏新","展望","1948","第2卷 第2期","11","南京"
"周末专栏:麦帅的一个声明","仲亨","展望","1948","第3卷 第7期","2","南京"
"美国重建日本的动机","孟宪章","展望","1948","第2卷 第20期","2","南京"
"诗二首:人食相","补斋","展望","1948","第2卷 第6期","14","南京"
"美国扶日复兴的事实和他的辩护","林焕平","展望","1948","第2卷 第12期","4-5","南京"
"学费问题","渔父","展望","1948","第2卷 第13期","封1","南京"
"“日本问题全面论”读后","张誉闻","展望","1948","第2卷 第18期","16","南京"
"关于“阿Q正传”摄电影","洪荒","展望","1948","第2卷 第11期","13-14","南京"
"怎样贡献力量?","康","展望","1948","第3卷 第3期","11-12","南京"
"胆大的总理内阁:一周政局展望","辛斤","展望","1948","第2卷 第6期","5","南京"
"“美苏关系检讨”","东方明","展望","1948","第2卷 第1期","15","南京"
"民主与反民主:毒气之“毒”","张仁光","展望","1948","第3卷 第4期","4-5","南京"
"秋风秋雨:[漫画]","洪荒","展望","1948","第3卷 第1期","封1","南京"
"文化广播:中华教育文化董事会三十七年度年会……","郭泉","展望","1948","第2卷 第20期","15","南京"
"文艺大众化与艺术完整性","小诃","展望","1948","第2卷 第1期","13","南京"
"韩国统一运动的教训","张东荪","展望","1948","第2卷 第1期","2","南京"
"民主世界:复旦学生呼吁保障人权","杨微","展望","1948","第2卷 第1期","7","南京"
"噩梦重温(一周经济展望)","柏苍","展望","1948","第2卷 第23期","8-9","南京"
"周末专栏:济南之失(外三章)","仲亨","展望","1948","第2卷 第20期","8-9","南京"
"东南亚大局一席谈","潘光祖","展望","1948","第2卷 第20期","3-4","南京"
"文化广播:美国名记者赛尔提斯……","展望","1948","第2卷 第2期","4",NA,"南京"
"周末漫笔:“苦撑待变”","仲亨","展望","1948","第2卷 第15期","14","南京"
"混水摸鱼的战术(一周经济展望)","文青","展望","1948","第2卷 第15期","7，5","南京"
"来函:编辑先生:奉读贵刊第二卷第九期所载……","展望","1948","第2卷 第11期","15",NA,"南京"
"北方在变!","陈仁炳","展望","1948","第2卷 第14期","8-9","南京"
"民主世界:港文化界函国内文化界","杨微","展望","1948","第2卷 第3期","10","南京"
"地中海附近的火山","Zinder，H. 王民","展望","1948","第2卷 第2期","12-13","南京"
"烽火燎原话江淮","杜渐","展望","1948","第3卷 第5期","11","南京"
"首都的舆论","严冬","展望","1948","第2卷 第8期","9-10","南京"
"五四感言","静观","展望","1948","第2卷 第1期","封1","南京"
"民主世界:北平学潮中教授的态度","杨微","展望","1948","第2卷 第1期","7","南京"
"工商人物鄷云鹤博士:是云丝的发明人，先进的女工业家(附照片)","岳铎","展望","1948","第2卷 第6期","14-15","南京"
"怎样去启发朋友?","野潮 籁","展望","1948","第2卷 第23期","16","南京"
"美军与青岛","鲁健","展望","1948","第2卷 第21期","12","南京"
"周末漫笔:公用事业涨价","仲亨","展望","1948","第2卷 第15期","14","南京"
"“美国中部两周游记”","甄斯","展望","1948","第3卷 第1期","14","南京"
"周末专栏:和谣又起，据合众社南京十月二十七日电……","仲亨","展望","1948","第3卷 第1期","8","南京"
"学习和读书","心","展望","1948","第3卷 第6期","11-12","南京"
"给理工同学的一封信","袁翰青","展望","1948","第2卷 第5期","3-4","南京"
"民主世界:旅港人士支持华莱士","张仁光","展望","1948","第2卷 第8期","8","南京"
"币制改革的翻案(一周经济展望)","柏苍","展望","1948","第3卷 第3期","4-5","南京"
"文艺漫谈:从“从人民中来，到人民中去”说开","石火","展望","1948","第2卷 第15期","14","南京"
"矛盾与一致(一周政治展望)","章明","展望","1948","第2卷 第14期","5-6","南京"
"怎样看今日的诗风","姚理","展望","1948","第2卷 第14期","14","南京"
"关于全市私小总请假","李青","展望","1948","第3卷 第8期","11-12","南京"
"哀沈阳·念平津:一周战局展望","波光","展望","1948","第3卷 第1期","4-5","南京"
"搞通思想的钥匙","方东旭","展望","1948","第2卷 第6期","13-14","南京"
"民主世界:全运会上大学生高歌","杨微","展望","1948","第2卷 第3期","10","南京"
"记湖南大贪污案","戈龄","展望","1948","第2卷 第19期","11","南京"
"王牌摊出来了!","仲亨","展望","1948","第2卷 第17期","7-8","南京"
"和平之癌","陈子久","展望","1948","第2卷 第4期","4","南京"
"今日的师道","羊城彦","展望","1948","第2卷 第19期","4","南京"
"双十节笔谈:纪念辛亥革命","吴诚夫","展望","1948","第2卷 第21期","2-3","南京"
"烽火江河又一年","杜渐","展望","1948","第2卷 第17期","13","南京"
"论师格","江问渔","展望","1948","第2卷 第17期","3-4","南京"
"风声鹤泪的淮北","杜渐","展望","1948","第2卷 第15期","12-13","南京"
"敬悼赵香宋先生一律，并追记蜀中唱和经过","黄炎培","展望","1948","第2卷 第24期","14","南京"
"记上海的职青晚会","陈砥平","展望","1948","第2卷 第13期","10-11","南京"
"文化广播:茅盾、楼适夷、王任叔……","林","展望","1948","第2卷 第10期","12","南京"
"论杜威之惨败","陈仁炳","展望","1948","第3卷 第2期","2","南京"
"苦难重重的广东","之谷","展望","1948","第2卷 第13期","12","南京"
"周末专栏:保护故都古迹文物","仲亨","展望","1948","第3卷 第8期","3","南京"
"我所知道的盖棺尚待论定的冯玉祥氏","市隐","展望","1948","第2卷 第18期","3-4","南京"
"民主世界:梁秋水给张君劢的公开信","杨微","展望","1948","第2卷 第4期","11","南京"
"“中学生手册”","张敏","展望","1948","第2卷 第12期","12","南京"
"深秋放眼看北方","裴仁","展望","1948","第2卷 第22期","11","南京"
"为勤俭运动进一解","静观","展望","1948","第2卷 第19期","封1","南京"
"一叶知秋话新币(一周经济展望)","林沧白","展望","1948","第2卷 第17期","8","南京"
"苦了!苦了!教师和学生家长","同父","展望","1948","第3卷 第4期","封1","南京"
"一阵迷雾的“和谣”与“改革”(一周政治展望)","张绍贤","展望","1948","第3卷 第2期","5","南京"
"日本政局与美国对日政策(一周国际展望)","丁蕾","展望","1948","第3卷 第5期","2","南京"
"局面临到大变的边缘(一周政局展望)","张绍贤","展望","1948","第3卷 第3期","5","南京"
"“不应小不忍而乱大谋”","鱼忘","展望","1948","第2卷 第23期","3","南京"
"雅典政府的罪行","丁蕾","展望","1948","第2卷 第3期","9","南京"
"挣扎在死亡线上的杭县农民","沙行","展望","1948","第2卷 第19期","13","南京"
"我愿","雁心","展望","1948","第2卷 第6期","15","南京"
"文艺节在香港","林焕平","展望","1948","第2卷 第3期","14","南京"
"面临再造时机的美国","维哲","展望","1948","第2卷 第22期","13-14","南京"
"打虎·捕谍·在重庆","鱼木","展望","1948","第3卷 第2期","11","南京"
"北平的浪潮:(左上)军警拦阻学生队伍:[照片]","展望","1948","第2卷 第8期","10",NA,"南京"
"我写“非孝”的原因和经过(二)","施复亮","展望","1948","第2卷 第23期","15","南京"
"论日本吉田内阁","林焕平","展望","1948","第2卷 第23期","4-5","南京"
"今年纪念“五一”的意义","李筠友","展望","1948","第2卷 第1期","2-3","南京"
"从竟选压轴戏看政局","瑗","展望","1948","第2卷 第1期","6","南京"
"南方的逆流:本刊特约香港通讯","胡光","展望","1948","第2卷 第9期","12","南京"
"香港何处去?","欧阳春","展望","1948","第3卷 第8期","11","南京"
"周末专栏:飞虎将军张开了虎口","仲亨","展望","1948","第3卷 第3期","2","南京"
"美助日兴复工业与进口货减税:对我国工商业之影响","俞寰澄","展望","1948","第2卷 第7期","4","南京"
"艰辛、坚定、不屈地斗争!","夷康","展望","1948","第2卷 第15期","15","南京"
"山西的危局","洪涛","展望","1948","第2卷 第15期","11","南京"
"一个目标·一个方向:一个综合观点的评介","陈仁炳","展望","1948","第2卷 第20期","5-6","南京"
"济南与冀辽(一周战局展望)(附图)","波光","展望","1948","第2卷 第19期","6-8，13","南京"
"周末专栏:谈“无耻的怠工”","仲亨","展望","1948","第3卷 第4期","3","南京"
"由美苏外交到国内时局","陈光","展望","1948","第2卷 第5期","3","南京"
"关于霍夫曼谈话的反响","展望","1948","第3卷 第8期","4-5",NA,"南京"
"新局势中的旧道路(一周政局展望)","张绍贤","展望","1948","第3卷 第8期","4-5","南京"
"民主世界:广州特刑庭消息:连日该庭已根据情报机关移送……","张仁光","展望","1948","第3卷 第1期","7","南京"
"北平教师要活命","金苗","展望","1948","第3卷 第1期","9","南京"
"苦难重重的广东农村(广东通讯)","业同","展望","1948","第3卷 第7期","9","南京"
"民主世界:京沪学生运动两起","杨微","展望","1948","第2卷 第4期","11","南京"
"三吴世家近黄昏","小石","展望","1948","第2卷 第19期","12-13","南京"
"江南秋暮话灾黎","杜渐","展望","1948","第2卷 第23期","11","南京"
"巨响震首都","戴明","展望","1948","第3卷 第8期","8","南京"
"一步紧一步的政治决斗:一周政局展望","章明","展望","1948","第2卷 第8期","7","南京"
"民主世界:他们要的是学校和书籍","杨微","展望","1948","第2卷 第1期","7","南京"
"民主世界:民主势力需要加强团结","杨微","展望","1948","第2卷 第1期","7","南京"
"做事与读书","童乃器","展望","1948","第2卷 第19期","14","南京"
"民主与反民主:国粹一束","张仁光","展望","1948","第3卷 第5期","12","南京"
"文化广播:于斌主教自新生小学事件备受责难后……","郭泉","展望","1948","第3卷 第1期","15","南京"
"多瑙河的浪花","石啸冲","展望","1948","第2卷 第16期","4-5","南京"
"如何拯救文明","陈仁炳","展望","1948","第3卷 第8期","2-3","南京"
"“修正金圆券发行办法”和“修正人民所有金银外币处理办法”底两大错误","夏永忠","展望","1948","第3卷 第4期","2","南京"
"大局逆转看川防","鱼木","展望","1948","第3卷 第7期","10","南京"
"一个战役接着另一个战役(一周战局展望)","波光","展望","1948","第2卷 第11期","5-7","南京"
"论历史的渐变与突变","谢东平","展望","1948","第2卷 第11期","2-3","南京"
"北方在变中","焦尾琴","展望","1948","第3卷 第2期","8","南京"
"北平的浪潮:(中)示威大会:[照片]","展望","1948","第2卷 第8期","10",NA,"南京"
"前进!:[木刻]","刃锋","展望","1948","第2卷 第5期","封1","南京"
"展望四次全国美展","见仁","展望","1948","第2卷 第21期","14","南京"
"都门侧写(一)","谭菠莉","展望","1948","第3卷 第8期","9","南京"
"援助祖国文化运动在南洋","闻鼙","展望","1948","第2卷 第8期","13","南京"
"美援下的晏阳初路线","辛斤","展望","1948","第2卷 第16期","3-4","南京"
"石榴花开看川陕","巴客","展望","1948","第2卷 第7期","10","南京"
"对于南京新民报被处停刊案之最后期望","微生","展望","1948","第2卷 第11期","封1","南京"
"美国扶植日本的步调加紧(一周国际展望)","丁蕾","展望","1948","第3卷 第8期","4","南京"
"决定性的战斗开始了!","仲亨","展望","1948","第2卷 第19期","4","南京"
"迎教师节","若苏","展望","1948","第2卷 第17期","4-5","南京"
"我写“非孝”的原因和经过(三)","施复亮","展望","1948","第2卷 第24期","13","南京"
"反对美国扶日声中，记上海国货展览会:流露了民间厂商的辛酸味(附照片)","岳铎","展望","1948","第2卷 第9期","9-10","南京"
"接连挂起的日本重整军备的红球","孟宪章","展望","1948","第2卷 第4期","6-7","南京"
"西山的消息:本刊特约北平通讯","城北","展望","1948","第2卷 第5期","10","南京"
"“好”和“进步”","杜审言","展望","1948","第2卷 第9期","14","南京"
"外交的新动向","仲亨","展望","1948","第2卷 第16期","8","南京"
"京都急景","谭菠莉","展望","1948","第3卷 第6期","6","南京"
"当我们在荣成湾的时候:“万里轮”遇险记","方瑛","展望","1948","第2卷 第4期","14","南京"
"新疆真的“安全”吗?","欧阳健","展望","1948","第3卷 第5期","6-7","南京"
"抢救危局的途径:一周政局展望","张绍贤","展望","1948","第2卷 第21期","7","南京"
"民主世界:南京讯:立委刘不同氏在大学评论撰文……","张仁光","展望","1948","第2卷 第20期","10-11","南京"
"日货泛滥下的香港工业","白衣","展望","1948","第2卷 第10期","13","南京"
"到民主之路","何公敢","展望","1947","第1卷 第1期","11-13","南京"
"为和平独立而战的越南:越南民主共和国总统胡志明九月十一日广播了","潘朗","展望","1947","第1卷 第1期","19-21","南京"
"为中国问题再忠告美国","张东荪","展望","1947","第1卷 第1期","7-8","南京"
"发刊词:“展望”经过许久艰苦的努力，始于今天与读者见面……","展望","1947","第1卷 第1期","1页",NA,"南京"
"理性民主创造(书评)","罗涵先","展望","1947","第1卷 第1期","22-24","南京"
"美苏关系剖视","李铁民","展望","1947","第1卷 第1期","17-19","南京"
"现阶段的民主运动","章乃器","展望","1947","第1卷 第1期","9-10","南京"
"“进步”的悲剧","学文","展望","1947","第1卷 第1期","22","南京"
"中国经济的新动向","姜庆湘","展望","1947","第1卷 第1期","13-17","南京"
"中国前途的展望","施复亮","展望","1947","第1卷 第1期","3-6，8","南京"
"短評：自己的事自己挺身出來承當","敏","新路周刊","1948","第1卷 第21期","2","北平"
"混合制度與計劃制度中間的選擇","陳振漢","新路周刊","1948","第2卷 第5期","4-10","北平"
"通訊：舉國矚目的江漢戰場（武昌通訊）","新路周刊","1948","第1卷 第16期","14-15",NA,"北平"
"國際問題論壇：如何瞭解戰後蘇聯的行動","翁獨健","新路周刊","1948","第1卷 第24期","7-9","北平"
"通訊：瑞士風光（日內瓦通訊）：新聞自由會議","陳達","新路周刊","1948","第1卷 第4期","16","北平"
"短評：改革案與既得利益","英","新路周刊","1948","第1卷 第18期","1-2","北平"
"新幣制的善後：總答覆：筆者這篇文章倉促寫出後又承徐毓枬劉大中趙守愚……","蔣碩傑","新路周刊","1948","第1卷 第23期","8","北平"
"第三次大戰中國沒有便宜可沾","簫乾","新路周刊","1948","第1卷 第22期","4-5","北平"
"通訊：蔣總統到了北方（天津通訊）","新路周刊","1948","第1卷 第23期","14-16",NA,"北平"
"短評：官商鬬法看誰能制誰","矞","新路周刊","1948","第1卷 第19期","2","北平"
"通訊：中緬邊境勘界側聞（昆明通訊）","慧君","新路周刊","1948","第1卷 第18期","15-16","北平"
"短評：作了一個聰明的擧措以後","競","新路周刊","1948","第1卷 第14期","1","北平"
"通訊：從莫干山至牯嶺（南京通訊）","新路周刊","1948","第1卷 第16期","13-14",NA,"北平"
"短評：冷戰之後是否將有熱戰？","競","新路周刊","1948","第1卷 第13期","1","北平"
"通訊：陝西政海微波蕩漾（西安通訊）","高君","新路周刊","1948","第1卷 第12期","13-14","北平"
"幣制改革案的本質","粟寄滄","新路周刊","1948","第1卷 第20期","8-10","北平"
"短評：迎接政治上新理想的出現","民","新路周刊","1948","第1卷 第13期","1","北平"
"我國新人事法規之制訂","趙德潔","新路周刊","1948","第1卷 第24期","9-10","北平"
"新的孕育：自傳的橫切面","畢基初","新路周刊","1948","第2卷 第4期","19","北平"
"短評：絕望中的殘忍","螢","新路周刊","1948","第1卷 第9期","1","北平"
"論人心浮動","袁方","新路周刊","1948","第1卷 第18期","12-13","北平"
"民主主義的實踐","嚴仁賡","新路周刊","1948","第1卷 第15期","10-11","北平"
"從美蘇換文說起","吳允曾","新路周刊","1948","第1卷 第2期","16-17","北平"
"社會主義下的生產效率：讀劉大中先生“社會主義下的生産政策”後","馬逢華","新路周刊","1948","第1卷 第11期","12","北平"
"華萊士的競選運動","楊生茂","新路周刊","1948","第1卷 第21期","11-12","北平"
"短評：七五事件入處理階段了","振","新路周刊","1948","第1卷 第18期","2","北平"
"辯論：關于美國經濟制度：三、答卓仁：卓仁先生批評美國的自由經濟……","慕真","新路周刊","1948","第1卷 第1期","4-5","北平"
"評農地改革法草案","鄭伯彬","新路周刊","1948","第1卷 第22期","8-9","北平"
"讀者來書：編輯先生：近讀新路一卷二十一期之通訊，有關于冀東見聞一文，其中林西怪現象一段……","開灤一份子","新路周刊","1948","第1卷 第24期","19","北平"
"短評：翁院長染上了濫發文告之病","敏","新路周刊","1948","第1卷 第14期","2","北平"
"經濟制度之選擇","蔣碩傑","新路周刊","1948","第1卷 第3期","6-9","北平"
"短評：史達林的聲明幫了杜魯門一個大忙","新路周刊","1948","第2卷 第1期","3",NA,"北平"
"通訊：水火交侵下的福地（福州通信）","狄雯","新路周刊","1948","第1卷 第9期","18","北平"
"短評：北平七五事件的責任","實","新路周刊","1948","第1卷 第11期","1","北平"
"書評：方生未死之間","似彭","新路周刊","1948","第1卷 第6期","19","北平"
"聯合國美國的犧牲品","蕭乾","新路周刊","1948","第1卷 第5期","10-11","北平"
"短評：立法委員的忿忿，監察委員的哀鳴","矞","新路周刊","1948","第1卷 第24期","2","北平"
"舊話重提財產稅","趙守愚","新路周刊","1948","第1卷 第10期","9-10","北平"
"政府制度化與政治統一基礎","龔祥瑞","新路周刊","1948","第1卷 第8期","8-10","北平"
"專論：我國銀行業的罪惡","喻淦邨","新路周刊","1948","第1卷 第9期","7-8","北平"
"政治責任與蔣總統的錯覺","龔祥瑞","新路周刊","1948","第2卷 第1期","9-11","北平"
"通訊：魯豫走廊之戰（南京通訊）","新路周刊","1948","第1卷 第9期","13-14",NA,"北平"
"騙局，語言，社會","全慰天","新路周刊","1948","第2卷 第5期","12-14","北平"
"辯論：用和平方法能否實現社會主義？：三答負生：我們對於社會主義這個名詞的基本假定……","炳章","新路周刊","1948","第1卷 第6期","4-5","北平"
"通訊：金色的萬花筒（上海通訊）","新路周刊","1948","第1卷 第20期","15-17",NA,"北平"
"通訊：軍事·經濟·黨務（南京通訊）","新路周刊","1948","第1卷 第14期","13-15",NA,"北平"
"通訊：沒有珠兒的算盤（華北通訊）","新路周刊","1948","第1卷 第9期","15-17",NA,"北平"
"朱大爺","高植","新路周刊","1948","第1卷 第7期","19","北平"
"資本形成的途徑：美蘇經濟制度述評之一","吳景超","新路周刊","1948","第2卷 第2期","11-14","北平"
"通訊：美援夢（台北通訊）","法珠","新路周刊","1948","第1卷 第11期","17","北平"
"從法幣的崩溃看金圓券的前途：十月十七日在清華大學演講稿","粟寄滄","新路周刊","1948","第2卷 第1期","11-12","北平"
"通訊：在勞資之間（天津通訊）：在勞資之間","新路周刊","1948","第1卷 第21期","15-16",NA,"北平"
"財產與國家：近代政治思想一種特徵","吳恩裕","新路周刊","1948","第1卷 第4期","5-6","北平"
"新幣制的善後：討論：（三）最後的關鍵在乎政府之覺悟與誠意","蔣碩傑 趙守愚","新路周刊","1948","第1卷 第23期","7-8","北平"
"蘇聯經濟特輯：蘇聯的工業建設與計劃制度","陳振漢","新路周刊","1948","第2卷 第4期","4-8","北平"
"美國大選特輯：杜魯門蟬聯總統的關鍵","樓邦彥","新路周刊","1948","第2卷 第1期","4-5","北平"
"由口左行右所想起的問題","吕克難","新路周刊","1948","第1卷 第11期","8-10","北平"
"通訊：破網的故事","單于越","新路周刊","1948","第1卷 第14期","15","北平"
"通訊：蕭條的序幕（江南通訊）","新路周刊","1948","第1卷 第24期","14-15",NA,"北平"
"短評：反對公用事業加價至戰前標準","驄","新路周刊","1948","第1卷 第17期","2","北平"
"短評：民主社會的輿論：為主張整肅宣傳者進一解","夫","新路周刊","1948","第1卷 第14期","1-2","北平"
"短評：要徵財產稅，先自孔宋起！","余","新路周刊","1948","第1卷 第15期","1","北平"
"短評：耗子的比喻","新路周刊","1948","第2卷 第3期","2",NA,"北平"
"讀日邊隨筆","樂希","新路周刊","1948","第2卷 第5期","18-19","北平"
"傳記的一個嘗試","程雨民","新路周刊","1948","第1卷 第24期","18-19","北平"
"短評：讀翁文灏覆劉不同函","驄","新路周刊","1948","第1卷 第21期","1-2","北平"
"衙門與紳士之間","胡慶鈞","新路周刊","1948","第1卷 第22期","5-8","北平"
"辯論：目前國際局面美蘇應負的責任：答夔公","景明","新路周刊","1948","第1卷 第14期","7","北平"
"琉球羣島的將來","王成組","新路周刊","1948","第1卷 第16期","12","北平"
"短評：救不救“一不能控制其自己人民信仰與效忠的政權”？","雲","新路周刊","1948","第2卷 第4期","1","北平"
"短評：金圓券·行莊放款·和利率","中","新路周刊","1948","第1卷 第17期","1","北平"
"辯論：美蘇和平共處是否可能","越人 純剛","新路周刊","1948","第1卷 第18期","3-8","北平"
"隱士","城北","新路周刊","1948","第1卷 第2期","21-22","北平"
"短評：柏林問題被拖入聯合國","明","新路周刊","1948","第1卷 第23期","1","北平"
"論“一元化”","呂克難","新路周刊","1948","第1卷 第6期","7-8","北平"
"皇權、紳權、民權","胡慶鈞","新路周刊","1948","第1卷 第7期","11-13","北平"
"短評：僅是大皇帝小皇帝之分而已","軒","新路周刊","1948","第1卷 第15期","1","北平"
"從“牛郎織女”看中國社會","全慰天","新路周刊","1948","第1卷 第1期","10-12","北平"
"通訊：轉變中的北方戰場（天津通訊）","遇之","新路周刊","1948","第2卷 第2期","16-17","北平"
"通訊：秋風裏的故都（北平通訊）","新路周刊","1948","第1卷 第24期","13-14",NA,"北平"
"短評：兩件沒有下文底大罪案","實","新路周刊","1948","第1卷 第8期","1","北平"
"書評：走向動態經濟學，Harrod， R.F.","徐毓枬","新路周刊","1948","第2卷 第6期","14-16","北平"
"新金圓券特輯：溫故而知新：物價動態之一種分析","徐毓枬","新路周刊","1948","第2卷 第3期","6-8","北平"
"通訊：百萬大軍戰徐州（北通通訊）","新路周刊","1948","第2卷 第3期","13-14",NA,"北平"
"短評：向英看齊","希","新路周刊","1948","第1卷 第19期","1-2","北平"
"通訊：瑞士風光（日內瓦通訊）：日内瓦市中所見","陳達","新路周刊","1948","第1卷 第4期","16","北平"
"通訊：物價向什麼看齊（北平通訊）","新路周刊","1948","第1卷 第12期","10-12",NA,"北平"
"臨時財產稅行得通嗎？","陳際雲","新路周刊","1948","第1卷 第15期","9-10","北平"
"通訊：中原戰火灼南京（南京通訊）","燕然","新路周刊","1948","第1卷 第9期","14-15","北平"
"論公務員的法律地位與政治權利","樓邦彦 苪沐 趙德潔","新路周刊","1948","第1卷 第17期","3-10","北平"
"短評：預備上幾課？","汝","新路周刊","1948","第1卷 第6期","1","北平"
"一篇詩的毁棄：一個自傳的橫切面","畢基初","新路周刊","1948","第1卷 第23期","18-19","北平"
"桂花林裏","蕭望卿","新路周刊","1948","第2卷 第3期","18-19","北平"
"一個小都市的南角","李瑛","新路周刊","1948","第2卷 第2期","17-19","北平"
"通訊：一幅流民圖（餘杭通信）","陳達","新路周刊","1948","第2卷 第1期","15-17","北平"
"我們的意見：穩定新幣值的有效措拖：金圓券發行的激增已威脅到平民的生活，除“訂貨貸款”外政府應卽“停放封存”，同時發行物價指數債券以吸收遊資","劉大中 陳振漢 吳景超","新路周刊","1948","第1卷 第19期","3","北平"
"皈依的時代","沱水","新路周刊","1948","第1卷 第11期","18-19","北平"
"混合制度與計劃制度中間的選擇：討論：三、社會主義與計劃經濟是可以分開的","陳振漢 吳景超","新路周刊","1948","第2卷 第5期","8-9","北平"
"安全理事會中大國的否决權","李浩培","新路周刊","1948","第1卷 第23期","11-12","北平"
"華萊士悲劇的時代意義","樓邦彦","新路周刊","1948","第2卷 第3期","11-13","北平"
"短評：立法委員的隨聲附和","競","新路周刊","1948","第2卷 第3期","1","北平"
"冲淡通貨膨脹的途徑：兼論張内閣經濟政策","滕茂桐","新路周刊","1948","第1卷 第20期","10-12","北平"
"我們的意見：經濟行政應卽公開：一個考驗政府效率和廉潔程度的具體建議","劉大中 吳景超 翁獨健","新路周刊","1948","第1卷 第15期","2","北平"
"短評：政治破產乃訴請戰爭","敏","新路周刊","1948","第2卷 第6期","1","北平"
"新幣制的善後：正文：（二）善後的辦法","蔣碩傑","新路周刊","1948","第1卷 第23期","4-5","北平"
"詩四首：（四）Pandora","王道乾","新路周刊","1948","第1卷 第12期","16","北平"
"短評：悼朱自清先生","彭","新路周刊","1948","第1卷 第16期","1","北平"
"通訊：翁內閣組成的前因與後果（南京通訊）","新路周刊","1948","第1卷 第5期","15-16",NA,"北平"
"辯論：現行保甲制度應否存在","敦一 靜之","新路周刊","1948","第1卷 第20期","4-7","北平"
"政府怎樣替“特種刑事法庭”辯護","芮沐","新路周刊","1948","第1卷 第3期","12-13","北平"
"詩四首：（二）夏日海濱","王道乾","新路周刊","1948","第1卷 第12期","16","北平"
"繁榮的悲哀","丁忱","新路周刊","1948","第1卷 第8期","7-8","北平"
"短評：限價與物資","梅","新路周刊","1948","第1卷 第23期","1-2","北平"
"論光明面人物的描寫","公盾","新路周刊","1948","第1卷 第4期","17-18","北平"
"蘇聯經濟特輯：蘇聯的農民","Anna L.Strong 全慰天","新路周刊","1948","第2卷 第4期","3-4","北平"
"論作家","公盾","新路周刊","1948","第1卷 第8期","16-18","北平"
"短評：守活寡的大學教育","且","新路周刊","1948","第1卷 第10期","1","北平"
"通訊：徐蚌會戰第二階段（南京通訊）","新路周刊","1948","第2卷 第5期","14-15",NA,"北平"
"通訊：中華萬稅（北平通訊）","新路周刊","1948","第1卷 第15期","13-15",NA,"北平"
"短評：到了乞求的地步，就可不拘泥形式了！","明","新路周刊","1948","第2卷 第3期","1-2","北平"
"短評：皇赫斯怒·為虎傅翼·借影嚇人","振","新路周刊","1948","第1卷 第16期","2","北平"
"通訊：故都初冬卽景（北平通訊）","新路周刊","1948","第2卷 第2期","15-16",NA,"北平"
"通訊：金鈔單幫（上海通訊）","仲臬","新路周刊","1948","第1卷 第4期","15","北平"
"通訊：台北經緯（台北通訊）","新路周刊","1948","第1卷 第8期","13-14",NA,"北平"
"混合制度與計劃制度中間的選擇：總答覆：我的主文成於倉卒，未能廣徵意見。現在承徐毓枬……","陳振漢","新路周刊","1948","第2卷 第5期","9-10","北平"
"混合制度與計劃制度中間的選擇：討論：四、社會主義生產政策的執行和監督","陳振漢 劃大中","新路周刊","1948","第2卷 第5期","9","北平"
"專論：由人性上證明計劃社會的必要","吳恩裕","新路周刊","1948","第1卷 第9期","10-11","北平"
"通訊：氷冷的懷抱（北平通訊）：記東北流亡來平學生的“七，五”慘案","新路周刊","1948","第1卷 第10期","11-13",NA,"北平"
"辯論：蘇聯是否民主？","蜀人 惠君","新路周刊","1948","第1卷 第3期","1-5","北平"
"通訊：瑞士風光（日內瓦通訊）：瑞士的中立問題","陳達","新路周刊","1948","第1卷 第4期","15","北平"
"我們的意見：一個解决大學畢業生失業問題的具體建議","劉大中 王成組 邵循正","新路周刊","1948","第1卷 第12期","2","北平"
"感情、利害、團體","胡慶鈞","新路周刊","1948","第2卷 第6期","8-10","北平"
"通訊：瑞典觀感","新路周刊","1948","第1卷 第1期","16-17",NA,"北平"
"通訊：華北局勢的現階段（北平通訊）","新路周刊","1948","第2卷 第4期","15-16",NA,"北平"
"霽清軒雜記（下）","翰墨","新路周刊","1948","第1卷 第15期","18-19","北平"
"短評：也有光明的地方","明","新路周刊","1948","第1卷 第7期","1","北平"
"通訊：瑞士風光（日內瓦通訊）：會場側影","陳達","新路周刊","1948","第1卷 第4期","16","北平"
"短評：自費留學處理的失當","實","新路周刊","1948","第1卷 第20期","2-3","北平"
"短評：說一件小事","木","新路周刊","1948","第1卷 第15期","1","北平"
"座談“中美關係”","葉景莘 孫毓棠 樓邦彥等","新路周刊","1948","第2卷 第6期","3-6","北平"
"短評：傅將軍面臨一個考驗","敏","新路周刊","1948","第1卷 第11期","1","北平"
"通訊：政情與戰局（南京通訊）","新路周刊","1948","第2卷 第2期","14-15",NA,"北平"
"論守法","呂克難","新路周刊","1948","第2卷 第4期","13-14","北平"
"評幣制改革","朱今吾","新路周刊","1948","第1卷 第18期","9-11","北平"
"不毁滅的背影","沈從文","新路周刊","1948","第1卷 第16期","18-19","北平"
"通訊：洪水冲擊下的漢口（漢口通訊）","新路周刊","1948","第1卷 第13期","16-17",NA,"北平"
"通訊：“一二九”的重演（北平通訊）：反美扶日在北平","新路周刊","1948","第1卷 第6期","13-14",NA,"北平"
"蘇聯經濟特輯：蘇聯的生活程度","吳景超","新路周刊","1948","第2卷 第4期","8-11","北平"
"從朝鮮看美蘇","翁獨健","新路周刊","1948","第1卷 第10期","8-9","北平"
"通訊：北平大捕學生記（北平通訊）","新路周刊","1948","第1卷 第17期","15-16",NA,"北平"
"E.M.福斯特","蕭乾","新路周刊","1948","第1卷 第14期","17-18","北平"
"論敎育的更張","潘光旦 樊際昌 朱光潛","新路周刊","1948","第1卷 第10期","2-7","北平"
"通訊：被圍困中的承德（承德通訊）","新路周刊","1948","第1卷 第7期","14-15",NA,"北平"
"通訊：民主對獨裁（意大利通訊）","陳達","新路周刊","1948","第1卷 第14期","16","北平"
"通訊：宋子文與華南基地（廣州通訊）","新路周刊","1948","第2卷 第6期","11-13",NA,"北平"
"政治責任與責任政治","龔祥瑞","新路周刊","1948","第2卷 第4期","11-13","北平"
"短評：論殉葬","棣","新路周刊","1948","第2卷 第5期","3","北平"
"美國大選特輯：美國大選以後","吳允曾","新路周刊","1948","第2卷 第1期","8","北平"
"通訊：麥克唐納訪華側聞（南京通訊）","新路周刊","1948","第1卷 第9期","12-13",NA,"北平"
"通訊：一個社會學者看東北（瀋陽通信）","陳達","新路周刊","1948","第1卷 第19期","15-16","北平"
"美蘇對外的經濟關係","吳景超","新路周刊","1948","第2卷 第6期","6-8","北平"
"短評：總統夫人也說話了","木","新路周刊","1948","第2卷 第4期","1-2","北平"
"城鄉關係：敵乎？友乎？","袁方","新路周刊","1948","第1卷 第6期","10-12","北平"
"通訊：自由主義者的悲哀（南京通訊）","新路周刊","1948","第2卷 第3期","15-16",NA,"北平"
"通訊：西南一片漲風（重慶通訊）","蘇嵐","新路周刊","1948","第2卷 第1期","17-18","北平"
"大法官的解释權","苪沐","新路周刊","1948","第1卷 第12期","5-6","北平"
"發刊詞：我們這個刊物，是中國社會經濟研究會主辨的……","新路周刊","1948","第1卷 第1期","1",NA,"北平"
"短評：秘密會議·欺蒙·迫害","敏","新路周刊","1948","第1卷 第12期","1","北平"
"談公費","陳浩生","新路周刊","1948","第1卷 第11期","10-12","北平"
"短評：東北的通貨膨脹：新幣制的致命傷","非","新路周刊","1948","第1卷 第20期","1","北平"
"通訊：河西農村的崩潰（蘭州通訊）","谷苞","新路周刊","1948","第1卷 第23期","17-18","北平"
"通訊：風雨江南（上海通訊）：天堂崩潰","新路周刊","1948","第2卷 第3期","14-15",NA,"北平"
"美國扶日聲中論强斯頓報告","周錫卿","新路周刊","1948","第1卷 第12期","3-5","北平"
"準備金多了有什麼用？","劉大中","新路周刊","1948","第1卷 第1期","9-10","北平"
"短評：工業生產總停擺","復","新路周刊","1948","第2卷 第6期","2","北平"
"短評:新閣的施政方針","敏","新路周刊","1948","第1卷 第7期","1","北平"
"通訊：瑞士風光（日內瓦通訊）：日內瓦市的文化事業","陳達","新路周刊","1948","第1卷 第4期","16","北平"
"論壇：論經濟自由","吳景超 徐毓枬 劉大中","新路周刊","1948","第1卷 第21期","3-10","北平"
"短評：必須先坦白承認事實然後才能力謀改善","琴","新路周刊","1948","第1卷 第23期","2","北平"
"文人與文章","楊振聲","新路周刊","1948","第1卷 第12期","16","北平"
"影子","牧野","新路周刊","1948","第1卷 第3期","19","北平"
"通訊：秋高馬肥看東北戰場（瀋陽通訊）","黃炎裔","新路周刊","1948","第1卷 第22期","13-14","北平"
"專論：美國經濟的近景","邢慕寰","新路周刊","1948","第1卷 第9期","8-10","北平"
"通訊：關於李副總統二三事（北平通訊）","城北","新路周刊","1948","第1卷 第11期","13-14","北平"
"通訊：八月秋風話川防（重慶通訊）","竹風","新路周刊","1948","第1卷 第18期","16-17","北平"
"通訊：蔣總統北巡側記（北平通訊）","新路周刊","1948","第1卷 第23期","16-17",NA,"北平"
"通訊：清算東北（天津通訊）","新路周刊","1948","第2卷 第1期","14-15",NA,"北平"
"柏林那趟","蕭乾","新路周刊","1948","第1卷 第1期","18-19","北平"
"V·吳爾芙與婦權主義","蕭乾","新路周刊","1948","第1卷 第20期","21-23","北平"
"法越戰爭的經緯","楊思愼","新路周刊","1948","第1卷 第16期","11-12","北平"
"短評：張副院長的忠實供詞","木","新路周刊","1948","第1卷 第19期","1","北平"
"關於出版法存廢之我見","劉煌","新路周刊","1948","第1卷 第14期","8-9","北平"
"哀念","李蕤","新路周刊","1948","第1卷 第6期","17-18","北平"
"通訊：承德烽火燒到冀東（北平通訊）","新路周刊","1948","第1卷 第7期","15-16",NA,"北平"
"我們的意見：忠告美國政府：扶持日本是不誠、不公、不智的政策，施惠和恫嚇的態度尤非中國人民所能容忍","徐毓枏 戴世光 劉答中","新路周刊","1948","第1卷 第8期","2","北平"
"短評：一副可憐相","菲","新路周刊","1948","第2卷 第2期","2","北平"
"短評：辭職以明責任丈夫之行也","敏","新路周刊","1948","第2卷 第1期","2-3","北平"
"通訊：美援將要“建設”的對象是什麼？（南京通訊）","新路周刊","1948","第1卷 第10期","13-15",NA,"北平"
"混合制度與計劃制度中間的選擇：討論：一、目標與制度之相容性","陳振漢 徐毓枬","新路周刊","1948","第2卷 第5期","7","北平"
"雲南錫礦裡的童奴","喩淦邨","新路周刊","1948","第1卷 第13期","11-12","北平"
"通訊：瑞士風光（日內瓦通訊）：國際勞工局公約實施委員会","陳達","新路周刊","1948","第1卷 第4期","16","北平"
"從國際局面看人口問題","何國樑","新路周刊","1948","第1卷 第23期","9-11","北平"
"通訊：華北試行土地改革（北平通訊）","新路周刊","1948","第1卷 第24期","11-13",NA,"北平"
"通訊：風雨江南（上海通訊）：南京戒嚴","新路周刊","1948","第2卷 第3期","14",NA,"北平"
"通訊：風雨江南（上海通訊）：上海風波","新路周刊","1948","第2卷 第3期","15",NA,"北平"
"通訊：華北屋脊爭奪戰（太原通訊）","新路周刊","1948","第1卷 第12期","8-9",NA,"北平"
"辯論：關于美國經濟制度：四、答慕真：慕真先生列舉數字證明美國工人的生產能力比較任何其他國家爲高……","卓仁","新路周刊","1948","第1卷 第1期","5-6","北平"
"通訊：衞立煌的擔子（瀋陽通訊）","新路周刊","1948","第1卷 第20期","14-15",NA,"北平"
"通訊：在勞資之間（天津通訊）：生產的重要","新路周刊","1948","第1卷 第21期","15",NA,"北平"
"這究竟是什麽政府？","樓邦彥","新路周刊","1948","第2卷 第5期","11-12","北平"
"短評：不誠實的政治之又一例證","平","新路周刊","1948","第1卷 第11期","1","北平"
"通訊：重慶扒手集體自首記（重慶通訊）","彭德漢","新路周刊","1948","第1卷 第11期","16-17","北平"
"短評：從政變到貝奈斯辭職","民","新路周刊","1948","第1卷 第6期","1","北平"
"通訊：關於捷克政變（美國通訊）","新路周刊","1948","第1卷 第2期","19-20",NA,"北平"
"通訊：中央大學的教授們（南京通訊）","新路周刊","1948","第1卷 第6期","16",NA,"北平"
"辯論：用和平方法能否實現社會主義？：二、用和平方法不能實現社會主義","負生","新路周刊","1948","第1卷 第6期","3-4","北平"
"論耕者有其田及有田之後：（甲）本文：一、耕者如何能夠有其田……、（乙）討論：一、據我了解……、（丙）總答復：（一）消滅地主階級，是否公平？……","吳景超 徐毓枬 戴世光","新路周刊","1948","第1卷 第2期","1-8","北平"
"通訊：冀東戰局透視（北平通訊）","新路周刊","1948","第1卷 第15期","12-13",NA,"北平"
"通訊：白山黑水恨綿綿（瀋陽通訊）","新路周刊","1948","第1卷 第16期","15-16",NA,"北平"
"短評：蒲立德來，蔣夫人去，友誼的交流","競","新路周刊","1948","第2卷 第5期","2-3","北平"
"短評：俞鴻鈞總裁言不由衷","辰","新路周刊","1948","第1卷 第12期","1","北平"
"書評：政學罪言","全慰天","新路周刊","1948","第1卷 第12期","18-19","北平"
"通訊：遼陽易手記（瀋陽通訊）","李平明","新路周刊","1948","第1卷 第12期","12-13","北平"
"老鄕親（江行雜記）","艾蕪","新路周刊","1948","第1卷 第5期","19","北平"
"詩四首：（一）香料","王道乾","新路周刊","1948","第1卷 第12期","15","北平"
"如何肅清貪污？","葉景莘","新路周刊","1948","第1卷 第5期","12-14","北平"
"通訊：在城與鄕的對立下（保定通訊）","新路周刊","1948","第1卷 第5期","16-18",NA,"北平"
"辯論：關于美國經濟制度：二、 我厭惡美國的經濟制度","卓仁","新路周刊","1948","第1卷 第1期","4","北平"
"我們的意見：制裁獨佔的立法","邵循正 戴世光 潘光旦","新路周刊","1948","第1卷 第22期","3","北平"
"通訊：晉中平靜無戰事（太原通訊）","新路周刊","1948","第1卷 第19期","11-12",NA,"北平"
"通訊：台灣在今天的地位（台北通訊）","新路周刊","1948","第2卷 第4期","16-17",NA,"北平"
"短評：乾脆重彈舊調，取消偽裝的憲政吧！","競","新路周刊","1948","第2卷 第2期","1-2","北平"
"理想的化身","單復","新路周刊","1948","第2卷 第1期","18-19","北平"
"政治民主與經濟民主","劉大中 蕭乾 翁獨健","新路周刊","1948","第1卷 第13期","2-9","北平"
"蜘蛛和蒼蠅","汪曾祺","新路周刊","1948","第1卷 第10期","19","北平"
"短評：萬方有罪，罪不在朕躬","競","新路周刊","1948","第1卷 第24期","1-2","北平"
"紀念朱自清先生","楊振聲","新路周刊","1948","第1卷 第16期","17-18","北平"
"書評：“全面戰爭與美國憲法”：Edward S.Corwin，Aifred A.Knopf","樓邦彦","新路周刊","1948","第1卷 第4期","18-19","北平"
"辯論：關于美國經濟制度：一、我欣賞美國的經濟制度","慕真","新路周刊","1948","第1卷 第1期","2-4","北平"
"杜甫在梓州閬州","馮至","新路周刊","1948","第1卷 第19期","16-19","北平"
"通訊：魯西豫東大戰縱横談（濟南通訊）","丁汀","新路周刊","1948","第1卷 第11期","14-16","北平"
"通訊：流通券！流通券！（瀋陽通訊）","新路周刊","1948","第1卷 第13期","15-16",NA,"北平"
"經濟學識淺談：社會主義下的生產政策（附表）","劉大中","新路周刊","1948","第1卷 第4期","7-14","北平"
"詩的新方向","袁可嘉","新路周刊","1948","第1卷 第17期","22-23","北平"
"通訊：注視平保戰局發展（北平通訊）","新路周刊","1948","第1卷 第12期","9-10",NA,"北平"
"詩四首：（三）聖奥古斯丁在花園裏","王道乾","新路周刊","1948","第1卷 第12期","16","北平"
"通訊：雨中看美國大選（美國通訊）","蔣恩鈿","新路周刊","1948","第2卷 第3期","17-18","北平"
"通訊：美國對中國的看法（南京通訊）","新路周刊","1948","第1卷 第22期","10-11",NA,"北平"
"從南京到東京（南京通訊）","新路周刊","1948","第1卷 第19期","12-13",NA,"北平"
"通訊：鎳流襲成都（成都通訊）","江漪","新路周刊","1948","第1卷 第20期","17-18","北平"
"公務員保守政府機關機密的責任","趙德潔","新路周刊","1948","第1卷 第20期","13","北平"
"短評：但願長保此聲光","民","新路周刊","1948","第1卷 第8期","1","北平"
"通訊：緊張驚險的南京學潮（南京通訊）","燕然","新路周刊","1948","第1卷 第5期","18","北平"
"短評：中美友誼的考驗","敏","新路周刊","1948","第1卷 第6期","1","北平"
"短評：養閑與捧場","希","新路周刊","1948","第1卷 第7期","1","北平"
"通訊：瑞士风光（日内瓦通訊）：瑞士人的富庶","陳達","新路周刊","1948","第1卷 第4期","15","北平"
"通訊：瑞士風光（日內瓦通訊）：瑞士對於世界的貢献","陳達","新路周刊","1948","第1卷 第4期","15-16","北平"
"短評：甚麽都可要，甚麽都可分！","木","新路周刊","1948","第1卷 第9期","1","北平"
"辯論：目前國際局面美蘇應負的責任：（一）美國應負更多的責任","夔公","新路周刊","1948","第1卷 第14期","3-4","北平"
"辯論：用和平方法能否實現社會主義？：四答炳章：炳章先生這篇“用和平方法能實現社會主義”中，有許多值得注意的論據……","負生","新路周刊","1948","第1卷 第6期","5-6","北平"
"通訊：鄂南農村（武昌通訊）","新路周刊","1948","第1卷 第1期","15-16",NA,"北平"
"書評：婚姻向何處去？：生育制度，費孝通著","吳景超","新路周刊","1948","第1卷 第1期","20-22","北平"
"短評：誰敢擔保此中無陰謀","振","新路周刊","1948","第1卷 第22期","1","北平"
"通訊：暹羅排華紀實（曼谷通訊）","遲玉","新路周刊","1948","第1卷 第22期","14-15","北平"
"短評：卡寳德的謬論","明","新路周刊","1948","第1卷 第5期","1","北平"
"附錄：中國社會經濟研究會的初步主張","新路周刊","1948","第1卷 第1期","23",NA,"北平"
"通訊：民主在清華園（清華園通訊）","新路周刊","1948","第1卷 第1期","13-14",NA,"北平"
"短評：蔣經國打虎","敏","新路周刊","1948","第1卷 第20期","3","北平"
"菜市","李瑛","新路周刊","1948","第1卷 第22期","18-19","北平"
"短評：符咒失靈","軒","新路周刊","1948","第1卷 第22期","1-2","北平"
"通訊：內戰局勢可能的發展（南京通訊）","新路周刊","1948","第1卷 第3期","14-16",NA,"北平"
"通訊：長春、瀋陽、錦州（東北通訊）","新路周刊","1948","第1卷 第3期","16-17",NA,"北平"
"私有財產與公有財產：美蘇經濟制度述評之一","吳景超","新路周刊","1948","第1卷 第15期","3-6","北平"
"邊沁(Jeremy Bentham)二百年祭","潘光旦","新路周刊","1948","第1卷 第2期","9-11","北平"
"自由何以生不住根","吕克難","新路周刊","1948","第1卷 第17期","11-12","北平"
"短評：從英美撤僑說起","實","新路周刊","1948","第2卷 第4期","2","北平"
"短評：司徒大使的聲明","虁","新路周刊","1948","第1卷 第6期","1","北平"
"通訊：從動盪到窒息的水城（濟南通訊）","丁汀","新路周刊","1948","第1卷 第7期","17-18","北平"
"論我國今後的人口政策","戴世光 陳達 趙守愚","新路周刊","1948","第1卷 第5期","2-9","北平"
"杜魯門主義與美國對日政策","汪瑄","新路周刊","1948","第1卷 第5期","11-12","北平"
"選擇和犧牲","王傳綸","新路周刊","1948","第1卷 第3期","10-12","北平"
"短評：這一預謀殺人的戒嚴令！","吉","新路周刊","1948","第1卷 第20期","2","北平"
"通訊：河西：農民的地獄（山丹通訊）","谷苞","新路周刊","1948","第1卷 第19期","14","北平"
"國際問題論壇：從日本政局論到中國對日關係","王鐵崖","新路周刊","1948","第1卷 第24期","3-5","北平"
"國際問題論壇：三年來美國的外交","吳允曾","新路周刊","1948","第1卷 第24期","5-7","北平"
"短評：民青兩黨可以休矣！","木","新路周刊","1948","第1卷 第5期","1","北平"
"家庭與個人職業","吳景超","新路周刊","1948","第1卷 第13期","10-11","北平"
"通訊：動蕩中的長春市（長春通訊）","葉舟","新路周刊","1948","第1卷 第2期","18","北平"
"新幣制的善後：正文：（一）新幣制的失敗","蔣碩傑","新路周刊","1948","第1卷 第23期","3-4","北平"
"通訊：人民過這樣的日子（華北通訊）","新路周刊","1948","第1卷 第6期","14-15",NA,"北平"
"專論：强國與富國","徐毓枬","新路周刊","1948","第1卷 第7期","9-11","北平"
"短評：賤買貴賣的政策","余","新路周刊","1948","第2卷 第6期","2","北平"
"通訊：小休局面的華北情勢（北平通訊）","新路周刊","1948","第1卷 第17期","16-18",NA,"北平"
"新幣制的善後：討論：（二）善後辦法的程序和嚴弛","蔣碩傑 劉大中","新路周刊","1948","第1卷 第23期","7","北平"
"通訊：東西文化的橋梁（土耳其通訊）","陳達","新路周刊","1948","第1卷 第10期","17-18","北平"
"通訊：長春來客一席談（錦州通訊）","沈音","新路周刊","1948","第1卷 第20期","18-19","北平"
"通訊：長沙在沉淪中（長沙通訊）","戈歌","新路周刊","1948","第1卷 第9期","17-18","北平"
"辯論：目前國際局面美蘇應負的責任：答景明","夔公","新路周刊","1948","第1卷 第14期","6-7","北平"
"短評：經濟危機已不是經濟措施所能解除的了！","石","新路周刊","1948","第2卷 第5期","1","北平"
"辯論：一夫一妻制是否可以長久維持","坎侯 念福","新路周刊","1948","第1卷 第11期","2-8","北平"
"中國、交通、農民三行的商股是否應行收歸國有","劉大中 滕茂桐","新路周刊","1948","第1卷 第19期","4-7","北平"
"新金圓券特輯：幣值與幣信：論金圓券發行辦法的改修","戴世光","新路周刊","1948","第2卷 第3期","5-6","北平"
"“財政經濟補充辦法”之再補充","胡寄牕","新路周刊","1948","第2卷 第2期","8-10","北平"
"美國大選特輯：美國大選與外交","王鐵崖","新路周刊","1948","第2卷 第1期","6-7","北平"
"新金圓券特輯：金圓的新改革和舊教訓","趙守愚","新路周刊","1948","第2卷 第3期","3-4","北平"
"辯論：現政府是否有改善的希望","蒙毅 歷寒","新路周刊","1948","第1卷 第9期","2-5","北平"
"通訊：返歸祖國後的台灣（台北通訊）","牟贊平","新路周刊","1948","第1卷 第10期","16-17","北平"
"通訊：“湘人治湘”的前後（長沙通訊）","歷民","新路周刊","1948","第1卷 第17期","20-21","北平"
"專論：公欵、國家銀行、與物價漲風","滕茂桐","新路周刊","1948","第1卷 第9期","6-7","北平"
"蛻變中的中國市鎭","劉世海","新路周刊","1948","第1卷 第12期","6-7","北平"
"書評：詹姆士掌故錄","蕭乾","新路周刊","1948","第1卷 第12期","17-18","北平"
"短評：打内戰為的是要完成民族主義？","競","新路周刊","1948","第1卷 第24期","1","北平"
"通訊：“救濟特捐”在北平（北平通訊）","新路周刊","1948","第1卷 第8期","14-15",NA,"北平"
"通訊：天堂噩夢（江南通訊）","史班","新路周刊","1948","第1卷 第17期","18-20","北平"
"通訊：珠江河畔夏景（廣州通訊）","穗人","新路周刊","1948","第1卷 第16期","16-17","北平"
"人的制度與制度的人","樓邦彦","新路周刊","1948","第1卷 第14期","9-10","北平"
"通訊：從熱西到平津（承德通訊）","陳一","新路周刊","1948","第1卷 第15期","15-17","北平"
"農村紳士的合作與衝突","胡慶鈞","新路周刊","1948","第1卷 第15期","6-8","北平"
"通訊：萊普漢北來的任務（北平通訊）","新路周刊","1948","第1卷 第13期","13-14",NA,"北平"
"通訊：華北東北之間（北平通訊）","新路周刊","1948","第1卷 第14期","12-13",NA,"北平"
"改革幣制法案的檢討","劉大中","新路周刊","1948","第1卷 第16期","8-10","北平"
"通訊：七月·關東·衛立煌（瀋陽通信）","黄炎裔","新路周刊","1948","第1卷 第10期","15-16","北平"
"施與受施：論美援協定","周炳琳","新路周刊","1948","第1卷 第10期","10-11","北平"
"斯揣克對日賠償報告的檢討","周錫卿","新路周刊","1948","第1卷 第8期","3-6","北平"
"辯論：目前國際局面美蘇應負的責任：（二）蘇聯應負更多的責任","景明","新路周刊","1948","第1卷 第14期","4-6","北平"
"辯論：社會主義的經濟是否需要計劃","負生 春生","新路周刊","1948","第1卷 第16期","3-7","北平"
"通訊：天山南北（通化通訊）","陳執","新路周刊","1948","第1卷 第18期","14-15","北平"
"當前中國的行憲問題","樓邦彥","新路周刊","1948","第1卷 第1期","7-8","北平"
"通訊：瑞士風光（日內瓦通訊）：日内瓦湖","陳達","新路周刊","1948","第1卷 第4期","16","北平"
"通訊：在勞資之間（天津通訊）：高工資政策","新路周刊","1948","第1卷 第21期","15",NA,"北平"
"書評：當代中國實業人物誌：徐盈著","少若","新路周刊","1948","第1卷 第8期","18-19","北平"
"短評：總統有命·政院有令·地方遂“執法以繩”","敏","新路周刊","1948","第1卷 第17期","2","北平"
"混合制度與計劃制度中間的選擇：討論：二、社會主義與價格機構","陳振漢 蔣碩傑","新路周刊","1948","第2卷 第5期","7-8","北平"
"短評：和平不限於對外","敏","新路周刊","1948","第1卷 第8期","1","北平"
"論性格與階級","全慰天","新路周刊","1948","第1卷 第17期","12-14","北平"
"短評：新鈔問世","汝","新路周刊","1948","第1卷 第16期","1-2","北平"
"辯論：美國前途的展望","諤士 華人","新路周刊","1948","第2卷 第2期","3-7","北平"
"通訊：東北敦刻爾克的幻滅（北平通訊）","新路周刊","1948","第2卷 第1期","13-14",NA,"北平"
"教育的濫用","楊人楩","新路周刊","1948","第2卷 第3期","9-10","北平"
"物價上漲何時了","戴世光","新路周刊","1948","第1卷 第14期","10-11","北平"
"霽清軒雜記（上）","翰墨","新路周刊","1948","第1卷 第14期","18-19","北平"
"中國工業化的資本問題","吳景超 丁忱 谷春帆","新路周刊","1948","第1卷 第7期","2-8","北平"
"短評：誰是物價漲風的罪魁禍首？","琴","新路周刊","1948","第1卷 第9期","1","北平"
"訓練服務和研究","林耀華","新路周刊","1948","第1卷 第6期","8-10","北平"
"日本賠償問題的總檢討","吳鐸","新路周刊","1948","第1卷 第4期","2-5","北平"
"短評：從新閣難產說起","敏","新路周刊","1948","第1卷 第5期","1","北平"
"潛能與領導","龔祥瑞","新路周刊","1948","第1卷 第2期","14-16","北平"
"如何研究中國經濟問題","谷春帆","新路周刊","1948","第1卷 第2期","12-13","北平"
"車上","蕭輝楷","新路周刊","1948","第1卷 第18期","18-19","北平"
"通訊：美援姗姗來遲（南京通訊）","新路周刊","1948","第2卷 第5期","15-17",NA,"北平"
"通訊：記北平經濟檢查的突擊（北平通訊）","新路周刊","1948","第1卷 第21期","16-17",NA,"北平"
"書評：“現代社會的診斷”","蘇汝江","新路周刊","1948","第1卷 第22期","16-17","北平"
"本刊對于“嚴重警告”的答覆","新路周刊","1948","第2卷 第1期","1",NA,"北平"
"斑鳩","汪曾祺","新路周刊","1948","第1卷 第9期","19","北平"
"短評：新金圓券發行總額的規定","復","新路周刊","1948","第1卷 第17期","1","北平"
"物價與薪工","余才友","新路周刊","1948","第1卷 第18期","11-12","北平"
"通訊：七月流火話錦城（成都通訊）","晏生","新路周刊","1948","第1卷 第15期","17","北平"
"通訊：熱西在飢餓中（承德通訊）","陳一","新路周刊","1948","第1卷 第13期","17-18","北平"
"通訊：看徐可亭的財經大道怎麽走？（南京通訊）","歐陽山","新路周刊","1948","第2卷 第4期","17-18","北平"
"通訊：遠東經濟委員會點滴（印度通信）","之萬","新路周刊","1948","第1卷 第12期","14-15","北平"
"通訊：從濟南攻防戰看全局（南京通訊）","新路周刊","1948","第1卷 第21期","14-15",NA,"北平"
"我們的意見：還我言論自由","劉大中 徐毓枬 潘光旦","新路周刊","1948","第1卷 第4期","1","北平"
"短評：看你有無勇氣向源頭上追問","非","新路周刊","1948","第2卷 第1期","2","北平"
"通訊：共軍能否渡江？（江南通訊）","史班","新路周刊","1948","第1卷 第7期","16-17","北平"
"短評：英國消滅貧窮的新努力","彭","新路周刊","1948","第1卷 第10期","1","北平"
"通訊：秋風蕭颯中的華北三戰場（北平通訊）","新路周刊","1948","第1卷 第22期","11-13",NA,"北平"
"通訊：豫哭訴團的最後一柱香（開封通訊）","新路周刊","1948","第1卷 第8期","11-13",NA,"北平"
"郊外聞飛機聲有感","馮至","新路周刊","1948","第1卷 第13期","19","北平"
"讀者來書一個青年的共鳴：編輯先生：在報紙上看見了貴會的成立和工作……","何鍾斌","新路周刊","1948","第1卷 第2期","23","北平"
"申論自由主義","吕克難","新路周刊","1948","第1卷 第21期","12-13","北平"
"短評：文過飾非，殘民以逞，莫此為甚","芸","新路周刊","1948","第2卷 第2期","1","北平"
"通訊：台糖的紐結（台北通訊）","志家","新路周刊","1948","第1卷 第18期","17-18","北平"
"通訊：四方風雨會古城（北平通訊）","新路周刊","1948","第2卷 第6期","10-11",NA,"北平"
"通訊：星洲的表面與內層（星加坡通信）","陳伶","新路周刊","1948","第1卷 第20期","20","北平"
"通訊：台灣近情（台北通訊）","新路周刊","1948","第2卷 第5期","17-18",NA,"北平"
"經濟改革與物價指數證券","胡寄牕","新路周刊","1948","第1卷 第19期","8-10","北平"
"辯論：用和平方法能否實現社會主義？：一、用和平方法能實現社會主義","炳章","新路周刊","1948","第1卷 第6期","2-3","北平"
"通訊：故都初夏（北平通訊）","新路周刊","1948","第1卷 第3期","17-18",NA,"北平"
"通訊：廣西西南部的鴉片味（邕寜通訊）","新路周刊","1948","第1卷 第24期","17",NA,"北平"
"通訊：冀北見聞（唐山通訊）：一、糜爛的唐山市……","李日中","新路周刊","1948","第1卷 第21期","17-18","北平"
"通訊：煙月茫茫話南朝（南京通訊）","歐陽山","新路周刊","1948","第2卷 第6期","13-14","北平"
"通訊：閩政一瞥（福州通訊）","新路周刊","1948","第1卷 第24期","16",NA,"北平"
"短評：“經濟天地”中的圈兒","廉","新路周刊","1948","第1卷 第22期","2","北平"
"通訊：濟南失守以後（南京通訊）","新路周刊","1948","第1卷 第23期","13-14",NA,"北平"
"短評：究竟誰對誰負責？","木","新路周刊","1948","第1卷 第21期","1","北平"
"詩三首：（一）香港、（二）北平、（三）時感","袁可嘉","新路周刊","1948","第1卷 第21期","19","北平"
"新幣制的善後：討論：（一）物資與幣制善後","蔣碩傑 徐毓枬","新路周刊","1948","第1卷 第23期","6-7","北平"
"通訊：華南寶島瓊崖（海口通訊）","新路周刊","1948","第2卷 第3期","16-17",NA,"北平"
"短評：鴕鳥埋頭的老故事","蒙","新路周刊","1948","第2卷 第1期","2","北平"
"短評：又是一批大額關金券","梅","新路周刊","1948","第1卷 第12期","1","北平"
"短評：“職業學生”的尊號不要輕易授人","敏","新路周刊","1948","第1卷 第10期","1","北平"
"美國文藝的後顧與前瞻（上）","陳石湘","新路周刊","1948","第2卷 第6期","16-19","北平"
"一次工作检查的实施:律务:守岗位·尽本位","邵景康","中建","1946","第13期","8","上海"
"关于江苏干训团:参加江苏省干训团工作报告","何肫林","中建","1946","第2期","12-13","上海"
"三十五年中的一件事:工作:折中意见","中建","1946","第14期","6-7",NA,"上海"
"我在当前最须解决的一个问题:问题的提出:忧郁化为进步的动力","周公南","中建","1946","第11期","6-7","上海"
"把握地方工作的性质立场和态度:检查工作·体认经验:行得通，才是示范","中建","1946","第7期","3",NA,"上海"
"信箱:不曾打算“心力经济”、广播“中建”的种籽","中建","1946","第10期","14-15",NA,"上海"
"国庆集:感想与希望:国庆谈勇","张永久","中建","1946","第10期","6","上海"
"工作报告:首都四个月:几项任务、工作条件、经过纪实","张霞飞","中建","1946","第14期","12-13","上海"
"嵊泗纪行(旅行通讯)","唐思礼","中建","1946","第5期","16","上海"
"中建内外:集会与人事","中建","1946","第14期","15",NA,"上海"
"生活片断:贷学金的启示","赵志华","中建","1946","第8期","14","上海"
"生活片断:从农场到土地:一页并没有记录的记录","金大均","中建","1946","第11期","14-15","上海"
"读书报告:二十年来的苏联","王觉源 何肫林","中建","1946","第3期","13-14","上海"
"同人创作:公私法人之法定代理人浅释","邵景康","中建","1946","第6期","10-11","上海"
"一次工作检查的实施:一般:从进修做起","高祖文","中建","1946","第13期","4-5","上海"
"中建内外:工作检查","中建","1946","第14期","14",NA,"上海"
"三十五年中的一件事:工作:为基地工作奋斗","顾佩之","中建","1946","第14期","8","上海"
"三十五年中的一件事:个人:要一个“舵”!","马碧莲","中建","1946","第14期","4","上海"
"抛锚途中","何肫林","中建","1946","第5期","15","上海"
"社务的报导社员的动态:中建内外:事业新态","中建","1946","第2期","13-14",NA,"上海"
"国庆集:感想与希望:三点愿望","梁文元","中建","1946","第10期","5-6","上海"
"国庆集:八年中的一页:意外的变端","何肫林","中建","1946","第10期","8-9","上海"
"信箱:有些青年朋友投函本社王理事长，内容和要求","中建","1946","第4期","8",NA,"上海"
"中建内外:社务的报导社员的动态:人与事的动态","中建","1946","第3期","9",NA,"上海"
"推展工作论:理论·人才·事业、点·线·面、三种基本精神(福斯的精神、主动的精神、学习的精神)、三项技术原则(确立制度、健全组织、强化纪律)","王艮仲","中建","1946","第10期","2-4","上海"
"社务的报导社员的动态:中建内外:悼唁","中建","1946","第12期","15",NA,"上海"
"信箱:在行动中间站拢来","中建","1946","第8期","13",NA,"上海"
"社务的报导社员的动态:中建内外:人与事的动态","中建","1946","第2期","14",NA,"上海"
"进修会:怎样清除消极?:自我检讨","中建","1946","创刊号","3-4",NA,"上海"
"我看浦东","中建","1946","第2期","7",NA,"上海"
"创造与服务","陈立夫","中建","1946","第4期","4","上海"
"生活片段:大学生的苦闷","顾家樑","中建","1946","第3期","10-11","上海"
"信箱:关于地方工作","中建","1946","第14期","15",NA,"上海"
"信箱:中建不能关门","中建","1946","第8期","12",NA,"上海"
"看向“中建农场”:(二)书面意见的提出","中建","1946","第4期","6-8",NA,"上海"
"中建内外:社务的报导社员的动态:工作进展","中建","1946","第7期","14",NA,"上海"
"中建内外:广播、工作进展、集会与演讲、人与事的动","中建","1946","第11期","8-9",NA,"上海"
"中建精神发凡","中建","1946","第9期","2-3",NA,"上海"
"三十五年中的一件事:个人:自学的起步","潘静","中建","1946","第14期","6","上海"
"胜利日:转变用力的方向","陈梅卿","中建","1946","第8期","11","上海"
"我在当前最须解决的一个问题:问题的提出:建筑“社会的”家庭","陈士华","中建","1946","第11期","5-6","上海"
"工作第一!","中建","1946","第10期","1",NA,"上海"
"生活片断:生活的感悟:从头做起","钱晓义","中建","1946","第9期","13","上海"
"国庆集:为国庆而歌·在国庆矢誓!","王艮仲","中建","1946","第10期","5","上海"
"生长中的浦建:业务进展:交通事业部","中建","1946","第12期","13",NA,"上海"
"生长中的浦建:财务状况","中建","1946","第12期","13",NA,"上海"
"生活片断:工作前线:找事做","邹云涛","中建","1946","第9期","12-13","上海"
"生活片断:一切为团体","何肫林","中建","1946","第8期","14","上海"
"把握地方工作的性质立场和态度:工作态度的新提示:服务必须站在前面","中建","1946","第7期","4-5",NA,"上海"
"从学习中吸取养料，从生活中积蓄活力:生活片断:看向中国·为了工作","中建","1946","第7期","10",NA,"上海"
"社务的报导社员的动态:中建内外:事业了望:经济事业","中建","1947","第2卷 第6期","15",NA,"上海"
"壁报的发行及其它:关于“大家看”的赘补","宋宝山","中建","1947","第2卷 第11期","8-11","上海"
"中建内外:基地动态:创建乡工模范","中建","1947","第2卷 第11期","12",NA,"上海"
"社务的报导社员的动态:中建内外:事业了望:人与事之动","中建","1947","第2卷 第6期","15",NA,"上海"
"临别寄语","赵志华","中建","1947","第2卷 第5期","14-15","上海"
"成功的力量","中建","1947","第19期","1",NA,"上海"
"“事”与“任”","中建","1947","第22期","1",NA,"上海"
"中建内外:基地工作","中建","1947","第22期","8-9",NA,"上海"
"对中建农场的意见","中建","1947","第21期","10-11",NA,"上海"
"普陀夜航(旅行随笔)","邵秉铨","中建","1947","第2卷 第6期","16","上海"
"中建内外:在农场:集体性进步","中建","1947","第2卷 第5期","6",NA,"上海"
"看嵊泗渔区","骆负华","中建","1947","第16期","9","上海"
"通讯:太平洋上(四)","赵志华","中建","1947","第2卷 第12期","12","上海"
"中建农场的问题","周文麟","中建","1947","第2卷 第6期","4-5","上海"
"怎样坚持事业的奋斗","王艮仲","中建","1947","第2卷 第6期","2-3","上海"
"工作纵横:垅中陌上(九)","金大均","中建","1947","第2卷 第5期","8-9","上海"
"渔船的分类和认识(工作经验)","程梯云","中建","1947","第19期","14-15","上海"
"中建内外:基地近态","中建","1947","第23期","8-9",NA,"上海"
"社务的报导社员的动态:中建内外:新年同业","中建","1947","第16期","15",NA,"上海"
"学校生活片断(三):一个“中建自助生”的日记","朱哈娜","中建","1947","第2卷 第3期","16","上海"
"中建内外:农场纪实:病害警报","中建","1947","第2卷 第4期","9",NA,"上海"
"一个事业团体的进路:对于“中建”健全工作和发展事业的意见:内部技术:人事","顾佩之","中建","1947","第15期","5-6","上海"
"中建内外:基地动态:合作","中建","1947","第2卷 第14期","14",NA,"上海"
"农村建设的几个问题:中建农场的工作要求·兼答关心农场事业的朋友们:基地工作原则的体认","中建","1947","第2卷 第2期","2",NA,"上海"
"五·一发见人性的日子!:纪念劳动节专页:避免历史的曲折","沈定一","中建","1947","第23期","8","上海"
"海蛰的制造","洪步蟾","中建","1947","第2卷 第12期","7-10","上海"
"中建内外:集会与人事","中建","1947","第21期","15",NA,"上海"
"垅中陌上:工作纵横","金____","中建","1947","第21期","10-11","上海"
"中建社三十五年主要工作简表:[表格]","中建","1947","第20期","30-31",NA,"上海"
"健全工作的几个要点","王艮仲","中建","1947","第21期","3","上海"
"团体的精神建设:精神力量的重要性、它的培养·持续·发展、抱负与决心、生活的革新、建设团体的先决条件—精神建设","顾蓉君","中建","1947","第21期","4-5","上海"
"社务的报导社员的动态:中建内外:年终考绩","中建","1947","第17期","12",NA,"上海"
"中建内外:三周纪念会","中建","1947","第21期","14",NA,"上海"
"生活笔谈:爱—何从而生?:博大的胸襟","姚志英","中建","1947","第17期","15","上海"
"生活笔谈:爱—何从而生?:热爱人生","金大__","中建","1947","第17期","15","上海"
"为中建而歌","顾佩之 朱树锦 周公南","中建","1947","第20期","32","上海"
"修养两题:干涉和推动、自责与自解","王艮仲","中建","1947","第17期","12-13","上海"
"中建内外:进修会","中建","1947","第2卷 第5期","7",NA,"上海"
"生活笔谈:交友之道:友谊的基础","陈涛","中建","1947","第22期","15","上海"
"生活笔谈:交友之道:真·助·谅","张永久","中建","1947","第22期","15","上海"
"实际主义的作风","中建","1947","第23期","1",NA,"上海"
"学校生活片断(八):一个“中建自助生”的日记","朱哈娜","中建","1947","第2卷 第10期","16","上海"
"五·一发见人性的日子!:纪念劳动节专页:做怎样的人?","陈梅卿","中建","1947","第23期","8","上海"
"中建内外:农场纪实:实习与参观","中建","1947","第2卷 第4期","9",NA,"上海"
"团体读物与团体教育:“中建”考评、教育·宣传—两条路线的抉择、“团体教育”进路","王艮仲","中建","1947","第24期","2-3","上海"
"略谈农业推广","钱光宙","中建","1947","第24期","5","上海"
"中建内外:团体了望:喜讯","中建","1947","第2卷 第10期","13",NA,"上海"
"营养事业论","陆麟勋","中建","1947","第2卷 第11期","2-3","上海"
"联络机构的事务联络","顾佩之","中建","1947","第2卷 第9期","10-11","上海"
"怎样坚持我们的进修:动摇原因分析、坚持进修之路","沈定一","中建","1947","第22期","8","上海"
"中建内外:团体了望:事业的谢忱","中建","1947","第2卷 第8期","15",NA,"上海"
"垅中陌上(八)","金大均","中建","1947","第2卷 第4期","12-13","上海"
"中建内外:进修会","中建","1947","第2卷 第9期","15",NA,"上海"
"为事业而奋斗的过程中:“中建社”在抗战期间的点点滴滴:未完成的新村:目的有动机、岁暮苦旅、业山异域、为胜利所夭折了","潘子平","中建","1947","第20期","22-23","上海"
"为事业而奋斗的过程中:“中建社”在战期间的点点滴滴:横贯大江南部的旅行:事·时·地·人、片断的回忆、回顾与前瞻","陈仲期","中建","1947","第20期","27","上海"
"进修讲座:民主政治的目的和方法","邹文海","中建","1947","第2卷 第9期","4-5","上海"
"风和水:外海杂记之三","程梯云","中建","1947","第22期","16","上海"
"中建内外:事业线上:进修与集会","中建","1947","第2卷 第1期","9",NA,"上海"
"中建内外:人与事的动","中建","1947","第15期","31",NA,"上海"
"接运木材记","方竹平","中建","1947","第23期","10-13","上海"
"农村工作一得","冷御秋","中建","1947","第24期","4","上海"
"中建内外:基地动态:社会","中建","1947","第2卷 第9期","15",NA,"上海"
"中建内外:基地活动","中建","1947","第15期","30",NA,"上海"
"中建内外:在农场:准备新工作","中建","1947","第2卷 第9期","14",NA,"上海"
"泗礁:外海采风录之三","程梯云","中建","1947","第15期","32","上海"
"我在中建农场","中建","1947","第16期","8",NA,"上海"
"中建内外:进修会","中建","1947","第2卷 第10期","13",NA,"上海"
"生活笔谈:怎样利用闲暇:凝想著下一刻","顾佩之","中建","1947","第16期","14","上海"
"“新浦东报”在浦东","宋宝山","中建","1947","第16期","10","上海"
"现阶段的地方建设工作:王理事长在“浦协”会员大会的讲话:克服危机·急速转向:发挥工作，致其服务","中建","1947","第17期","5",NA,"上海"
"现阶段的地方建设工作:王理事长在“浦协”会员大会的讲话:从实践中看工作:英雄主义在抬头","中建","1947","第17期","4",NA,"上海"
"现阶段的地方建设工作:王理事长在“浦协”会员大会的讲话:从实践中看工作:组织力量脆弱了","中建","1947","第17期","4-5",NA,"上海"
"一个事业团体的进路:对于“中建”健全工作和发展事业的意见:业务建置:函授学校","姚志英","中建","1947","第15期","10","上海"
"青沙剪影","程梯云","中建","1947","第16期","16","上海"
"三宝记","程梯云","中建","1947","第16期","16","上海"
"现阶段的地方建设工作:王理事长在“浦协”会员大会的讲话:组织的性质:中建的扩大","中建","1947","第17期","2",NA,"上海"
"合作概论:什么是合作、合作的发生发展与转化、中国合作经济的前途","中建","1947","第20期","6-7",NA,"上海"
"现阶段的地方建设工作:王理事长在“浦协”会员大会的讲话:两大任务:推动整个改革","中建","1947","第17期","3",NA,"上海"
"一学期来:对“中建自助生”的勉期:理想的学习生活、考察考查办法待改进、一个重要的改变","王艮仲","中建","1947","第19期","11-13","上海"
"中建内外:团体了望:喜讯","中建","1947","第2卷 第12期","15",NA,"上海"
"中建内外:广播","中建","1947","第15期","30",NA,"上海"
"中建工作者(人物特写):邹云涛","中建","1947","第15期","30-31",NA,"上海"
"把握主动性","中建","1947","第2卷 第14期","1",NA,"上海"
"团体生活的锻炼","中建","1947","第2卷 第2期","1",NA,"上海"
"学校生活片断(一):一个“中建自助生”的日记","朱哈娜","中建","1947","第2卷 第1期","16","上海"
"中建内外:团体了望:经济业务","中建","1947","第2卷 第14期","15",NA,"上海"
"中建内外:基地动态:教育文化","中建","1947","第2卷 第13期","15",NA,"上海"
"中建内外:团体了望:经济业务","中建","1947","第2卷 第12期","15",NA,"上海"
"农村建设的几个问题:中建农场的工作要求·兼答关心农场事业的朋友们:三个具体的要求","中建","1947","第2卷 第2期","3",NA,"上海"
"事业笔谈:工作者对事业的共鸣:“浦建”骆介任司机员的建议及其反应","中建","1947","第2卷 第1期","14-15",NA,"上海"
"学校生活片断(六):一个“中建自助生”的日记","朱哈娜","中建","1947","第2卷 第8期","16","上海"
"生活笔谈:交友之道:诚与爱的试练","徐仁道","中建","1947","第22期","15","上海"
"推广美棉的总结:与灵宝花竞赛","胡竟良","中建","1947","第2卷 第13期","6-7","上海"
"中建内外:团体了望:地方工作","中建","1947","第2卷 第14期","15",NA,"上海"
"中建内外:进修会","中建","1947","第2卷 第13期","15",NA,"上海"
"在农村中:农村景象:“贫”与“病”的故事","中建","1947","第2卷 第8期","6-7",NA,"上海"
"考绩专辑:三十五年度考绩总提示:从考绩标准看领导方针、原则和技术上的诸事项、警觉与认识","王艮仲","中建","1947","第18期","2-3","上海"
"农村经济问题:附表","李仁柳","中建","1947","第20期","4-5","上海"
"社务的报导社员的动态:中建内外:为基地壅土","中建","1947","第19期","14-15",NA,"上海"
"看崇明的张网渔业","程梯云","中建","1947","第2卷 第13期","8-10","上海"
"谦让与担当","中建","1947","第2卷 第13期","1",NA,"上海"
"消费合作","张包增元","中建","1947","第20期","12-13","上海"
"为事业而奋斗的过程中:“中建社”在抗战期间的点点滴滴:中建诞生前后:从一件故事说起、同志如归·事业如蕾、记取当时、继往开来的凭籍","沈定一","中建","1947","第20期","18-19","上海"
"中建内外:团体了望:地方工作","中建","1947","第2卷 第13期","15",NA,"上海"
"中建内外:在农场:其它","中建","1947","第2卷 第14期","14",NA,"上海"
"一个事业团体的进路:对于“中建”健全工作和发展事业的意见:外向事工:社会服务","唐思礼","中建","1947","第15期","8","上海"
"中建内外:团体了望:王艮仲同志访问旅行","中建","1947","第2卷 第14期","15",NA,"上海"
"事业的困厄","陆麟勋","中建","1947","第2卷 第4期","4-5","上海"
"通讯:徐海巡礼(上)","张霞飞","中建","1947","第2卷 第10期","14","上海"
"进一步做些什么？:对团体的一个建议:在“基地”举办十项工作","陈惠夫","中建","1947","第2卷 第9期","2-3","上海"
"中建内外:基地动态:经济","中建","1947","第2卷 第8期","14-15",NA,"上海"
"为事业而奋斗的过程中:“中建社”在抗战期间的点点滴滴:铅山之什:铅山:东南战都、艰苦的创业、面迎著考验","瞿康祖","中建","1947","第20期","26","上海"
"常绿的工作园","中建","1947","第2卷 第8期","1",NA,"上海"
"合工漫画(二):合作的三种内容、新生活的锻炼、一个必要的了解、谨慎·稳健·切实","吴荷景","中建","1947","第23期","12-13","上海"
"中建内外:在农场:为了自己的忙碌","中建","1947","第2卷 第9期","14",NA,"上海"
"一个事业团体的进路:对于“中建”健全工作和发展事业的意见:外向事工:图书工作","赵志华","中建","1947","第15期","8-9","上海"
"担当起革命立法的任务","王艮仲","中建","1947","第2卷 第14期","2-3","上海"
"江苏第三区的交通水利(二续):建设研究","陆养浩","中建","1947","第2卷 第14期","4-5","上海"
"检讨与展望","中建","1947","第2卷 第8期","10",NA,"上海"
"学校生活片断(九):一个“中建自助生”的日记","朱哈哪","中建","1947","第2卷 第11期","16","上海"
"中建内外:在农场:对机械欢呼","中建","1947","第2卷 第8期","14",NA,"上海"
"中建内外:在农场:收获高潮期","中建","1947","第2卷 第12期","14",NA,"上海"
"农场秋收","欧阳显悦","中建","1947","第2卷 第12期","9-10","上海"
"黄龙(上):外海采风录之七","程梯云","中建","1947","第23期","16","上海"
"塘周段结工","张国生","中建","1947","第2卷 第9期","8-9","上海"
"社务的报导社员的动态:中建内外:集会与演讲","中建","1947","第19期","15",NA,"上海"
"新年的努力","中建","1947","第15期","1",NA,"上海"
"战后世界观","汪叔棣","中建","1947","第16期","4-6","上海"
"重阳暴:外海采风录之六:当心“重阳暴”!出渔看天、值得研究的课题","程梯云","中建","1947","第18期","16","上海"
"推进南汇农村合作方案","中建","1947","第20期","15",NA,"上海"
"今年的中建:团体的理想","陈士华","中建","1947","第15期","14-16","上海"
"中建内外:在农场:展开运销业务","中建","1947","第2卷 第11期","12",NA,"上海"
"中建内外:在农场:其它","中建","1947","第2卷 第11期","12",NA,"上海"
"经验之谈:从访问中得来的","中建","1947","第2卷 第8期","10",NA,"上海"
"社务的报导社员的动态:中建内外:基地动态:民众教育","中建","1947","第2卷 第6期","15",NA,"上海"
"商运十年:夹缝中间的一群、片断回忆、今后该怎样?","潘子平","中建","1947","第17期","9","上海"
"中建内外:我们的农场:服务活动及其它","中建","1947","第2卷 第1期","8",NA,"上海"
"社务的报导社员的动态:中建内外:在农场:康乐及其它","中建","1947","第2卷 第6期","14",NA,"上海"
"一个菜圃的经营:从农村的菜圃看农村副业","张国懋","中建","1947","第2卷 第4期","10-15","上海"
"中建内外:专家在浦东","中建","1947","第2卷 第1期","9",NA,"上海"
"中建内外:在农场:其它","中建","1947","第2卷 第10期","12",NA,"上海"
"妇女节之话:做出真凭实据来","赵德","中建","1947","第19期","5","上海"
"中建内外:在农场:机械的服务","中建","1947","第2卷 第7期","6",NA,"上海"
"我国的民教事业及其它","俞庆棠","中建","1947","第23期","6-7","上海"
"合作社组织:合作社的分类、乡·保合作社的运用、专营合作社的研究","中建","1947","第20期","8-9",NA,"上海"
"五·一发见人性的日子!:纪念劳动节专页:“五一”感言","何肫林","中建","1947","第23期","9","上海"
"中建内外:在农场:工事设备的增建","中建","1947","第2卷 第12期","14",NA,"上海"
"现阶段的地方建设工作:王理事长在“浦协”会员大会的讲话:从实践中看工作:事业目标的模煳","中建","1947","第17期","4",NA,"上海"
"要把责任托于下一代，先得为下一代担当责任:新时代与儿童:纪念“儿童节”专页:漫谈·随感:消失的童年","王昆生","中建","1947","第21期","9","上海"
"中建内外:基地动态:合作","中建","1947","第2卷 第7期","6-7",NA,"上海"
"年轻人的歌声荡漾在周浦:记一个歌咏队的生长","周公南","中建","1947","第2卷 第13期","16","上海"
"学校生活片断(五):一个“中建自助生”的日记","朱哈娜","中建","1947","第2卷 第7期","16","上海"
"中建内外:团体了望:经济业务","中建","1947","第2卷 第13期","15",NA,"上海"
"中建内外:基地动态:农业推广","中建","1947","第2卷 第8期","15",NA,"上海"
"工作纵横:从服务走向合作","傅亮","中建","1947","第2卷 第12期","7-8","上海"
"社务的报导社员的动态:中建内外:集会与人事","中建","1947","第17期","13",NA,"上海"
"中建内外:团体了望:人与事之动","中建","1947","第2卷 第13期","15",NA,"上海"
"中建内外:团体了望:经济业务","中建","1947","第2卷 第9期","15",NA,"上海"
"地方工作的范型:需要坚韧的奋斗、值得鼓励的作风、工作精神的新领悟、锻炼进步·开拓局面","王艮仲","中建","1947","第16期","2-3","上海"
"中建内外:基地动态:社会","中建","1947","第2卷 第13期","15",NA,"上海"
"中建内外:团体了望:地方建设座谈","中建","1947","第2卷 第8期","15",NA,"上海"
"抗战中的农村经济","朱洁夫","中建","1947","第17期","6-7","上海"
"农民需要什么?:暑期农村服务队工作总报告","陈涛","中建","1947","第2卷 第8期","5","上海"
"中建内外:同志的音讯","中建","1947","第2卷 第1期","9",NA,"上海"
"“中建农场的问题”商兑:答周文麟先生的一封信","王艮仲","中建","1947","第2卷 第7期","5","上海"
"五·一发见人性的日子!:纪念劳动节专页:事业团体化","黄平甫","中建","1947","第23期","9","上海"
"中建内外:我们的农场:春耕的段落","中建","1947","第2卷 第1期","8",NA,"上海"
"中建内外:团体了望:人与事之动","中建","1947","第2卷 第12期","15",NA,"上海"
"中建内外:基地动态:交通","中建","1947","第2卷 第8期","15",NA,"上海"
"一个事业团体的进路:对于“中建”健全工作和发展事业的意见:业务建置:印刷所","邹云涛","中建","1947","第15期","10","上海"
"垅中陌上(十二)","金大均","中建","1947","第2卷 第8期","12-13","上海"
"为事业增产","中建","1947","第2卷 第12期","1",NA,"上海"
"中建内外:在农场:参观及其它","中建","1947","第2卷 第12期","14",NA,"上海"
"中建内外:基地动态:合作","中建","1947","第2卷 第12期","15",NA,"上海"
"关于“大家看”:一份壁报的生长史","宋宝山","中建","1947","第2卷 第10期","8-9","上海"
"垅中陌上(十四)","金大均","中建","1947","第2卷 第10期","10-11","上海"
"教电流映(下)","宋宝山","中建","1947","第2卷 第7期","12-13","上海"
"教电流映(中)","宋宝山","中建","1947","第2卷 第6期","10-11","上海"
"供销阻滞及其改进:南汇县联社供售用品业务的检讨","严林松","中建","1947","第2卷 第10期","6-11","上海"
"中建内外:基地动态:社会与教育","中建","1947","第2卷 第10期","13",NA,"上海"
"中建内外:基地动态:农业推广","中建","1947","第2卷 第10期","12",NA,"上海"
"中建内外:基地动态:农业推广","中建","1947","第2卷 第12期","14-15",NA,"上海"
"中建内外:事业线上:人与事之动","中建","1947","第2卷 第2期","15",NA,"上海"
"中建内外:基地动态:农业推广","中建","1947","第2卷 第11期","12-13",NA,"上海"
"社务的报导社员的动态:中建内外:基地动态:社会","中建","1947","第2卷 第6期","15",NA,"上海"
"中建内外:在农场:参观及其它","中建","1947","第2卷 第7期","6",NA,"上海"
"社务的报导社员的动态:中建内外:在农场:七月份的自耕区","中建","1947","第2卷 第6期","14",NA,"上海"
"社务的报导社员的动态:中建内外:基地动态:农业与合作","中建","1947","第2卷 第6期","14-15",NA,"上海"
"初阶段的治虫工作","朱喜庆","中建","1947","第2卷 第6期","13","上海"
"五项建设与心理改革","潘公展","中建","1947","第2卷 第10期","4-5","上海"
"中建内外:在农场:收获种种","中建","1947","第2卷 第10期","12",NA,"上海"
"略谈当前的经济问题","吴承禧","中建","1947","第2卷 第3期","4-5","上海"
"中建内外:进修会","中建","1947","第2卷 第12期","15",NA,"上海"
"妇女节之话:创造自己","马碧莲","中建","1947","第19期","5","上海"
"“开法斯”:“周浦妇联”生产运动的序幕","周公南","中建","1947","第2卷 第2期","8-10","上海"
"教电流映(上)","宋宝山","中建","1947","第2卷 第5期","10-11","上海"
"“正当生存”一解:检讨:“社员基本纲领”的几点提示:信仰必须一致、“正当生存”的标准、几个具体问题的把握、从理解中坚强起来","王艮仲","中建","1947","第19期","2-3","上海"
"乡村小学的贫困","吴靓云","中建","1947","第2卷 第14期","7","上海"
"中建内外:在农场:行事历","中建","1947","第2卷 第2期","14",NA,"上海"
"工作纵横:万祥仓库","李伯森","中建","1947","第2卷 第8期","11-12","上海"
"生活笔谈:爱—何从而生?:不马虎的态度","王慕蕴","中建","1947","第17期","15","上海"
"社务的报导社员的动态:中建内外:基地动态:交通","中建","1947","第2卷 第6期","15",NA,"上海"
"中建内外:在农场:收获的累积","中建","1947","第2卷 第11期","12",NA,"上海"
"投向新建设的眼光:农民们怎样看农场、合作社 、以及农业改良等事业的","中建","1947","第2卷 第8期","8",NA,"上海"
"中建内外:基地动态:交通","中建","1947","第2卷 第13期","15",NA,"上海"
"合作专辑:合作与革命:兼述中建学习团合作班的精神及其它","王艮仲","中建","1947","第20期","2-3","上海"
"被误解的事业","朱树锦","中建","1947","第2卷 第4期","6-7","上海"
"垅中陌上(十一)","金大均","中建","1947","第2卷 第7期","10-11","上海"
"中建内外:暑期活动:中建农场","中建","1947","第2卷 第4期","8",NA,"上海"
"中建内外:农场纪实:管理期开始","中建","1947","第2卷 第4期","8",NA,"上海"
"中建内外:在农场:铁工铺与农艺室","中建","1947","第2卷 第7期","6",NA,"上海"
"生活笔谈:交友之道:交友三阶","顾秉之","中建","1947","第22期","14-15","上海"
"学校生活片断(十):一个“中建自助生”的日记","朱哈哪","中建","1947","第2卷 第12期","16","上海"
"中建内外:基地动态:交通","中建","1947","第2卷 第1期","8",NA,"上海"
"事业道路的剖视","赵心梅","中建","1947","第2卷 第5期","4-5","上海"
"中建内外:基地动态:教育与文化","中建","1947","第2卷 第12期","15",NA,"上海"
"现阶段的地方建设工作:王理事长在“浦协”会员大会的讲话:克服危机·急速转向:仁爱宽大，凝和群众","中建","1947","第17期","5",NA,"上海"
"中建内外:基地动态:合作与农业推广","中建","1947","第2卷 第13期","15",NA,"上海"
"营口业务的回忆","邵秉铨","中建","1947","第2卷 第7期","8-13","上海"
"中建内外:喜讯","中建","1947","第18期","11",NA,"上海"
"生活笔谈:交友之道:自身的健全","周公南","中建","1947","第22期","14","上海"
"关于农村建设的两封信:集体农场制度能够普遍推行么?","周文鳞","中建","1947","第2卷 第2期","4","上海"
"中建内外:团体了望:地方工作","中建","1947","第2卷 第12期","15",NA,"上海"
"发扬检讨精神","中建","1947","第2卷 第7期","1",NA,"上海"
"中建内外:在农场:为集体奋斗","中建","1947","第2卷 第7期","6",NA,"上海"
"中建内外:事业线上:基地动态","中建","1947","第2卷 第4期","9",NA,"上海"
"中建内外:基地动态:农村改进","中建","1947","第2卷 第14期","14",NA,"上海"
"民主的难产:读书杂记","宋宝尊","中建","1947","第2卷 第14期","16","上海"
"一个事业团体的进路:对于“中建”健全工作和发展事业的意见:心理健康:力的源泉","周公南","中建","1947","第15期","5","上海"
"中国经济大势","孙晓村","中建","1947","第2卷 第13期","4-5","上海"
"中建内外:在农场:棉产近似数","中建","1947","第2卷 第13期","14",NA,"上海"
"社务的报导社员的动态:中建内外:在农场:为耕作计划","中建","1947","第2卷 第6期","14",NA,"上海"
"工友教育大纲:认识工友、教育目的、大纲草案","刘世英","中建","1947","第22期","10-13","上海"
"为事业而奋斗的过程中:“中建社”在抗战期间的点点滴滴:淳安之忆:淳安","何肫林","中建","1947","第20期","20","上海"
"工作纵横:展开暑期农村服务工作","陈涛","中建","1947","第2卷 第4期","10-11","上海"
"生活笔谈:怎样利用闲暇:不懈于求进步","唐思礼","中建","1947","第16期","15","上海"
"意见集纳:姚澄波、周公南、赵志华、张霞飞、邹云涛、瞿明、宋宝山","中建","1947","第24期","9-11",NA,"上海"
"中建内外:集会与人事","中建","1947","第18期","11",NA,"上海"
"中建内外:在农场:场事历","中建","1947","第2卷 第3期","6",NA,"上海"
"一年工作的回溯","赵海如","中建","1947","第16期","11","上海"
"从苏北谈到地方重建工作:回首当年、贫困·仇恨·混乱、复兴的根本要件","张正邦","中建","1947","第18期","10-11","上海"
"本刊周年辑:本刊一周年的检讨:同志教育与扩大影响在实践中的统一发展、实际问题的提出，批判及其探讨、把社刊配合于团体事业的新阶段","中建","1947","第24期","6-8",NA,"上海"
"为建设新农村而奋斗:中建农场的使命、特质及其工作的指导:农场的使命、我们的观点与理解、立场的提出、工作重心的提示、怎样才是辅导者?","王艮仲","中建","1947","第22期","2-5","上海"
"中建内外:农场纪实:自耕区劳力统计","中建","1947","第2卷 第4期","8-9",NA,"上海"
"社务的报导社员的动态:中建内外:工作新部署","中建","1947","第17期","12",NA,"上海"
"中建内外:在农场:教育攻势","中建","1947","第2卷 第14期","14",NA,"上海"
"中建内外:基地动态:教育与社会","中建","1947","第2卷 第14期","14",NA,"上海"
"通讯:太平洋上(五)","赵志华","中建","1947","第2卷 第13期","12-13","上海"
"农村手工业的道路:建农袜厂的几笔流水帐","吴宝生","中建","1947","第2卷 第3期","8-13","上海"
"“东南”在绿华","陶逸","中建","1947","第2卷 第14期","10-11","上海"
"社务的报导社员的动态:中建内外:广播","中建","1947","第16期","14",NA,"上海"
"从游击队·松青团到嘉沪松挺进总队:一个抗敌武装力量的组织及其演变:在抗卫目标下组织起来、力量的壮大、渡海·转进、从苏南到浙西","潘国宝","中建","1947","第15期","19-20","上海"
"通讯:徐海巡礼(下)","张霞飞","中建","1947","第2卷 第12期","13","上海"
"通讯:太平洋上(一)","赵志华","中建","1947","第2卷 第9期","12","上海"
"工作·生活:渔贷的尝试","陆养浩","中建","1947","第15期","18","上海"
"中建内外:在农场:守护生产","中建","1947","第2卷 第11期","12",NA,"上海"
"中建内外:事业线上:人与事之动","中建","1947","第2卷 第3期","7",NA,"上海"
"妇女节之话:不可能单独解决问题","陈梅卿","中建","1947","第19期","4","上海"
"中建内外:团体了望:经济业务","中建","1947","第2卷 第11期","13",NA,"上海"
"中建内外:在农场:阻难及其它","中建","1947","第2卷 第5期","6",NA,"上海"
"现阶段的地方建设工作:王理事长在“浦协”会员大会的讲话:克服危机·急速转向:笃实平凡，谋取成功","中建","1947","第17期","5",NA,"上海"
"农村经济与农村教育:进修讲座","杨卫玉","中建","1947","第20期","16-17","上海"
"“中建”人事考绩的实践:为什么考绩?、制度·立法、实践中带来的问题","姚志英","中建","1947","第18期","4-6","上海"
"中建内外:在农场:强化教育","中建","1947","第2卷 第5期","6",NA,"上海"
"中建内外:团体了望:业务单位","中建","1947","第2卷 第8期","15",NA,"上海"
"中建内外:进修集会","中建","1947","第24期","13",NA,"上海"
"力量在那里?","张霞飞","中建","1947","第2卷 第13期","2-3","上海"
"为事业而奋斗的过程中:“中建社”在抗战期间的点点滴滴:通益在屯溪:屯溪:战争中繁荣起来的小镇、冒险家的乐园、不尽是无益的","陆鳞勋","中建","1947","第20期","24","上海"
"通讯:太平洋上(二)","赵志华","中建","1947","第2卷 第10期","15","上海"
"生产合作:中国农业建设与合作农场","萧耀奎","中建","1947","第20期","10-11","上海"
"中建内外:基地动态:合作","中建","1947","第2卷 第5期","7",NA,"上海"
"中建内外:在农场:责任与良心","中建","1947","第2卷 第2期","14",NA,"上海"
"中建工作者(人物特写):黄平甫","中建","1947","第15期","30",NA,"上海"
"中建内外:事业了望:人与事之动","中建","1947","第2卷 第5期","7",NA,"上海"
"进修讲座:从农村教育到乡建运动:什么是农村教育?中国农村教育之发展、“徐公桥”的教训、乡建运动举例","江问渔","中建","1947","第23期","4-5","上海"
"中建内外:事业线上:实施责成制","中建","1947","第2卷 第2期","15",NA,"上海"
"工作活动中的几种病态:从认识自·己来争取进步:怎样矫治病态?","王艮仲","中建","1947","第15期","3","上海"
"中建内外:集会与人事","中建","1947","第22期","9",NA,"上海"
"暑工队在顾家荡","奚家立","中建","1947","第2卷 第5期","8-13","上海"
"工作纵横:农场三月","陈彤鍪","中建","1947","第16期","7-8","上海"
"中建内外:在农场:百日黄登场","中建","1947","第2卷 第8期","14",NA,"上海"
"从中国哲学史来看“知难行易”学说:进修讲座之二","胡曲园","中建","1947","第15期","12-13","上海"
"在农村中:工作的开始","中建","1947","第2卷 第8期","6",NA,"上海"
"垅中陌上(十)","金大均","中建","1947","第2卷 第6期","8-9","上海"
"为事业而奋斗的过程中:“中建社”在抗战期间的点点滴滴:上饶心影录:上饶:通益和上饶、风土一瞥、别矣上饶","张霞飞","中建","1947","第20期","25","上海"
"中建内外:基地动态:合作","中建","1947","第2卷 第9期","14-15",NA,"上海"
"美国初旅","赵志华","中建","1947","第2卷 第14期","12-13","上海"
"国父的精神","王艮仲","中建","1947","第21期","2","上海"
"中建内外:基地动态:教育与社会","中建","1947","第2卷 第2期","15",NA,"上海"
"工作纵横:浦东的美棉推广","欧阳显悦","中建","1947","第2卷 第10期","6-7","上海"
"为事业而奋斗的过程中:“中建社”在抗战期间的点点滴滴:淳安时代","廖树涵","中建","1947","第20期","21","上海"
"生活笔谈:怎样利用闲暇:谈·读·写","金大均","中建","1947","第16期","14-15","上海"
"工作团体的联合","王艮仲","中建","1947","第23期","2-3","上海"
"中建内外:团体了望:人与事之动","中建","1947","第2卷 第7期","7",NA,"上海"
"论革命政权·革命建设·及私有财产:从正当生存的要求，把握革命建设的方向与前途","王艮仲","中建","1947","第2卷 第7期","2-4","上海"
"工作纵横:合工前线(一):不易消汰的毒素、第一次的反响、消费收价的方式","中建","1947","第2卷 第1期","10-11",NA,"上海"
"我们的课题","中建","1947","第17期","1",NA,"上海"
"要把责任托于下一代，先得为下一代担当责任:新时代与儿童:纪念“儿童节”专页:漫谈·随感:爱的教育","赵志华","中建","1947","第21期","8","上海"
"中建内外:在农场:胜利的春耕","中建","1947","第2卷 第3期","6",NA,"上海"
"生活笔谈:怎样利用闲暇:旅行","周公南","中建","1947","第16期","15","上海"
"中建内外:团体了望:生物科学研究所","中建","1947","第2卷 第13期","15",NA,"上海"
"工作论","顾秉之","中建","1947","第2卷 第10期","2-3","上海"
"海礁水:外海采风录之五","程梯云","中建","1947","第17期","16","上海"
"垅中陌上(六)","金大均","中建","1947","第2卷 第2期","10-11","上海"
"中建内外:基地动态:合作","中建","1947","第2卷 第3期","7",NA,"上海"
"社务的报导社员的动态:中建内外:广播","中建","1947","第17期","13",NA,"上海"
"中建内外:基地动态:农业推广","中建","1947","第2卷 第7期","7",NA,"上海"
"工作报导:医药下乡:一个月来的弄场区诊疗工作:“返本运动”、没有医药的世界、感念与努力","方林僊","中建","1947","第23期","14-15","上海"
"一种事业观","中建","1947","第2卷 第6期","1",NA,"上海"
"中建内外:团体了望:出版","中建","1947","第2卷 第11期","13",NA,"上海"
"中建内外:我们的农场:保证收入的处理","中建","1947","第2卷 第1期","8",NA,"上海"
"要有办法!","中建","1947","第2卷 第3期","1",NA,"上海"
"妇女节之话:我们应该怎样?","王士蓉","中建","1947","第19期","4-5","上海"
"中建内外:在农场:参观","中建","1947","第2卷 第13期","14",NA,"上海"
"中建内外:基地动态:教育文化","中建","1947","第2卷 第11期","13",NA,"上海"
"五·一发见人性的日子!:纪念劳动节专页:劳动的习惯","顾保之","中建","1947","第23期","9","上海"
"工作活动中的几种病态:从认识自·己来争取进步:“幼稚”与“顽固”","王艮仲","中建","1947","第15期","2-3","上海"
"一个事业团体的进路:对于“中建”健全工作和发展事业的意见:内部技术:事务","沈定一","中建","1947","第15期","7","上海"
"在农村中:农村景象:那样的落后!","中建","1947","第2卷 第8期","7",NA,"上海"
"合工前线(五):南汇县联社的诞育、生长、与发展","吴荷景","中建","1947","第2卷 第5期","12-13","上海"
"中建内外:基地动态:交通","中建","1947","第2卷 第12期","15",NA,"上海"
"服务的配合发展","陈清","中建","1947","第19期","10","上海"
"问题与进步","中建","1947","第2卷 第5期","1",NA,"上海"
"生活笔谈:交友之道:一种交友的态度","朱树锦","中建","1947","第22期","15","上海"
"中建内外:团体了望:同仁福利","中建","1947","第2卷 第9期","15",NA,"上海"
"工作纵横:对曳引机应有的几点认识","陈彤鍪","中建","1947","第17期","8","上海"
"工作纵横:乡村电话网的实例","傅菊人","中建","1947","第2卷 第11期","8-9","上海"
"中建内外:事业线上:进修","中建","1947","第2卷 第2期","15",NA,"上海"
"尽责必成","中建","1947","第2卷 第4期","1",NA,"上海"
"为事业而奋斗的过程中:“中建社”在抗战期间的点点滴滴:纸厂工作记历:寿昌:一、一种尝试、典型性的农村手工业、农村一角、简单的感想","张国生","中建","1947","第20期","28","上海"
"中建内外:衷诚的期待","中建","1947","第23期","8",NA,"上海"
"中建内外:团体了望:人与事之动","中建","1947","第2卷 第10期","13",NA,"上海"
"中建内外:团体了望:经济事业","中建","1947","第2卷 第7期","7",NA,"上海"
"推广美棉甘苦谈","陈涛","中建","1947","第2卷 第1期","10-13","上海"
"合工前线(二):合作的有利时机、民主的选举、对保证责任畏怯","吴荷景","中建","1947","第2卷 第2期","12-13","上海"
"傻子精神:几种混同的意会、“傻子精神”的要素、保养“力的源泉”","顾秉之","中建","1947","第2卷 第3期","2-3","上海"
"中建内外:外海拓荒","中建","1947","第22期","9",NA,"上海"
"东南渔业公司的诞生","陆养浩","中建","1947","第17期","10-11","上海"
"查看美棉","陈涛","中建","1947","第2卷 第9期","6-7","上海"
"赠给:为建设而努力的同志们:别了，祖国!、生活的理想、东方与西方、工业建设的道路、为建设而奋斗!","宋宝尊","中建","1947","第15期","26-29","上海"
"图书的通讯站:强化车站对文化事业的配合服务","廖树涵","中建","1947","第2卷 第9期","8-9","上海"
"工作心理的卫生","沈定一","中建","1947","第2卷 第5期","2-3","上海"
"中建内外:团体了望:地方工作","中建","1947","第2卷 第10期","13",NA,"上海"
"中建内外:团体了望:人与事之动","中建","1947","第2卷 第11期","13",NA,"上海"
"中建内外:基地动态:交通","中建","1947","第2卷 第10期","12-13",NA,"上海"
"中建内外:在农场:繁殖禽畜优种","中建","1947","第2卷 第11期","12",NA,"上海"
"伦理建设与社会建设:进修讲座之一","潘公展","中建","1947","第15期","11","上海"
"事业的信心","王艮仲","中建","1947","第2卷 第8期","2-3","上海"
"优统主义","中建","1947","第2卷 第11期","1",NA,"上海"
"中建内外:在农场:专家的意见","中建","1947","第2卷 第2期","14",NA,"上海"
"告别夜校同学","金大均","中建","1947","第19期","16","上海"
"中建内外:荣誉工作者","中建","1947","第24期","12",NA,"上海"
"一个事业团体的进路:对于“中建”健全工作和发展事业的意见:内部技术:财务","何肫林","中建","1947","第15期","6-7","上海"
"中建内外:基地动态:社会教育","中建","1947","第2卷 第1期","9",NA,"上海"
"中建内外:基地动态:农业推广","中建","1947","第2卷 第1期","8",NA,"上海"
"在农村中:农村景象:那样的煎熬!","中建","1947","第2卷 第8期","7",NA,"上海"
"中建内外:在农场:常规及其它","中建","1947","第2卷 第9期","14",NA,"上海"
"中建内外:团体了望:同仁福利","中建","1947","第2卷 第10期","13",NA,"上海"
"社务的报导社员的动态:中建内外:我们的三年","中建","1947","第19期","14",NA,"上海"
"严肃的工作","中建","1947","第2卷 第1期","1",NA,"上海"
"歌声飘扬原野","K.T.","中建","1947","第2卷 第13期","16","上海"
"中建内外:基地动态:农业推广","中建","1947","第2卷 第5期","6",NA,"上海"
"中建民众夜校:摇篮—座谈小组、生长—实况一斑、问题—以及感想","高祖文","中建","1947","第16期","12-13","上海"
"中建内外:基地动态:社会与教育","中建","1947","第2卷 第5期","7",NA,"上海"
"以不变应万变","朱树锦","中建","1947","第2卷 第14期","10-11","上海"
"中建内外:基地动态:农业推广","中建","1947","第2卷 第9期","14",NA,"上海"
"垅中陌上(四)","金大均","中建","1947","第24期","12-13","上海"
"疏通泉眼","罗根","中建","1948","第3卷 第11期","12-13","上海"
"中建内外:团体了望:经济单位","中建","1948","第2卷 第24期","13",NA,"上海"
"工作锻炼著我们:浦东合作示范区生活剪影","杜林","中建","1948","第3卷 第14期","12-13","上海"
"美国初旅(续)","赵志华","中建","1948","第2卷 第15期","12-13","上海"
"以农业为中心的地方建设","杨导之","中建","1948","第2卷 第19期","4-5","上海"
"江苏第三区的交通水利(三续):建设研究","陆养浩","中建","1948","第2卷 第15期","4-5","上海"
"浦东地方建设公司:乡村建设的战斗细胞","顾秉之","中建","1948","第2卷 第20期","7","上海"
"光复节在台北","梁文元","中建","1948","第3卷 第12期","16","上海"
"中建内外:团体了望:益友箱","中建","1948","第2卷 第23期","15",NA,"上海"
"浦东一周(续)","郑诚章","中建","1948","第3卷 第9期","16","上海"
"笔谈:集论知识份子下乡","顾家标","中建","1948","第3卷 第10期","2-3","上海"
"突破自我限制","中建","1948","第2卷 第21期","1",NA,"上海"
"中建内外:团体了望:地方工作","中建","1948","第2卷 第16期","15",NA,"上海"
"中建内外:独树港新机构:办理农忙托儿","中建","1948","第3卷 第1期","14-15",NA,"上海"
"“知识份子下乡”及不下乡","颜衡余","中建","1948","第3卷 第11期","4-5","上海"
"中建内外:团体了望:人与事之动","中建","1948","第2卷 第15期","15",NA,"上海"
"中建内外:基地的交通·文教及其它:整顿交通事业","中建","1948","第3卷 第1期","15",NA,"上海"
"南汇土地改革实施方案草目","中建","1948","第3卷 第3期","4-7",NA,"上海"
"暑工应作妥适的安排","汪铭德","中建","1948","第3卷 第4期","10-11","上海"
"中建内外:团体了望:经济业务","中建","1948","第2卷 第16期","15",NA,"上海"
"中建内外:进修会","中建","1948","第2卷 第23期","15",NA,"上海"
"浦东工作站的一年","陈涛","中建","1948","第2卷 第19期","8","上海"
"中建内外:团体了望:人与事之动","中建","1948","第2卷 第21期","15",NA,"上海"
"忍耐·沉著·坚执","余信华","中建","1948","第2卷 第20期","16-17","上海"
"中建内外:团体了望:经济单位","中建","1948","第2卷 第23期","15",NA,"上海"
"向新指标疾进","中建","1948","第2卷 第24期","1",NA,"上海"
"谈农事技术","夏骏骑","中建","1948","第3卷 第12期","10-11","上海"
"运粮琐记(七)","程梯云","中建","1948","第2卷 第23期","16","上海"
"一个县单合作事业的进展:南汇县联社社员社代表大会纪实","宋宝山","中建","1948","第2卷 第15期","6-7","上海"
"中建内外:在农场:风景线素描","中建","1948","第2卷 第23期","14",NA,"上海"
"中建内外:三个决议·一项传达","中建","1948","第3卷 第4期","13",NA,"上海"
"民主精神与制度","芴章","中建","1948","第3卷 第15期","6-7","上海"
"盐场上","丁日","中建","1948","第3卷 第15期","12-13","上海"
"田鸡歌:浦东山歌","呆夫","中建","1948","第3卷 第15期","6-7","上海"
"美棉田间纪录(续完)","陈涛","中建","1948","第3卷 第15期","16","上海"
"工作纵横:信用合作的实践:一个信合社的工作报导","吴荷景","中建","1948","第2卷 第23期","8-9","上海"
"黑白之间","赵志华","中建","1948","第2卷 第18期","12-13","上海"
"中建内外:团体了望:地方工作","中建","1948","第2卷 第22期","15",NA,"上海"
"一个选举教育的中心活动:附图","中建","1948","第2卷 第17期","12-13",NA,"上海"
"中建内外:教电闵行之映","中建","1948","第3卷 第4期","13-14",NA,"上海"
"暑工特辑:从收获量想起","祖海","中建","1948","第3卷 第9期","6-7","上海"
"中建内外:团体了望:文化","中建","1948","第2卷 第19期","15",NA,"上海"
"论“超阶级”","封叔","中建","1948","第3卷 第6期","2-3","上海"
"沉舟目击记","程梯云","中建","1948","第3卷 第5期","16","上海"
"中建内外:基地动态:新村的行程","中建","1948","第2卷 第22期","15",NA,"上海"
"中建内外:在农场:毛巾场复工","中建","1948","第2卷 第16期","14",NA,"上海"
"中建内外:基地动态:地工委成立","中建","1948","第2卷 第23期","14-15",NA,"上海"
"关于集体学习","茅行健","中建","1948","第3卷 第1期","8","上海"
"向生产业务转进","罗琼英","中建","1948","第3卷 第13期","12-13","上海"
"中建内外:基地动态:电影教育","中建","1948","第2卷 第21期","15",NA,"上海"
"美棉产销合作的末路","石坪","中建","1948","第3卷 第11期","6-7","上海"
"新年话家常:继往开来·贯澈始终","高祖文","中建","1948","第2卷 第15期","2-3","上海"
"中建内外:基地动态:社会及其它","中建","1948","第2卷 第21期","15",NA,"上海"
"基地工作的行进:从技术观点检讨中建农业场的工作","金志文","中建","1948","第2卷 第19期","6-7","上海"
"中建内外:在农场:作物的地方试验","中建","1948","第2卷 第21期","14",NA,"上海"
"献身事业先要确立人生态度","陆麟勋","中建","1948","第2卷 第19期","2-3","上海"
"中建内外:团体了望:文化","中建","1948","第2卷 第23期","15",NA,"上海"
"美国通讯:民主·和平·繁荣的旗帜:“大选三幕剧”之四","赵志华","中建","1948","第3卷 第8期","12-13","上海"
"中建内外:基地动态:交通","中建","1948","第2卷 第20期","19",NA,"上海"
"中建农场三日行","中建","1948","第3卷 第10期","12-15",NA,"上海"
"中建内外:五月农事最繁忙:水稻局势大致已定","中建","1948","第3卷 第1期","14",NA,"上海"
"伲靠紧:参加中建农场二周年纪念有感","呆夫","中建","1948","第3卷 第9期","14-15","上海"
"中建内外:基地动态:合作","中建","1948","第2卷 第18期","14-15",NA,"上海"
"共鸣的音响:做些切实的工作","钱墨林","中建","1948","第2卷 第18期","6","上海"
"中建内外:在农场:跨向自治","中建","1948","第2卷 第15期","14",NA,"上海"
"中建内外:三区酝酿实施“土地改革”","中建","1948","第3卷 第2期","13-14",NA,"上海"
"中建内外:进修会","中建","1948","第2卷 第21期","15",NA,"上海"
"共鸣的音响:希望“中建”走出路来","李振华","中建","1948","第2卷 第18期","5","上海"
"他们怎样赶走地主","斯特罗加脑夫 封淑","中建","1948","第3卷 第9期","14-15","上海"
"浦东地工委及其工作方案:浦东基地工作方案","中建","1948","第3卷 第3期","15",NA,"上海"
"浦东地工委及其工作方案:浦东地方工作委员会组织规则","中建","1948","第3卷 第3期","14",NA,"上海"
"地方“单位”调整:地方工作计划之一","朱树锦","中建","1948","第3卷 第2期","4-5","上海"
"自家格味事","呆夫","中建","1948","第3卷 第10期","13","上海"
"中建内外:基地动态:社会教育","中建","1948","第2卷 第22期","15",NA,"上海"
"运粮琐记(四)","程梯云","中建","1948","第2卷 第20期","20","上海"
"中建内外:“九一三”那一天:队长们进步了、麦克风里的声音、痛快的玩一玩","汪铭德","中建","1948","第3卷 第9期","12-13","上海"
"美国通讯:大选三幕剧(二)","赵志华","中建","1948","第3卷 第5期","14-15","上海"
"中建内外:暑期工作结束","中建","1948","第3卷 第7期","15",NA,"上海"
"中建内外:在农场:进行研究工作","中建","1948","第2卷 第22期","14",NA,"上海"
"中建内外:在农场:风景线素描","中建","1948","第2卷 第24期","12",NA,"上海"
"土地改革问题:地方工作计划之二","朱树锦","中建","1948","第3卷 第3期","2-3","上海"
"工作纵横:从运销木材的经验看贩卖商的道路","邵景圆","中建","1948","第2卷 第22期","8-9","上海"
"中建内外:团体了望:出版","中建","1948","第2卷 第18期","15",NA,"上海"
"中建内外:在农场:示范耕区","中建","1948","第2卷 第21期","14",NA,"上海"
"中建内外:在农场:畜养收入","中建","1948","第2卷 第23期","14",NA,"上海"
"中建内外:基地动态:社会与教育","中建","1948","第2卷 第19期","15",NA,"上海"
"工作纵横:记一个保校的诞生","李乡朴","中建","1948","第2卷 第24期","8-9","上海"
"中建内外:基地动态:合作","中建","1948","第2卷 第16期","15",NA,"上海"
"中建内外:独树港新机构:调解家庭纠纷","中建","1948","第3卷 第1期","15",NA,"上海"
"中建内外:在农场:劳动竞赛","中建","1948","第2卷 第24期","12",NA,"上海"
"共鸣的音响:不知如何是好","周景星","中建","1948","第2卷 第18期","4-5","上海"
"中建内外:自助生举行谈话会:关于中建内容","中建","1948","第3卷 第7期","15",NA,"上海"
"中建内外:自助生的暑期课程","中建","1948","第3卷 第5期","12-13",NA,"上海"
"为贯澈国父遗教而奋斗:迎接三十七年国庆","艾父","中建","1948","第3卷 第9期","2-3","上海"
"关于集体学习:把集体学习组织成一所函授学校","竞辉","中建","1948","第3卷 第1期","9","上海"
"关于集体学习:做不通","大均","中建","1948","第3卷 第1期","9","上海"
"二灶港贫病施诊的发端","顾家樑","中建","1948","第2卷 第24期","8-11","上海"
"两封信:改进本刊意见汇辑","张谦","中建","1948","第2卷 第24期","4-5","上海"
"试论团体的教育政策","顾家本","中建","1948","第2卷 第21期","2-3","上海"
"中建内外:农场主任登记开始","青见","中建","1948","第3卷 第13期","9","上海"
"中建内外:基地动态:交通及社教","中建","1948","第2卷 第23期","15",NA,"上海"
"中建内外:基地的交通·文教及其它:教电初访马桥","中建","1948","第3卷 第1期","15",NA,"上海"
"社庆笔会:在学校·念老家","严钟杰","中建","1948","第2卷 第20期","14","上海"
"车厢内外我所见","呆夫","中建","1948","第3卷 第7期","13","上海"
"中建内外:团体了望:建设座谈","中建","1948","第2卷 第24期","13",NA,"上海"
"中建内外:在农场:其它","中建","1948","第2卷 第21期","14",NA,"上海"
"“理性”和“习惯”","必章","中建","1948","第3卷 第9期","6-7","上海"
"农场的美棉和黄麻","夏骏骑","中建","1948","第3卷 第14期","10-11","上海"
"基地工作再检讨","王艮仲","中建","1948","第2卷 第23期","2-4","上海"
"中建内外:基地动态:合作","中建","1948","第2卷 第22期","15",NA,"上海"
"中建内外:在农场:迫切待决的问题","中建","1948","第2卷 第23期","14",NA,"上海"
"中建内外:基地动态:交通","中建","1948","第2卷 第22期","15",NA,"上海"
"列车里的自由(二):美国通讯","赵志华","中建","1948","第2卷 第22期","12-13","上海"
"中建内外:基地动态:农村改进","中建","1948","第2卷 第23期","15",NA,"上海"
"中建内外:团体了望:地方工作","中建","1948","第2卷 第23期","15",NA,"上海"
"为“益友箱”喝彩!","中建","1948","第2卷 第23期","1",NA,"上海"
"怎样做乡村工作?","周公南","中建","1948","第2卷 第23期","5-7","上海"
"中建内外:团体了望:人与事之动","中建","1948","第2卷 第22期","15",NA,"上海"
"关于集体学习:警觉学习道路上的猫腻","树锦","中建","1948","第3卷 第1期","9","上海"
"读者通讯联谊","陈梅卿","中建","1948","第2卷 第18期","8-9","上海"
"中建内外:在农场:其它","中建","1948","第2卷 第22期","14",NA,"上海"
"中建内外:在农场:在交叉路口","中建","1948","第2卷 第15期","14",NA,"上海"
"工作纵横:农场进行中的示范与试验工作:附图","金志文","中建","1948","第3卷 第2期","6-7","上海"
"地方工商业:地方工作计划之三","朱树锦","中建","1948","第3卷 第4期","4-5","上海"
"一根扁担一根绳:周浦即景","呆夫","中建","1948","第3卷 第13期","14-15","上海"
"中建内外:在农场:为儿童祝福","中建","1948","第2卷 第22期","14",NA,"上海"
"松江记行","何肫林","中建","1948","第3卷 第4期","14-15","上海"
"中建内外:基地动态:农业推广与合作","中建","1948","第2卷 第24期","12",NA,"上海"
"农民教育方式的研究:评浙省农民学校","梁朝琳","中建","1948","第3卷 第13期","6-8","上海"
"独树港剪影(三)","周公南","中建","1948","第2卷 第17期","10-11","上海"
"中建内外:基地动态:农村改进","中建","1948","第2卷 第18期","15",NA,"上海"
"不必彷徨焦虑","林笙","中建","1948","第3卷 第11期","2-3","上海"
"南汇县水利事业近况","严涵温","中建","1948","第3卷 第12期","8-9","上海"
"从学习中吸取养料，从生活中积蓄活力:生活片断:现实的感应","中建","1946","第7期","10-11",NA,"上海"
"把握地方工作的性质立场和态度:工作态度的新提示:做事必须站在下面","中建","1946","第7期","4",NA,"上海"
"中建内外:社务的报导社员的动态:悲欢离合","中建","1946","第3期","9",NA,"上海"
"中建内外:社务的报导社员的动态:片段统计","中建","1946","第3期","9，12",NA,"上海"
"新生的土地:中建农场场员会议","徐逸","中建","1946","第12期","11","上海"
"中建内外(社务的报导社员的动态):基地工作的准备","中建","1946","创刊号","6",NA,"上海"
"信心纪律·团体观念:王理事长在八月十一日国父纪念周的讲话","中建","1946","第7期","6",NA,"上海"
"中建内外(社务的报导社员的动态):进修与讲演","中建","1946","创刊号","6-7",NA,"上海"
"县政经验:学习了什么","中建","1946","第11期","9",NA,"上海"
"社务的报导社员的动态:中建内外:进修与集会","中建","1946","第2期","13",NA,"上海"
"生活片断:生活之誓","潘静 钱晓义","中建","1946","第13期","11","上海"
"胜利日:收十起太息","瞿康祖","中建","1946","第8期","10-11","上海"
"生长中的浦建:今后计划","中建","1946","第12期","13",NA,"上海"
"信箱:认识组织力量!","中建","1946","第13期","14",NA,"上海"
"浪岗山:外海采风录:“家有薄粥，永不到此!”、淡菜养殖场、今日的浪岗、","程梯云","中建","1946","第13期","16","上海"
"生活片断:多设计·多建议","中建","1946","第4期","15",NA,"上海"
"烦闷·突变·跃进 :王理事长在八月四日国父纪念周上的报告:烦闷形成了对工作的厌倦，这是事业的障碍；但，这又征兆著突变，即将带来飞跃的进展!","中建","1946","第6期","2-3",NA,"上海"
"牯岭溪边(读者通讯)","潘星照","中建","1946","第6期","8","上海"
"学习经验:读书不要忘了实践","王昆生","中建","1946","第7期","13-14","上海"
"学习经验:我怎样学习社会科学","金大均","中建","1946","第7期","14-15","上海"
"生活片断:从心底发出来的声音:我们要不断求进步","中建","1946","第6期","6-7",NA,"上海"
"识患难·图自强","冷欣","中建","1946","第8期","6-7","上海"
"胜利日:不应悲观","澄波","中建","1946","第8期","8-9","上海"
"胜利日:为真理和幸福奋斗","高祖文","中建","1946","第8期","8","上海"
"胜利日:深刻的清醒，高度的热情","金大钧","中建","1946","第8期","9","上海"
"胜利日:和平建设","王昆生","中建","1946","第8期","10","上海"
"美游新影(旅行通信)(三):金市名胜、动物园、音乐会、加省大学、旧金山市立医院","中建","1946","第10期","16",NA,"上海"
"我在当前最须解决的一个问题:问题的提出:团体事业与个人进步","何肫林","中建","1946","第11期","4-5","上海"
"我们的基地工作:一种想法","中建","1946","第3期","2-3",NA,"上海"
"社务的报导社员的动态:中建内外:中建学习团","中建","1946","第12期","15",NA,"上海"
"工作经验:各尽所能·各抒所长:人事处理漫话:工作原则、“假想敌”、“严”与“正”的精神、意义所在","中建","1946","第13期","9",NA,"上海"
"通益上海分公司经办粮货报告书:附录:二、通益上海分公司配售粮贷米办法","中建","1946","第2期","11",NA,"上海"
"我在当前最须解决的一个问题:问题的提出:从矛盾迷惘中求清醒","钱晓义","中建","1946","第11期","7","上海"
"三十五年中的一件事:工作:以紧张弥补松懈","唐思礼","中建","1946","第14期","7","上海"
"读物简介:烽火天涯","程造之","中建","1946","第6期","10-11","上海"
"国庆集:感想与希望:前仆后继话国庆","赵志华","中建","1946","第10期","5","上海"
"社务的报导社员的动态:中建内外:工作进展","中建","1946","第9期","12-13",NA,"上海"
"中建内外:社务的报导社员的动态:广播","中建","1946","第7期","14",NA,"上海"
"检查你自己(卷头言)","中建","1946","第3期","1",NA,"上海"
"迁居散记","江峰","中建","1946","第2期","15-16","上海"
"生活片断:工友补习班","吴靓云","中建","1946","第8期","14","上海"
"社务的报导，社员的动态:中建内外:基地工作即展开","中建","1946","第2期","12-13",NA,"上海"
"教育上的问题","高祖文","中建","1946","第9期","9","上海"
"国庆集:八年中的一页:工作·逃难·读书:我的八年","陈梅卿","中建","1946","第10期","7-9","上海"
"工作经验:浦东上南公路踏勘记","孙凯根","中建","1946","第10期","11","上海"
"国庆集:八年中的一页:治乱世·用重典","何肫林","中建","1946","第10期","9","上海"
"国庆集:八年中的一页:记步光","高祖文","中建","1946","第10期","9","上海"
"社务的报导，社员的动态:中建内外:临大的要案","中建","1946","第6期","13",NA,"上海"
"国庆集:感想与希望:十字架的精神","瞿康祖","中建","1946","第10期","6","上海"
"中建内外:基地活动","中建","1946","第14期","14-15",NA,"上海"
"农事资料:今年农场的三个试验","夏骏骑","中建","1948","第3卷 第15期","14-15","上海"
"补白抄","益人","中建","1948","第3卷 第2期","16","上海"
"低调话生产:一个保合作社生产部门计划的报告","李乡朴","中建","1948","第2卷 第22期","4-6","上海"
"民权思想深入民间","翁碧鲜","中建","1948","第2卷 第22期","8-11","上海"
"关于“讨论纲要”的几点说明","中建","1948","第2卷 第22期","6",NA,"上海"
"列车里的自由(三):美国通讯","赵志华","中建","1948","第2卷 第23期","12-13","上海"
"运粮琐记(五)","程梯云","中建","1948","第2卷 第21期","16","上海"
"“南汇土革”与“中建农场”","郑诚章","中建","1948","第3卷 第7期","6-7","上海"
"南汇之行","杨同芳","中建","1948","第2卷 第19期","12","上海"
"运粮琐记(三)","程梯云","中建","1948","第2卷 第19期","16","上海"
"中建内外:耕耘与收获的交响","中建","1948","第3卷 第3期","12-13",NA,"上海"
"中建内外:基地动态:交通","中建","1948","第2卷 第18期","15",NA,"上海"
"中建内外:在农场:奖励办法","中建","1948","第2卷 第16期","14",NA,"上海"
"中建内外:“合作”杀棉虫","中建","1948","第3卷 第3期","13",NA,"上海"
"中建内外:读者之友创建组织","中建","1948","第3卷 第3期","15",NA,"上海"
"通讯:郑州行","朱树锦","中建","1948","第2卷 第16期","13","上海"
"中建内外:在农场:畜殖推广","中建","1948","第2卷 第16期","14",NA,"上海"
"中建内外:五月农事最繁忙:小熟丰收皆大欢喜","中建","1948","第3卷 第1期","14",NA,"上海"
"中建内外:基地动态:独树港进程","中建","1948","第2卷 第24期","13",NA,"上海"
"中建内外:在农场:其它","中建","1948","第2卷 第15期","14",NA,"上海"
"中建内外:基地动态:合作","中建","1948","第2卷 第15期","14-15",NA,"上海"
"暑工特辑:谁说农民笨?","周其晋","中建","1948","第3卷 第6期","9","上海"
"中建内外:团体了望:人与事之动","中建","1948","第2卷 第24期","13",NA,"上海"
"中建内外:合作事业新进展","中建","1948","第3卷 第3期","14-15",NA,"上海"
"中建内外:暑期农村服务将跨步","中建","1948","第3卷 第3期","15",NA,"上海"
"中建内外:在农场:集耕区扩充","中建","1948","第2卷 第19期","14",NA,"上海"
"兴趣与创造","钟杰","中建","1948","第3卷 第2期","8-9","上海"
"江苏第三区的交通水利(四续):建设研究","陆养浩","中建","1948","第2卷 第16期","4-5","上海"
"中建内外:基地动态:中建农场","中建","1948","第2卷 第20期","19",NA,"上海"
"中建内外:团体了望:经济业务","中建","1948","第2卷 第15期","15",NA,"上海"
"中建内外:基地动态:合作","中建","1948","第2卷 第19期","15",NA,"上海"
"中建内外:团体了望:展开普选教育","中建","1948","第2卷 第16期","15",NA,"上海"
"八卦山边:台湾通讯","潘星照","中建","1948","第2卷 第16期","12","上海"
"中建社三十六年重要工作简表:[表格]","中建","1948","第2卷 第20期","8-9",NA,"上海"
"社庆笔会:希望团体份子与“中建”更靠紧","金大均","中建","1948","第2卷 第20期","15","上海"
"中建内外:淡月遇涨潮","中建","1948","第3卷 第3期","13-14",NA,"上海"
"中建内外:基地动态:社会与教育","中建","1948","第2卷 第15期","15",NA,"上海"
"共鸣的音响:称你们“同志”好么?","杨玉卿","中建","1948","第2卷 第18期","5","上海"
"中建内外:“读者之友”","中建","1948","第3卷 第4期","14",NA,"上海"
"知识推广活动:中建图书馆工作报导","徐成良","中建","1948","第3卷 第2期","10-11","上海"
"无锡参加观记","林图复","中建","1948","第3卷 第10期","4-5","上海"
"海外来信","中建","1948","第3卷 第2期","14",NA,"上海"
"中建内外:基地动态:农村改进","中建","1948","第2卷 第19期","14-15",NA,"上海"
"渔民福斯的忠仆:东南渔业公司","陆养浩","中建","1948","第2卷 第20期","5-6","上海"
"以集耕农场为核心的:农村工作讨论纲要草案","中建","1948","第2卷 第21期","4-6",NA,"上海"
"中建内外:基地动态:社会与教育","中建","1948","第2卷 第20期","19",NA,"上海"
"浦东美棉之栽培生长的初步调查","金志文","中建","1948","第3卷 第3期","10-11","上海"
"业余补习做学教:联系工作和学习的一例","王昆生","中建","1948","第2卷 第16期","6-9","上海"
"淡水之游","陈士华","中建","1948","第3卷 第2期","15","上海"
"工作纵横:时间与技能的控制:从调配车辆的技术常识谈到“浦建”的车辆调配工作","范家骅","中建","1948","第2卷 第21期","8-9","上海"
"铅山时代的两个研究所","沈定一","中建","1948","第2卷 第20期","11","上海"
"漫谈记录工作","王昆生","中建","1948","第2卷 第21期","8-9","上海"
"售票者言","中建","1948","第3卷 第4期","8-9",NA,"上海"
"工作纵横:独树港剪影(一)","周公南","中建","1948","第2卷 第15期","8-9","上海"
"中建内外:向虫害搏斗","中建","1948","第3卷 第2期","13",NA,"上海"
"从出版事业说到中建出版社","瞿康祖","中建","1948","第2卷 第20期","12","上海"
"我对团体的罪言","陈涛","中建","1948","第3卷 第11期","11","上海"
"中建内外:团体了望:地方工作","中建","1948","第2卷 第19期","15",NA,"上海"
"中建内外:抗著暴风雨的袭击","中建","1948","第3卷 第4期","12-13",NA,"上海"
"中建内外:团体了望:中建自助生","中建","1948","第2卷 第18期","15",NA,"上海"
"抢救教育危机","陈荩民","中建","1948","第3卷 第2期","2-3","上海"
"浦东水利刍议","严涵温","中建","1948","第3卷 第4期","2-3","上海"
"工作纵横:我们需要一个印刷所","程梯云","中建","1948","第3卷 第4期","8-9","上海"
"新型的农民娱乐:记独树港农民晚会","周公南","中建","1948","第3卷 第6期","4-7","上海"
"关于剩余劳力问题","王昆生","中建","1948","第3卷 第12期","2-4","上海"
"暑工特辑:一年一度的农村服务","费祥俊","中建","1948","第3卷 第6期","6-8","上海"
"从充实中求发展:民国三十七年的展望","中建","1948","第2卷 第15期","1",NA,"上海"
"中建内外:团体了望:文化","中建","1948","第2卷 第24期","13",NA,"上海"
"怎样接受考工?","中建","1948","第2卷 第17期","1",NA,"上海"
"穷及其它:有关小学教育的一些意见","瞿家杰 吴靓云","中建","1948","第3卷 第5期","10-11","上海"
"信箱:剩余劳力问题及其它","中建","1948","第3卷 第11期","13",NA,"上海"
"县政改革的经验","谷林歌","中建","1948","第2卷 第17期","5","上海"
"盐民要有生路!(建设研究):访问袁浦盐场的感想和意见","陆养浩","中建","1948","第2卷 第17期","6-7","上海"
"中建内外:基地动态:浦协全体会","中建","1948","第2卷 第16期","15",NA,"上海"
"论新作风:兼以推荐王艮仲同志“争取普选成功”的竞选活动","张霞飞","中建","1948","第2卷 第16期","2-3","上海"
"本刊第三卷的设计","中建","1948","第3卷 第1期","16",NA,"上海"
"中建内外:简报","中建","1948","第3卷 第1期","15",NA,"上海"
"如此农贷","陈涛","中建","1948","第3卷 第12期","6-7","上海"
"以物易货在大团保合作社","周佑文","中建","1948","第3卷 第12期","8-9","上海"
"中建内外:自助生举行谈话会:关于社会活动","中建","1948","第3卷 第7期","15-16",NA,"上海"
"“体验”与“空想”","封淑","中建","1948","第3卷 第11期","16","上海"
"中建内外:团体了望:共鸣的事业","中建","1948","第2卷 第22期","15",NA,"上海"
"做人做事一致","张正邦","中建","1948","第2卷 第22期","2-3","上海"
"通讯:列车里的自由(一):美国通讯","赵志华","中建","1948","第2卷 第21期","12-13","上海"
"欢迎农场主任候选人","朱树锦","中建","1948","第3卷 第13期","2-3","上海"
"中国生物科学研究所:一个属于纯粹科学研究工作者自己的研究机构","赵心梅","中建","1948","第2卷 第20期","10","上海"
"托尔斯泰传(上)","宋宝尊","中建","1948","第2卷 第15期","16","上海"
"我向著窗外望","陈梅卿","中建","1948","第3卷 第13期","16","上海"
"漫谈三一减租","陈涛","中建","1948","第3卷 第14期","4-5","上海"
"中建内外:农场在六月的门槛上","中建","1948","第3卷 第2期","12-13",NA,"上海"
"在工作岗位上看“普建”","朱树锦","中建","1948","第2卷 第19期","9-10","上海"
"学习团，再起!","姚志英","中建","1948","第2卷 第20期","13","上海"
"中建内外:进修会","中建","1948","第2卷 第16期","15",NA,"上海"
"向文盲挑战","顾家樑","中建","1948","第3卷 第11期","8-9","上海"
"为民生而合作","顾掌擎","中建","1948","第3卷 第10期","4-5","上海"
"电教尝试小结","宋宝山","中建","1948","第3卷 第10期","8-9","上海"
"放结绒线衫:一次失败的经验","马碧莲","中建","1948","第2卷 第15期","10-11","上海"
"农民的真爱和真恨:浦东合作示范区见闻录","沈依新","中建","1948","第3卷 第9期","4-5","上海"
"机动车的医院:漫谈“浦建”的机务工作，以及感想和意见","叶烈诚","中建","1948","第2卷 第23期","10-11","上海"
"中建内外:图书馆等三则","中建","1948","第3卷 第5期","13",NA,"上海"
"半岁十荒话合作:浦东合作示范区首度综合报导","李乡朴","中建","1948","第3卷 第6期","10-11","上海"
"美国杂讯:“铁幕”","中建","1948","第3卷 第3期","16",NA,"上海"
"中建内外:减租运动广泛展开","平凡","中建","1948","第3卷 第13期","9","上海"
"中建内外:浦东工作站三事、征选农场主任、农场加工场诞生　　","中建","1948","第3卷 第12期","12-13",NA,"上海"
"响应“三一减租”运动","何肫林","中建","1948","第3卷 第13期","4-5","上海"
"美国杂讯:“集会自由”","中建","1948","第3卷 第3期","16",NA,"上海"
"暑工特辑:访问施家圈甲长","王必章","中建","1948","第3卷 第6期","8-9","上海"
"中建内外:团体了望:学习张霞飞","中建","1948","第2卷 第23期","15",NA,"上海"
"电教尝试小结(二)","宋宝山","中建","1948","第3卷 第9期","10-11","上海"
"新企业与地方建设:以浦建公司为标本的一个讨论纲要","中建","1948","第2卷 第22期","7",NA,"上海"
"中建农场三日行(续)","中建","1948","第3卷 第11期","14-15",NA,"上海"
"两封信:小统计","张光华","中建","1948","第2卷 第24期","5","上海"
"故都漫谈","张霞飞","中建","1948","第3卷 第12期","14-15","上海"
"小狗","禾夫","中建","1948","第3卷 第15期","12-13","上海"
"中建内外:在农场:场员学习","中建","1948","第2卷 第21期","14",NA,"上海"
"关于电教下乡:由电教组视桥巡映想起","王必章","中建","1948","第3卷 第7期","14","上海"
"中建内外:优工录","中建","1948","第2卷 第18期","14",NA,"上海"
"正当生存·好莱坞·安娜与暹罗王","颜衡余","中建","1948","第3卷 第14期","6-7","上海"
"中建内外:基地动态:社会教育","中建","1948","第2卷 第24期","13",NA,"上海"
"关于“老生常谈”","中建","1948","第2卷 第18期","1",NA,"上海"
"托尔斯泰传(下)","宋宝尊","中建","1948","第2卷 第16期","16","上海"
"为政之道","黄钧达","中建","1948","第2卷 第17期","2-4","上海"
"中建内外:基地动态:空中交通网","中建","1948","第2卷 第24期","12-13",NA,"上海"
"记“大家读”夜校","孙保仁","中建","1948","第3卷 第6期","12-14","上海"
"中建内外:基地动态:农村改进","中建","1948","第2卷 第16期","15",NA,"上海"
"运粮琐记(八)","程梯云","中建","1948","第2卷 第24期","16","上海"
"车站工作所感","纪宏智","中建","1948","第2卷 第18期","10-11","上海"
"中建内外:基地动态:农村改进","中建","1948","第2卷 第15期","15",NA,"上海"
"中建内外:在农场:看向春作","中建","1948","第2卷 第24期","12",NA,"上海"
"中建内外:在农场:关系事项","中建","1948","第2卷 第19期","14",NA,"上海"
"南汇土地改革方案论辑","中建","1948","第3卷 第14期","14-16",NA,"上海"
"中建内外:基地动态:农村改进","中建","1948","第2卷 第21期","14-15",NA,"上海"
"正当生存与择友散论","颜衡余","中建","1948","第3卷 第13期","10-11","上海"
"修诚·立信·建功","中建","1948","第2卷 第16期","1",NA,"上海"
"独树港剪影(五)","周公南","中建","1948","第2卷 第21期","10-11","上海"
"从崇明看旧式渔业的前途","程梯云","中建","1948","第2卷 第16期","10-11","上海"
"团集在建设旗帜下:介绍江苏省第三区建设座谈会","何肫林","中建","1948","第2卷 第18期","7","上海"
"中建内外:基地动态:合作","中建","1948","第2卷 第21期","14",NA,"上海"
"中建内外:基地动态:关于地工委","中建","1948","第2卷 第24期","13",NA,"上海"
"中建内外:进修会","中建","1948","第2卷 第18期","15",NA,"上海"
"种田人真苦恼","江天","中建","1948","第3卷 第14期","12-13","上海"
"“土改实施方案草目”的商榷","各家","中建","1948","第3卷 第4期","6-7","上海"
"工作纵横:我们怎样辅导合作的?:南汇合作辅导之过去与将来","陈涛","中建","1948","第2卷 第16期","6-7","上海"
"团体经济事业往何处?","张霞飞","中建","1948","第2卷 第20期","2-3","上海"
"中建内外:周浦带来的消息","陈镜善","中建","1948","第3卷 第11期","10-11","上海"
"中建内外:“大家读”夜校","中建","1948","第3卷 第5期","13",NA,"上海"
"中建内外:在农场:春耕第二度","中建","1948","第2卷 第22期","14",NA,"上海"
"妇女劳动问题","陈士华","中建","1948","第3卷 第6期","4-5","上海"
"中建内外:进修会","中建","1948","第2卷 第15期","15",NA,"上海"
"中建内外:团体了望:人与事之动","中建","1948","第2卷 第19期","15",NA,"上海"
"中建内外:进修会","中建","1948","第2卷 第19期","15",NA,"上海"
"记一个挑泥工人的话","孙保仁","中建","1948","第3卷 第12期","10-11","上海"
"中建内外:在农场:其它","中建","1948","第2卷 第16期","14",NA,"上海"
"中建内外:基地动态:交通","中建","1948","第2卷 第19期","15",NA,"上海"
"浦东一周","郑诚章","中建","1948","第3卷 第8期","14-16","上海"
"美国通讯:小害为佳:记美国大选","芝英","中建","1948","第3卷 第12期","5","上海"
"中建内外:团体了望:文化","中建","1948","第2卷 第21期","15",NA,"上海"
"中建内外:在农场:耕植轮廓画","中建","1948","第2卷 第23期","14",NA,"上海"
"美国通讯:黑白之间(四)","赵志华","中建","1948","第2卷 第20期","18","上海"
"人事制度的新页:记中建农场主任选举","中建","1948","第3卷 第15期","2-5",NA,"上海"
"记吴靓云的工作影响","平凡","中建","1948","第3卷 第10期","10-11","上海"
"“中建”经济工作单位三型:通益—企业单位的母体","陆麟勋","中建","1948","第2卷 第20期","4","上海"
"中建内外:团体了望:地方工作","中建","1948","第2卷 第21期","15",NA,"上海"
"运粮琐记(二)","程梯云","中建","1948","第2卷 第18期","16","上海"
"通讯:黑白之间(美国通讯)","赵志华","中建","1948","第2卷 第17期","14-15","上海"
"摸索著前进!:纪念中建农场二周年","朱树锦","中建","1948","第3卷 第8期","2-3","上海"
"大选三幕剧(一)","赵志华","中建","1948","第3卷 第4期","16","上海"
"中建内外:团体了望:经济业务","中建","1948","第2卷 第18期","15",NA,"上海"
"独树港剪影(六)","周公南","中建","1948","第2卷 第22期","10-11","上海"
"工作纵横:拓展浦东县道管窥","傅菊人","中建","1948","第2卷 第17期","8-9","上海"
"创建革命事业的群众基础:对农场主任用公开竞选方式产生的建议","朱树锦","中建","1948","第3卷 第10期","6-7","上海"
"独树港剪影(二)","周公南","中建","1948","第2卷 第16期","8-9","上海"
"爱事业，属于事业!:纪念建设，要发展理论、充实事业、扩大团结","中建","1948","第2卷 第20期","1",NA,"上海"
"中建内外:基地动态:交通","中建","1948","第2卷 第15期","15",NA,"上海"
"农事资料:美棉田间记录","陈涛","中建","1948","第3卷 第7期","12-13","上海"
"农村的医药服务","章祖海","中建","1948","第3卷 第11期","8-9","上海"
"中建内外:团体了望:人与事之动","中建","1948","第2卷 第23期","15",NA,"上海"
"运粮琐记(六)","程梯云","中建","1948","第2卷 第22期","16","上海"
"中建内外:建社纪念","中建","1948","第2卷 第20期","19",NA,"上海"
"记一个天才农民","周公南","中建","1948","第3卷 第7期","8-9","上海"
"独树港剪影(四)","周公南","中建","1948","第2卷 第18期","10-11","上海"
"播种不忘耕耘","唐思礼","中建","1948","第2卷 第20期","16","上海"
"听三区建设座谈会看地方建设新展向","沈定一","中建","1948","第2卷 第24期","6-7","上海"
"萝的启示","费吴炯","中建","1948","第3卷 第13期","14-15","上海"
"游新店碧潭","陈士华","中建","1948","第3卷 第10期","16","上海"
"中建内外:团体了望:经济单位主干异调","中建","1948","第2卷 第21期","15",NA,"上海"
"中建内外:自助生举行谈话会:关于美棉推广","中建","1948","第3卷 第7期","16",NA,"上海"
"中建内外:基地动态:合作","中建","1948","第2卷 第23期","15",NA,"上海"
"中建内外:团体了望:经济业务","中建","1948","第2卷 第19期","15",NA,"上海"
"健社厄言","陆养浩","中建","1948","第2卷 第18期","2-3","上海"
"育才学校和山海工学团:参观报告","吴靓云","中建","1948","第3卷 第15期","10-11","上海"
"美国通讯:大选三幕剧(三)","赵志华","中建","1948","第3卷 第6期","13-15","上海"
"祝本刊北平版诞生:社在飞跃，明确并坚持一个进步的事业倾向","中建","1948","第3卷 第5期","2-3",NA,"上海"
"县政府:地方工作计划之四","朱树锦","中建","1948","第3卷 第5期","4-5","上海"
"喘息与绝望:回乡小记","再珠","中建","1948","第2卷 第24期","14-15","上海"
"中建内外:在农场:畜殖推广","中建","1948","第2卷 第15期","14",NA,"上海"
"“中建路线”的社会根据","中建","1948","第2卷 第19期","11",NA,"上海"
"黑白之间:美国通讯","赵志华","中建","1948","第2卷 第19期","13","上海"
"中建内外:在农场:检讨与集会","中建","1948","第2卷 第19期","14",NA,"上海"
"中建内外:五月农事最繁忙:棉田喜雨田苗无虑","中建","1948","第3卷 第1期","14",NA,"上海"
"中建内外:自助生举行谈话会:关于剩余劳力","中建","1948","第3卷 第7期","16",NA,"上海"
"我们的临时宿舍","夏笃","中建","1948","第3卷 第9期","8-9","上海"
"“执法”与“守法”:为团体法治问题进一解","陈镜善","中建","1948","第3卷 第8期","6-7","上海"
"农事资料:美棉田间记录(二)","陈涛","中建","1948","第3卷 第8期","13","上海"
"浦东农民是怎样过活的?","丁二","中建","1948","第3卷 第8期","4-5","上海"
"暑工特辑:访问合作社社员","牛纵","中建","1948","第3卷 第8期","8-9","上海"
"中建内外:预防美棉虫害","中建","1948","第3卷 第7期","16",NA,"上海"
"暑工特辑:与农民话美棉","费祥俊","中建","1948","第3卷 第9期","8-9","上海"
"共鸣的音响:找事做总有意义","严钟杰","中建","1948","第2卷 第18期","5-6","上海"
"初访中建农场","强华","中建","1948","第3卷 第6期","16","上海"
"中建内外:团体了望:争取竞选的模范","中建","1948","第2卷 第15期","15",NA,"上海"
"中建内外:团体了望:地方工作","中建","1948","第2卷 第18期","15",NA,"上海"
"工作纵横:为合作事业播种:重建南汇合作社初阶段的总结","潘静","中建","1948","第2卷 第18期","8-9","上海"
"中国农村的剖视及其改造","程厚之","中建","1948","第3卷 第1期","4-7","上海"
"中建内外:进修会","中建","1948","第2卷 第24期","13",NA,"上海"
"台湾通讯:游日月谭","潘星照","中建","1948","第2卷 第24期","14-15","上海"
"事业与现实的关联:我们是否，曾否忽略了对现实局势的注视和把握?","张正邦","中建","1948","第3卷 第1期","2-3","上海"
"海村新苗:记农场的儿童节","汪铭德","中建","1948","第2卷 第23期","8-11","上海"
"新技术与旧组织","茅行健","中建","1948","第2卷 第17期","8-9","上海"
"司机技工的教育指导","郑春泉","中建","1948","第2卷 第17期","10-11","上海"
"中建内外:不速之客","中建","1948","第3卷 第5期","13",NA,"上海"
"论“富农经济”","林笙","中建","1948","第3卷 第14期","2-3","上海"
"原棉购销的尝试","陈仲期","中建","1948","第2卷 第24期","10-11","上海"
"运粮琐记(一)","程梯云","中建","1948","第2卷 第17期","16","上海"
"中建内外:基地的交通·文教及其它:杂屑","中建","1948","第3卷 第1期","15",NA,"上海"
"中建内外:团体了望:经济单位","中建","1948","第2卷 第22期","15",NA,"上海"
"共鸣的音响:革命政权最重要","张谦","中建","1948","第2卷 第18期","4","上海"
"工作纵横:农场之创办经营与管理:附表","金志文","中建","1948","第3卷 第5期","6-9","上海"
"电教尝试小结","宋宝山","中建","1948","第3卷 第8期","10-11","上海"
"中建内外:团体了望:地方工作","中建","1948","第2卷 第20期","19",NA,"上海"
"对团体进修的一种意见:本刊第二周年的总结检讨","中建","1948","第2卷 第24期","2-3",NA,"上海"
"中建内外:五月农事最繁忙:调查场员剩余劳力","中建","1948","第3卷 第1期","14",NA,"上海"
"星夜漫画","赵志华","中建","1948","第3卷 第1期","12-13","上海"
"外勤工作拉杂谈","汪铭德","中建","1948","第3卷 第1期","10-11","上海"
"暑工特辑:合作的理论与实践:复旦大学系几位同学在浦东合作示范区实习后的书面意见","中建","1948","第3卷 第7期","10-12",NA,"上海"
"花鸟的钓渔业","洪步蟾","中建","1948","第2卷 第15期","8-11","上海"
"积储胜利的实力","中建","1948","第2卷 第22期","1",NA,"上海"
"中建内外:基本纲领的讨论","封淑","中建","1948","第3卷 第13期","9","上海"
"中建内外:团体了望:进修及其它","中建","1948","第2卷 第20期","19",NA,"上海"
"我怎样参加“中建”工作","宋宝山","中建","1948","第2卷 第20期","17","上海"
"中建内外:基地动态:教育与社会","中建","1948","第2卷 第16期","15",NA,"上海"
"中建内外:基地动态:社会与教育","中建","1948","第2卷 第18期","15",NA,"上海"
"中建内外:进修会","中建","1948","第2卷 第22期","15",NA,"上海"
"农忙托儿所的示范","周公南","中建","1948","第3卷 第2期","8-9","上海"
"中建内外:团体了望:选教检讨","中建","1948","第2卷 第20期","19",NA,"上海"
"中建内外:在农场:麦产估计","中建","1948","第2卷 第23期","14",NA,"上海"
"工作纵横:煤商的末路","张霞飞","中建","1948","第3卷 第3期","8-10","上海"
"辟“命定论”","蒙若","中建","1948","第3卷 第15期","8-9","上海"
"地方金融事业协动的起点:创建沪郊县银行关系之种种","潘子平","中建","1948","第2卷 第21期","7","上海"
"中建内外:基地动态:农业推广","中建","1948","第2卷 第22期","14-15",NA,"上海"
"学习做乡下医生","陈景茜","中建","1948","第2卷 第21期","10-11","上海"
"中建内外:在农场:工作计划化","中建","1948","第2卷 第19期","14",NA,"上海"
"中建内外:在农场:畜殖副业","中建","1948","第2卷 第24期","12",NA,"上海"
"中建内外:在农场:冬作分布","中建","1948","第2卷 第19期","14",NA,"上海"
"服从团体利益","中建","1948","第2卷 第19期","1",NA,"上海"
"巡迥文箱与流动书包","徐成良","中建","1948","第3卷 第14期","8-9","上海"
"青年的时代任务:本刊座谈记录:开场白(昆生)、平凡、明辉、信华、春泉、靓云、其晋、忠纯、祥俊、必章、梅卿、成良、保仁","中建","1948","第3卷 第7期","2-5",NA,"上海"
"推广美棉第二年","陈涛 汪铭德 汪超伦","中建","1949","第3卷 第16期","2-3","上海"
"美国通讯:圣诞潮","赵志华","中建","1949","第3卷 第16期","10-12","上海"
"研究资料:改革土地制度的一个具体拟议:范朴齐先生所拟","中建","1949","第3卷 第16期","12-14",NA,"上海"
"论这一代青年的婚姻","史靖","中建","1949","第3卷 第16期","6-8","上海"
"战后苏联农业","中建","1949","第3卷 第16期","15",NA,"上海"
"中建内外","中建","1949","第3卷 第16期","9",NA,"上海"
"买书","叶健铁","中建","1949","第3卷 第16期","16","上海"
"土地改革是手段吗?:谨就正于施复亮先生","封淑","中建","1949","第3卷 第16期","4-5","上海"
"迎著太阳","今吾","中建","1949","第3卷 第16期","8","上海"
"对团体的一次检查:主席解答","中建","1946","第3期","6",NA,"上海"
"信箱:团体的关切","中建","1946","第13期","15",NA,"上海"
"一次工作检查的实施:财务:在通益","何肫林","中建","1946","第13期","6","上海"
"把握地方工作的性质立场和态度:检查工作·体认经验:改革是整个的","中建","1946","第7期","3",NA,"上海"
"工作经验:外海工作漫谈","程梯云","中建","1946","第10期","12","上海"
"我在国父诞辰做了什么?","中建","1946","第12期","2-3",NA,"上海"
"中建内外:社务的报导社员的动态:进修与集会","中建","1946","第3期","8-9",NA,"上海"
"六月九日读书会的记录:融洽劳资，抢救工业!","中建","1946","第3期","5-6",NA,"上海"
"工作报告:八个月来的中建图书馆","高祖文","中建","1946","第3期","7-8","上海"
"我们的基地工作:尾语","中建","1946","第3期","4",NA,"上海"
"嵊泗纪行","唐思礼","中建","1946","第3期","15","上海"
"做人做事之三敌(卷头言)","中建","1946","第7期","1",NA,"上海"
"信箱:值得“干”，有“作为”!","徐学礼","中建","1946","第11期","16","上海"
"中建内外(社务的报导社员的动态):事业机构的推展","中建","1946","创刊号","6",NA,"上海"
"社论:斗士的精神","中建","1946","第2期","1",NA,"上海"
"浦东之行","中建","1946","第2期","3-5",NA,"上海"
"社务的报导社员的动态:中建内外:临时社员大会","中建","1946","第5期","6",NA,"上海"
"对团体的一次检查:提出问题","中建","1946","第3期","6",NA,"上海"
"通益在杭州(工作报告):一年间、“商人身”、“和而不同”","傅亮","中建","1946","第11期","13","上海"
"生活片断:工作实绩是无敌的雄辩","顾佩之","中建","1946","第10期","13","上海"
"工业界面临严重危机!:上海工业问题座谈记录","中建","1946","第2期","8-9",NA,"上海"
"进修会:怎样清除消极?:主席结论","中建","1946","创刊号","4，7",NA,"上海"
"改过之勇","中建","1946","第12期","1",NA,"上海"
"地方工作的问题与出路:一群实际工作者的座谈记录:把整个目标与岗位努力配合起来","中建","1946","第12期","8",NA,"上海"
"中建内外(社务的报导社员的动态):人与事的动","中建","1946","创刊号","7",NA,"上海"
"三十五年中的一件事:工作:傻子的自白","赵志华","中建","1946","第14期","7","上海"
"办理地方报的尝试:“新浦东报”种种","中建","1946","第13期","12",NA,"上海"
"县政经验:两年半来的上海县政","中建","1946","第11期","8-9",NA,"上海"
"今日的出版业:这么多困难、发行和推广、奇迹的繁荣、前途的争取","云涛","中建","1946","第11期","10-11","上海"
"一次工作检查的实施:图书:我们的图书馆","何肫林","中建","1946","第13期","7","上海"
"社务的报导，社员的动态:中建内外:理事会公告","中建","1946","第6期","12-13",NA,"上海"
"纪律是团体的力量","中建","1946","第5期","8",NA,"上海"
"中建工作站:为什么设站、组织和活动、理想的要求","赵心梅","中建","1946","第5期","9","上海"
"带著学习的心情，参观新闻报馆(参观报告)","朱树锦","中建","1946","第6期","9","上海"
"胜利日:建国的最起码条件","赵志华","中建","1946","第8期","9","上海"
"生活片断:生活的感应","邹云涛","中建","1946","第14期","11","上海"
"嵊泗纪行(二):旅行通讯","唐思礼","中建","1946","第4期","16","上海"
"“动”的要求!(卷头言)","中建","1946","第5期","1",NA,"上海"
"渔需供应站:渔村工作的据点:主要的业务、工作太不够、原因在那里、两项经验","中建","1946","第13期","10",NA,"上海"
"把握地方工作的性质立场和态度:检查工作·体认经验:三点结论","中建","1946","第7期","2",NA,"上海"
"通益上海分公司工作报告","中建","1946","创刊号","5",NA,"上海"
"从学习中吸取养料，从生活中积蓄活力:生活片断:生活的深度和广度","中建","1946","第7期","11",NA,"上海"
"把握地方工作的性质立场和态度:强调失败，记住它!温习这中间得来的教训:工作上疏忽","中建","1946","第7期","5",NA,"上海"
"把握地方工作的性质立场和态度:强调失败，记住它!温习这中间得来的教训:政治脱了节","中建","1946","第7期","5",NA,"上海"
"生活片断:面向进步!","中建","1946","第5期","12-13",NA,"上海"
"信箱:生活的空隙","中建","1946","创刊号","11-12",NA,"上海"
"信箱:学习手扎","中建","1946","创刊号","12",NA,"上海"
"三十五年中的一件事:个人:可怕的警告","朱树锦","中建","1946","第14期","5","上海"
"把握地方工作的性质立场和态度:检查工作·体认经验:有利要做困难更做","中建","1946","第7期","4",NA,"上海"
"生活片断:勤学习，求进步!:自我充实的条件","吴靓云","中建","1946","第9期","12","上海"
"胜利日:前言","编者","中建","1946","第8期","8","上海"
"办理地方报的尝试:怎样接受这一个任务","中建","1946","第13期","12",NA,"上海"
"我们的基地工作:几点说明","中建","1946","第3期","3",NA,"上海"
"一个“中建斗士”的要求","王艮仲","中建","1946","创刊号","2","上海"
"生活片断:设计和建议:五项计划","朱树锦","中建","1946","第12期","16","上海"
"“中建”工作的自我批评:第一次工作检查的总结:两点说明、实施检查的总结、方法的补充","王艮仲","中建","1946","第14期","2-3","上海"
"信箱:不做“挂名社员”","中建","1946","第8期","12-13",NA,"上海"
"生活片段:家国之忧","王崐生","中建","1946","第3期","10","上海"
"纪念国庆之话","中建","1946","第9期","1",NA,"上海"
"一次工作检查的实施:出版:走上了轨道","云涛","中建","1946","第13期","8","上海"
"中建花絮:天字第一号忙人、四十九年之非","记者","中建","1946","第3期","14","上海"
"中建笔谈:本社应即举办的一项事业(本刊第一次征文):理想的中学","张霞飞","中建","1946","第5期","10","上海"
"生活片断:工作中的感应:向运动场注视!","顾佩之","中建","1946","第12期","16","上海"
"“除岁”的节目","中建","1946","第14期","1",NA,"上海"
"工作经验:事物工作谭琐:事务工作的了解、必须改变的观念、“约束”与“担当”","沈定一","中建","1946","第14期","9","上海"
"人生","A.K.","中建","1946","创刊号","9","上海"
"中建内外:社务的报导社员的动态:集会与演讲","中建","1946","第8期","13",NA,"上海"
"三十五年中的一件事:前言","中建","1946","第14期","4",NA,"上海"
"生活片段:进修第一!","张霞飞","中建","1946","第3期","11","上海"
"社务的报导社员的动态:中建内外:事业新态","中建","1946","第4期","9",NA,"上海"
"三十五年中的一件事:社会:一件小事","符唐祖","中建","1946","第14期","8","上海"
"看向“中建农场”:(一)一个值得追记的集会!","张正邦","中建","1946","第4期","5-6","上海"
"中建笔谈:本社应即举办的一项事业(本刊第一次征文):中建印刷所","王昆生","中建","1946","第5期","11","上海"
"通车记(一):工作素描","宋宝山","中建","1946","第8期","16","上海"
"社务的报导，社员的动态:中建内外:事业近态","中建","1946","第6期","13-14",NA,"上海"
"生活片断:痛痒相关","沈定一","中建","1946","第10期","13","上海"
"三十五年中的一件事:个人:我来“中建”","陈士华","中建","1946","第14期","5","上海"
"生活片断:工作前线:虚心接受批评","顾保之","中建","1946","第9期","13","上海"
"生活片断:回家以后","祝唯一 王慕酝 陈梅卿等","中建","1946","第13期","11","上海"
"国庆集:八年中的一页:恐怖中的奋斗","练钢","中建","1946","第10期","7","上海"
"生活片断:生活的感悟:在“做”上加工夫","祝唯一","中建","1946","第9期","13","上海"
"生活片断:设计和建议:一个建议","邹云涛","中建","1946","第12期","16","上海"
"一次工作检查的实施:出版:主动·计划","中建","1946","第13期","7-8",NA,"上海"
"在愉快的气氛中举行:祝胜晚会(速写)","公南","中建","1946","第8期","10-11","上海"
"展开工作检查:工作检查的基本认识、工作检查的量尺、工作检查的精神","王艮仲","中建","1946","第13期","2-3","上海"
"工作经验:从青岛到长沙:苦旅、突兀的变端、勇气与韧性、为结束任务焦虑","邵秉铨","中建","1946","第12期","9","上海"
"读书会专题自由讲述(记录):进修会:“实验县县长”","赵心梅","中建","1946","第9期","6-8","上海"
"读书会专题自由讲述(记录):进修会:“学生会会长”","吴靓云","中建","1946","第9期","8","上海"
"生活片断:勤学习，求进步!:教即是学","赵志华","中建","1946","第9期","12","上海"
"生活片断:女性的自觉","潘静","中建","1946","第8期","14","上海"
"中建笔谈:本社应即举办的一项事业(本刊第一次征文):教育人民","周公南","中建","1946","第5期","11","上海"
"生活片断:理解人生·把握人生:勇于忏悔，深入人群","周公南","中建","1946","第12期","16","上海"
"生活片断:勤学习，求进步!:工作与学习","瞿康祖","中建","1946","第9期","12","上海"
"三十五年中的一件事:工作:丰富工作园地","邵云涛","中建","1946","第14期","7","上海"
"中建内外:社务的报导社员的动态:事业新态","中建","1946","第3期","9",NA,"上海"
"通车记(工作素描)(二)","宋宝山","中建","1946","第9期","16","上海"
"美游心影(旅行通信)(二):两个“八月二十日”、为国内战乱忧惭!太平之洋、登岸之前、第一个印象、沃克兰市","萧冰","中建","1946","第9期","15","上海"
"我在当前最须解决的一个问题:问题的提出:争取女性的工作道路","陈梅卿","中建","1946","第11期","6","上海"
"生活片段:对“中建”的批评","中建","1946","第3期","12",NA,"上海"
"中建学习团在泗礁:渔村建设的干部教育","唐思礼","中建","1946","第14期","10","上海"
"中建内外:社务的报导社员的动态:基地工作","中建","1946","第8期","12",NA,"上海"
"信箱:西北鳞爪:运输概况","中建","1946","第14期","15",NA,"上海"
"我们的基地工作:全面布置","中建","1946","第3期","3-4",NA,"上海"
"学习经验:我底读者观","赵志华","中建","1946","第7期","12-13","上海"
"通益上海分公司经办粮货报告书:附录:一、工作检讨会对分公司工作报告的意见","中建","1946","第2期","11",NA,"上海"
"信箱:革命没有退却!","中建","1946","第9期","14",NA,"上海"
"读书会专题自由讲述(记录):进修会:假使我是“中国的执政者”","周公南","中建","1946","第9期","6","上海"
"社务的报导社员的动态:中建内外:事业近态","中建","1946","第5期","6-7",NA,"上海"
"生活片断:痛痒相关","中建","1946","第4期","15",NA,"上海"
"社务的报导，社员的动态:中建内外:工作调整","中建","1946","第6期","15",NA,"上海"
"美游心影(旅行通讯)(一)","萧冰","中建","1946","第8期","15","上海"
"生活片断:从农场到土地:意见两则","何肫林 王昆生","中建","1946","第11期","14","上海"
"工商业的新途径(认识当前的时代·创建一元的生产·发挥仁爱的精神:新的时代、新的精神、新的任务","王艮仲","中建","1946","第11期","2-3","上海"
"社务的报导社员的动态:中建内外:故旧音讯","中建","1946","第5期","7",NA,"上海"
"一次工作检查的实施:出版:“是大家的事”","瞿康祖","中建","1946","第13期","8","上海"
"春日漫忆","元民","中建","1946","创刊号","8-9","上海"
"信箱:辛勤的垦植","中建","1946","第9期","14",NA,"上海"
"嵊泗纪行(旅行通讯)","唐思礼","中建","1946","第6期","16","上海"
"生活片段:生活意趣","中建","1946","第3期","11-12",NA,"上海"
"生活片断:交通车上","余信华","中建","1946","第8期","14","上海"
"中建笔谈:本社应即举办的一项事业(本刊第一次征文):助学运动","金大均","中建","1946","第5期","11","上海"
"社务的报导社员的动态:中建内外:广播","中建","1946","第4期","11",NA,"上海"
"东南渔业公司工作报告","中建","1946","第4期","12-13",NA,"上海"
"社务的报导社员的动态:中建内外:广播","中建","1946","第9期","12",NA,"上海"
"中建贷学金","高祖文","中建","1946","第4期","2-3","上海"
"信箱:西北鳞爪:陇海货运如蜗牛!","中建","1946","第14期","14",NA,"上海"
"社务的报导社员的动态:中建内外:集会与演讲","中建","1946","第9期","13",NA,"上海"
"进修会:怎样充实我们的读书会","中建","1946","第6期","4-5",NA,"上海"
"中国建设的途径","马博庵","中建","1946","第12期","4-6","上海"
"办理地方报的尝试:现状和远景","中建","1946","第13期","13",NA,"上海"
"我在当前最须解决的一个问题:问题的提出:行路难","朱树锦","中建","1946","第11期","7","上海"
"中建内外:社务的报导社员的动态:中建学习园","中建","1946","第8期","12-13",NA,"上海"
"社务的报导社员的动态:中建内外:故旧音讯","中建","1946","第4期","11",NA,"上海"
"中建内外:社务的报导社员的动态:人与事的动","中建","1946","第7期","15",NA,"上海"
"社务的报导社员的动态:中建内外:集会与人事","中建","1946","第12期","15",NA,"上海"
"学习经验:分析时事的几点心得","姚澄波","中建","1946","第7期","12","上海"
"县政经验:一页回顾","中建","1946","第11期","8",NA,"上海"
"一次工作检查的实施:培养两种心理","何肫林","中建","1946","第13期","5","上海"
"读物简介:中国史论集","中建","1946","第6期","10",NA,"上海"
"进修会:纪念八月八日父亲节:怎样做一个新时代的父亲","中建","1946","第7期","7-9",NA,"上海"
"一次工作检查的实施:图书:资料，做得太少","金大均","中建","1946","第13期","7","上海"
"加重服务!(卷头言)","中建","1946","第4期","1",NA,"上海"
"生活片断:自我充实","郑敬源","中建","1946","第8期","14","上海"
"一次工作检查的实施:工作与学习","潘静","中建","1946","第13期","5","上海"
"工作经验:关于编辑技术","云涛","中建","1946","第10期","10","上海"
"信箱:“结束”和“创始”","中建","1946","第12期","14-15",NA,"上海"
"一次工作检查的实施:发挥母体作用","赵心梅","中建","1946","第13期","5","上海"
"保证工作健康","中建","1946","第13期","1",NA,"上海"
"信箱:把时间充实起来","中建","1946","第11期","16",NA,"上海"
"中建内外(社务的报导社员的动态):团体的新血输","中建","1946","创刊号","6",NA,"上海"
"我在当前最须解决的一个问题:问题的提出:有一位真正的导师","吴靓云","中建","1946","第11期","5","上海"
"中建内外:基地活动:关于农场、关于浦建","中建","1946","第13期","14",NA,"上海"
"中建笔谈:本社应即举办的一项事业(本刊第一次征文):中建食堂","宋宝山","中建","1946","第5期","10-11","上海"
"地方工作的问题与出路:一群实际工作者的座谈记录:教育在破灭中","中建","1946","第12期","7",NA,"上海"
"中国农村的危机与出路:一个“中国农村问题”座谈会的纪录","中建","1946","第5期","4-7",NA,"上海"
"关于读者联谊会","何肫林","中建","1946","第7期","13","上海"
"中建内外:集会与人事","中建","1946","第13期","14-15",NA,"上海"
"中建内外:广播","中建","1946","第13期","15",NA,"上海"
"社务的报导社员的动态:中建内外:集会与人事","中建","1946","第4期","9-11",NA,"上海"
"信箱:西北鳞爪:劳资关系","中建","1946","第14期","15",NA,"上海"
"一次工作检查的实施:财务:在浦建","唐祥__","中建","1946","第13期","6-7","上海"
"信箱:西北鳞爪:渡过黄河","中建","1946","第14期","14",NA,"上海"
"生活片断:工作前线:尽责分","中建","1946","第9期","13",NA,"上海"
"生活片断:经联会旁听后","潘静 钟仲梅 朱树锦","中建","1946","第10期","13","上海"
"“中建学习团”的一个补充","中建","1946","第11期","11",NA,"上海"
"当前的的组织任务!","中建","1946","第8期","1",NA,"上海"
"迁居散记(续)","江峰","中建","1946","第3期","16","上海"
"一群科学教育工作者的呼声:科学教育的问题","中建","1946","第4期","9-11",NA,"上海"
"办理地方报的尝试:新建设下的地方报","中建","1946","第13期","13",NA,"上海"
"把握地方工作的性质立场和态度:工作态度的新提示:做人必须站在上面","中建","1946","第7期","4",NA,"上海"
"信箱:我们在被毁灭","中建","1946","第13期","15",NA,"上海"
"中建内外:社务的报导社员的动态:集会与讲演","中建","1946","第7期","14-15",NA,"上海"
"贯澈中建精神:王理事长在七月七日，国父纪念周上的报告!","中建","1946","第5期","2-3",NA,"上海"
"中建社财务概况","赵心梅","中建","1946","第6期","12-15","上海"
"地方工作的问题与出路:一群实际工作者的座谈记录:贫乏的地方自治","中建","1946","第12期","7",NA,"上海"
"社务的报导，社员的动态:中建内外:集会与人事","中建","1946","第6期","14-15",NA,"上海"
"地方工作的问题与出路:一群实际工作者的座谈记录:苦难的福斯","中建","1946","第12期","8",NA,"上海"
"生活片段:业务动员","何肫林","中建","1946","第3期","11","上海"
"办理地方报的尝试:会有的问题","中建","1946","第13期","12-13",NA,"上海"
"地方工作的问题与出路:一群实际工作者的座谈记录:要有明朗的气象","中建","1946","第12期","7-8",NA,"上海"
"生活片断:生活的体验","中建","1946","第5期","12",NA,"上海"
"生活片断:勤学习，求进步!:关于时事检讨","何肫林","中建","1946","第9期","12","上海"
"社务的报导社员的动态:中建内外:人与事的动","中建","1946","第9期","13",NA,"上海"
"社务的报导社员的动态:中建内外:广播、集会与演讲、工作进展、人与事的动","中建","1946","第10期","14-15",NA,"上海"
"关于江苏干训团:我对于江苏省训练团的感想","朱树锦","中建","1946","第2期","13-16","上海"
"关于“新浦东报”","宋宝山","中建","1946","第5期","14","上海"
"生活片断:“草莽英雄”观后","朱树锦 顾佩之","中建","1946","第14期","11","上海"
"胜利日:严肃的工作","钱晓义","中建","1946","第8期","8","上海"
"生长中的浦建:创立经过","中建","1946","第12期","12",NA,"上海"
"中建笔谈:本社应即举办的一项事业(本刊第一次征文):中建面包厂","朱树锦","中建","1946","第5期","11","上海"
"通讯:太平洋上(三)","赵志华","中建","1947","第2卷 第11期","14","上海"
"中建内外:基地动态:农业推广","中建","1947","第2卷 第3期","6-7",NA,"上海"
"中建内外:在农场:收获到分配","中建","1947","第2卷 第13期","14",NA,"上海"
"站在建设前线","中建","1947","第24期","1",NA,"上海"
"中建内外:事业线上:进修与集会","中建","1947","第2卷 第4期","9",NA,"上海"
"工作纵横:垅中陌上(三):争取集体化(下)","金大均","中建","1947","第23期","10-11","上海"
"独树港农村改进方案:工作计划:附表","陈涛","中建","1947","第2卷 第11期","7","上海"
"江苏第三区的交通水利:建设研究","陆养浩","中建","1947","第2卷 第11期","4-6","上海"
"中建内外:在农场:科学对大自然战斗","中建","1947","第2卷 第3期","6",NA,"上海"
"中建内外:进修会","中建","1947","第2卷 第14期","15",NA,"上海"
"中建内外:在农场:考选优勤","中建","1947","第2卷 第14期","14",NA,"上海"
"老干部与新干部","中建","1947","第2卷 第3期","15",NA,"上海"
"中建内外:集会与演讲","中建","1947","第15期","30-31",NA,"上海"
"让我再回到这孩子的温床里","吴靓云","中建","1947","第2卷 第7期","15","上海"
"中建内外:在农场:年工检讨","中建","1947","第2卷 第13期","14",NA,"上海"
"农村服务专辑:“突击”以后:浦东农村暑期工作的检核","赵心梅","中建","1947","第2卷 第8期","4","上海"
"生活笔谈:爱—何从而生?","编者","中建","1947","第17期","14","上海"
"关于“合作班”","中建","1947","第20期","14",NA,"上海"
"一个交通事业机构的服务指导工作:树立新作风、创试新工作","傅亮","中建","1947","第19期","8-9","上海"
"中建内外:团体了望:中建自助生","中建","1947","第2卷 第8期","15",NA,"上海"
"从工作到升学:两年杂忆","余信华","中建","1947","第15期","21","上海"
"江苏第三区的交通水利(续):建设研究","陆养浩","中建","1947","第2卷 第12期","4-6","上海"
"中建内外:事业线上:拓荒两事","中建","1947","第2卷 第1期","9",NA,"上海"
"中建内外:团体了望:人与事之动","中建","1947","第2卷 第8期","15",NA,"上海"
"工作纵横:一个乡农会的组织","唐思礼","中建","1947","第2卷 第2期","8-9","上海"
"工作纵横:回到地方去!:记教电三队巡映崇明，兼谈地方工作","沈定一","中建","1947","第2卷 第9期","6-7","上海"
"社务的报导社员的动态:中建内外:人与事的动","中建","1947","第19期","15",NA,"上海"
"事业团体的进修活动:进修问题(专辑):问题的纠缠、各个适应与外向发展、实施举隅、小结","姚志英","中建","1947","第22期","6-7","上海"
"中建内外:进修新策","中建","1947","第18期","10",NA,"上海"
"开展中的崇明渔合","程梯云","中建","1947","第2卷 第11期","10-11","上海"
"中建内外:事业线上:阵容的调整","中建","1947","第2卷 第2期","15",NA,"上海"
"中建内外:同志爱","中建","1947","第2卷 第3期","7",NA,"上海"
"工作纵横:垅中陌上(七):附表","金大均","中建","1947","第2卷 第3期","8-9","上海"
"学习车务的半年","奚家立","中建","1947","第2卷 第3期","10-11","上海"
"合工前线(三):畸形的先天、“相同需要”的重要性、心理上的黑点","吴荷景","中建","1947","第2卷 第3期","12-13","上海"
"中建内外:事业了望:经济业务","中建","1947","第2卷 第5期","7",NA,"上海"
"看齐赵金林","陈涛","中建","1947","第2卷 第6期","12-13","上海"
"中建内外:事业了望:工作者福利","中建","1947","第2卷 第5期","7",NA,"上海"
"促成有利条件","中建","1947","第2卷 第10期","1",NA,"上海"
"通益同仁福利事业的再起步","沈定一","中建","1947","第2卷 第6期","10-13","上海"
"中建内外:基地动态:教育及社会","中建","1947","第2卷 第8期","15",NA,"上海"
"中建内外:在农场:合作性副业","中建","1947","第2卷 第10期","12",NA,"上海"
"团体进步的要素:真情至性相待、各尽其能·通力合作、以身作则的领导","吴荷景","中建","1947","第2卷 第7期","14-15","上海"
"学校生活片断(四):一个“中建自助生”的日记","朱哈娜","中建","1947","第2卷 第5期","16","上海"
"泗礁岛的教育:历史的回溯、菜园、青沙、关岙、五龙·金平、渔村青年班","程梯云","中建","1947","第21期","14-15","上海"
"社务的报导社员的动态:中建内外:在农场:畜殖副业","中建","1947","第2卷 第6期","14",NA,"上海"
"现阶段的地方建设工作:王理事长在“浦协”会员大会的讲话:领导方针的提出:事业的而非政治的","中建","1947","第17期","3",NA,"上海"
"中建内外:基地工作","中建","1947","第21期","14-15",NA,"上海"
"学校生活片断(二):一个“中建自助生”的日记","朱哈娜","中建","1947","第2卷 第2期","16","上海"
"生活笔谈:怎样利用闲暇:忘却现实的残酷","陈士华","中建","1947","第16期","15","上海"
"一个事业团体的进路:对于“中建”健全工作和发展事业的意见:外向事工:资料供应","金大均","中建","1947","第15期","9","上海"
"中建内外:基地动态:交通","中建","1947","第2卷 第5期","7",NA,"上海"
"为事业而奋斗的过程中:“中建社”在抗战期间的点点滴滴:收油忆屑:卫州:重重剥削下的油农、收购二三事、工作中得来的知识","方竹平","中建","1947","第20期","29","上海"
"中建内外:进修会","中建","1947","第2卷 第11期","13",NA,"上海"
"中建内外:在农场:已是一年","中建","1947","第2卷 第10期","12",NA,"上海"
"黄龙:外海采风录之七","程梯云","中建","1947","第24期","16","上海"
"中建内外:进修会","中建","1947","第2卷 第7期","7",NA,"上海"
"中建内外:团体了望:经济业务","中建","1947","第2卷 第10期","13",NA,"上海"
"中建内外:注射活力","中建","1947","第22期","8",NA,"上海"
"生活笔谈:爱—何从而生?:深刻的了解","祝____","中建","1947","第17期","15","上海"
"中建内外:团体了望:地方工作","中建","1947","第2卷 第9期","15",NA,"上海"
"中建内外:在农场:毛巾场奖产","中建","1947","第2卷 第5期","6",NA,"上海"
"中建内外:在农场:粒粒皆辛苦","中建","1947","第2卷 第2期","14",NA,"上海"
"推广美棉的总结:怎样指导本区植棉","钱光宙","中建","1947","第2卷 第13期","7","上海"
"年终酬劳支配办法的检讨:基本了解、实施办法、几点意见","顾佩之","中建","1947","第18期","8-9","上海"
"中建内外:基地动态:合作","中建","1947","第2卷 第2期","14-15",NA,"上海"
"中建内外:团体了望:人与事之动","中建","1947","第2卷 第14期","15",NA,"上海"
"要把责任托于下一代，先得为下一代担当责任:新时代与儿童:纪念“儿童节”专页:儿童教育的贫困","沈志廉","中建","1947","第21期","6-7","上海"
"中建内外:团体了望:地方工作","中建","1947","第2卷 第7期","7",NA,"上海"
"救火记","程梯云","中建","1947","第17期","16","上海"
"三十五年度的中建财务:报导:百分表上的数字分配、片断的分析、财务政策与财务技术","赵心梅","中建","1947","第24期","14-15","上海"
"一个事业团体的进路:对于“中建”健全工作和发展事业的意见:业务建置:和事处","邵景康","中建","1947","第15期","9-10","上海"
"社务的报导社员的动态:中建内外:集会与人事","中建","1947","第16期","14-15",NA,"上海"
"工作纵横:办理地方金融机构的学习:嘉定县的学习:嘉定县银行的工作报导","陆鳞勋","中建","1947","第18期","12-13","上海"
"生活笔谈:爱—何从而生?:同情心","顾佩之","中建","1947","第17期","15","上海"
"干部政策","中建","1947","第16期","1",NA,"上海"
"现阶段的地方建设工作:王理事长在“浦协”会员大会的讲话:领导方针的提出:群众的而非英雄的","中建","1947","第17期","3-4",NA,"上海"
"生活笔谈:怎样利用闲暇:欣赏舞台“人生”","何肫林","中建","1947","第16期","15","上海"
"中建内外:基地动态:社会","中建","1947","第2卷 第3期","6",NA,"上海"
"助读运动:中建图书馆的一项“活业务”","廖树涵","中建","1947","第2卷 第2期","11-13","上海"
"讲座:失业问题在上海:一个严重的社会问题、原因检讨、几条可走的道路、克服经济危机·谋取整个解决","李剑华","中建","1947","第2卷 第2期","6-7","上海"
"农村建设的几个问题:中建农场的工作要求·兼答关心农场事业的朋友们:实际把握·争取效能","中建","1947","第2卷 第2期","3",NA,"上海"
"国际现势:从威尔逊到罗斯福、恢复和平的三阶段、世界的动向","黄正铭","中建","1947","第2卷 第1期","4-5","上海"
"以事业建威信","中建","1947","第21期","1",NA,"上海"
"记三月十六日:速写","周公南","中建","1947","第21期","16","上海"
"中建内外:基地动态:社会与教育","中建","1947","第2卷 第7期","7",NA,"上海"
"中建内外:基地动态:合作","中建","1947","第2卷 第1期","8",NA,"上海"
"台湾行","潘星照","中建","1947","第2卷 第9期","13","上海"
"海蛰之重量及其折扣","洪步蟾","中建","1947","第2卷 第13期","11","上海"
"工作纵横:独树港暑期工作的总结","周公南","中建","1947","第2卷 第7期","8-9","上海"
"怎样保障行车安全:肇事原因、补救办法、改进事项","戚殿萱","中建","1947","第16期","11","上海"
"一个事业团体的进路:对于“中建”健全工作和发展事业的意见:外向事工:书刊发行","瞿康祖","中建","1947","第15期","8","上海"
"信心与理解","中建","1947","第18期","1",NA,"上海"
"工作纵横:垅中陌上(二):争取集体化(上)","金大均","中建","1947","第22期","10-11","上海"
"手续—困难","钱光宙","中建","1947","第2卷 第5期","4-5","上海"
"社务的报导社员的动态:中建内外:事业了望:中建自助生","中建","1947","第2卷 第6期","15",NA,"上海"
"两种进修的统一存在","顾佩之","中建","1947","第22期","9","上海"
"本社各事业单位应举行生活检讨:读书会中心问题辩论的记录(集体执笔)","中建","1947","第15期","22-25",NA,"上海"
"中建内外:事业线上:业务组织","中建","1947","第2卷 第3期","7",NA,"上海"
"中建内外:基地动态:教育与文化","中建","1947","第2卷 第9期","15",NA,"上海"
"现阶段的地方建设工作:王理事长在“浦协”会员大会的讲话:两大任务:实践地方建设","中建","1947","第17期","3",NA,"上海"
"工作纵横:改造独树港的序幕:“这落地好闹勐”!","周公南","中建","1947","第2卷 第14期","8-9","上海"
"现阶段的地方建设工作:王理事长在“浦协”会员大会的讲话:领导方针的提出:教育的而非斗争的","中建","1947","第17期","4",NA,"上海"
"通讯:徐海巡礼(中)","张霞飞","中建","1947","第2卷 第11期","15","上海"
"团体论","赵心梅","中建","1947","第2卷 第12期","2-3","上海"
"垅中陌上(五)","金大均","中建","1947","第2卷 第1期","12-13","上海"
"中建内外:在农场:推行国教","中建","1947","第2卷 第8期","14",NA,"上海"
"中建内外:事业线上:人与事之动","中建","1947","第2卷 第4期","9",NA,"上海"
"永恒的光辉:纪念三十六年的国庆","中建","1947","第2卷 第9期","1",NA,"上海"
"今年的中建:感想和希望","宋梦梅","中建","1947","第15期","16-17","上海"
"植棉的技术常识","胡竟良","中建","1947","第2卷 第14期","6","上海"
"现阶段的地方建设工作:王理事长在“浦协”会员大会的讲话:组织的性质:松青的延长","中建","1947","第17期","2",NA,"上海"
"垅中陌上(十三)","金大均","中建","1947","第2卷 第9期","10-11","上海"
"团体关系的处理:工作部署新的阶段:经验回溯、存在于团体间的纠缠、清划关系及其处理","王艮仲","中建","1947","第2卷 第1期","2-3","上海"
"工作纵横:优畜配种举隅:约克夏猪:推广农村畜殖副业之起点","张国懋","中建","1947","第2卷 第13期","8-9","上海"
"学校生活片断(七):一个“中建自助生”的日记","朱哈娜","中建","1947","第2卷 第9期","16","上海"
"合工前线(四):一次豆饼的贷放、提拔贷款·增认股金、消费业务的影响","吴荷景","中建","1947","第2卷 第4期","14-15","上海"
"读者园地:进修在服务中的效率","谭翼鹏","中建","1947","第17期","6-7","上海"
"浦东棉作展览(速写)","周公南","中建","1947","第2卷 第12期","11","上海"
"周浦妇联:一个地方妇女团体的报导:去在民间 、十七人宣言、组织现状、事业初程、今后种种","中建","1947","第21期","12-13",NA,"上海"
"关于农村建设的两封信:一个大学生的理想","谭树聱","中建","1947","第2卷 第2期","5","上海"
"中建内外:农场近态","中建","1947","第24期","12",NA,"上海"
"中建内外:人与事的动","中建","1947","第24期","13",NA,"上海"
"“读者之家”:流动书库举办通信借书业务的展望","陈梅卿","中建","1947","第2卷 第13期","10-11","上海"
"中建工作者(人物特写):施兆祺","中建","1947","第15期","31",NA,"上海"
"一个事业团体的进路:对于“中建”健全工作和发展事业的意见:怎样来接受今年的工作?","赵心梅","中建","1947","第15期","4-5","上海"
"跨在金融圈的边缘","何肫林","中建","1947","第2卷 第6期","6-9","上海"
"世界和平的前瞻","姚士彦","中建","1947","第2卷 第1期","6-7","上海"
"信用合作","章元善","中建","1947","第20期","14","上海"
"中建内外:团体了望:人与事之动","中建","1947","第2卷 第9期","15",NA,"上海"
"中建内外:集会与人事","中建","1947","第23期","9",NA,"上海"
"干部与策略","张霞飞","中建","1947","第2卷 第4期","2-3","上海"
"五·一发见人性的日子!:纪念劳动节专页:漫谈工人教育","陈复生","中建","1947","第23期","8-9","上海"
"通讯:今日的美国:寄王艮仲同志的一封信","宋保尊","中建","1947","第2卷 第3期","14-15","上海"
"中建内外:事业线上:进修与集会","中建","1947","第2卷 第3期","7",NA,"上海"
"一个事业团体的进路:对于“中建”健全工作和发展事业的意见:内部技术:文书","朱树锦","中建","1947","第15期","6","上海"
"中建内外:在农场:合作菜圃","中建","1947","第2卷 第12期","14",NA,"上海"
"工作活动中的几种病态:从认识自·己来争取进步:“低能”与“腐蚀”","王艮仲","中建","1947","第15期","2","上海"
"中建内外:进修会","中建","1947","第2卷 第8期","15",NA,"上海"
"中建内外:基地动态:农业推广","中建","1947","第2卷 第2期","15",NA,"上海"
"要把责任托于下一代，先得为下一代担当责任:新时代与儿童:纪念“儿童节”专页:流浪儿童的问题","邹云涛","中建","1947","第21期","8","上海"
"要把责任托于下一代，先得为下一代担当责任:新时代与儿童:纪念“儿童节”专页:儿童与家庭","陈士华","中建","1947","第21期","7","上海"
"鸡娘对渔船","程梯云","中建","1947","第2卷 第14期","8-9","上海"
"回忆集:十年前的“七·七”","姚澄波 张永久 陈梅卿","中建","1947","第2卷 第4期","16","上海"
"社务的报导社员的动态:中建内外:事业组织新态","中建","1947","第16期","14",NA,"上海"
"中建内外:事业了望:拓业前锋","中建","1947","第2卷 第5期","7",NA,"上海"
"在农村中:农村景象:那样的畏怯!","中建","1947","第2卷 第8期","7",NA,"上海"
"经验之谈:从办暑校中得来的","中建","1947","第2卷 第8期","9-10",NA,"上海"
"中建内外:在农场:常规及其它","中建","1947","第2卷 第8期","14",NA,"上海"
"经验之谈:也是一种看法","中建","1947","第2卷 第8期","10",NA,"上海"
"新浦东报社:公映“战斗夫人”记","朱树锦","中建","1947","第18期","15","上海"
"今日的世界","编者","中建","1947","第2卷 第1期","4","上海"
"新生活的开始:浦东工作站代办“浦建”司机训练纪实","陈涛","中建","1947","第18期","14","上海"
"略论业务考绩:关于认识、关于内容、关于要点、关于执行","陈仲期","中建","1947","第18期","6-7","上海"
"要把责任托于下一代，先得为下一代担当责任:新时代与儿童:纪念“儿童节”专页:应当谁来教养儿童?","陈梅卿","中建","1947","第21期","6","上海"
"服务指导专辑:服务心理的健全:说到服务直到的要点、方法及其它:工作要求与服务要求、服务指导种种、怎样健全服务心理?","顾秉之","中建","1947","第19期","6-7","上海"
"要把责任托于下一代，先得为下一代担当责任:新时代与儿童:纪念“儿童节”专页:漫谈·随感:关于儿童","张霞飞","中建","1947","第21期","9","上海"
"中建内外:基地动态:合作","中建","1947","第2卷 第11期","13",NA,"上海"
"社务的报导社员的动态:中建内外:进修会","中建","1947","第2卷 第6期","15",NA,"上海"
"中建内外:基地突击","中建","1947","第18期","10-11",NA,"上海"
"生活片断:工作中的感应:“民生”实境","赵志华","中建","1946","第12期","16","上海"
"生活片断:工作中的感应:要想出办法","陈士华","中建","1946","第12期","16","上海"
"生活片断:理解人生·把握人生:“服务”和“力行”","瞿康祖","中建","1946","第12期","16","上海"
"生活片断:中建精神","中建","1946","第4期","14",NA,"上海"
"生活片断:新生活·新意趣","唐思礼 陈士华","中建","1946","第13期","11","上海"
"中国建设服务社贷学金规则(三十五年七月施行)","中建","1946","第4期","3",NA,"上海"
"生活片断:生活在创造中","周公南","中建","1946","第10期","13","上海"
"生活片断:精神食粮的咀嚼","金大均 何肫林","中建","1946","第10期","13","上海"
"北鼎星:外海采风录之二:二十七户的小岛、高利贷下、泗礁的盲肠、建设海国“桃园”","中建","1946","第14期","16",NA,"上海"
"把握支点·发挥力量!:兼以纪念八月","中建","1946","第6期","1",NA,"上海"
"三十五年中的一件事:个人:选择工作","陈梅卿","中建","1946","第14期","5-6","上海"
"中国建设农场第一组织章程草案","中建","1946","第3期","3-4",NA,"上海"
"跨进“中建”以后","中建","1946","第8期","4-5",NA,"上海"
"中建农场—一个农村建设之创造性的实践:附图:这里有许多宝贵的意见，是一次实地勘察后座谈的记录","中建","1946","第2期","2-6",NA,"上海"
"中建内外:社务的报导社员的动态:农场社顾问委员","中建","1946","第3期","8",NA,"上海"
"胜利日:一个回忆","武文琴","中建","1946","第8期","10","上海"
"生活片断:“学习病院”","陈梅卿 编者","中建","1946","第11期","15","上海"
"生活片断:理解人生·把握人生:光明积极的探索和争取","金大均","中建","1946","第12期","16","上海"
"浦建的交通业务(工作报告):任务·组织、工作实况、两点感想","傅菊人","中建","1946","第11期","12","上海"
"生活片断:祖国在苦难中","中建","1946","第4期","14",NA,"上海"
"生活片断:工作前线:任劳任怨","张霞飞","中建","1946","第9期","12","上海"
"生活片断:事业·工作·学习","潘静 金大均 陈士华","中建","1946","第14期","11","上海"
"中建笔谈:本社应即举办的一项事业(本刊第一次征文):乡村诊疗队","何肫林","中建","1946","第5期","10","上海"
"周浦工作站:一支乡村服务的新军:工作环境、步骤·人事·组织、工作实况、理想的要求","徐仁道","中建","1946","第9期","10-11","上海"
"一次工作检查的实施:人事:人事工作的现状及其改进","顾佩之","中建","1946","第13期","5-6","上海"
"社务的报导社员的动态:中建内外:集会与人事","中建","1946","第5期","6-7",NA,"上海"
"生活片断:生活的感悟:认识人生之目的","金大均","中建","1946","第9期","13","上海"
"一次工作检查的实施:前言","中建","1946","第13期","4",NA,"上海"
"中建学习团:一个新型的学习组织:什么是中建学习团?","中建","1946","第8期","2-3",NA,"上海"
"国庆集:八年中的一页:敌后工作的回忆","沈定一","中建","1946","第10期","6-7","上海"
"中建内外:社务的报导社员的动态:人与事的动","中建","1946","第8期","13",NA,"上海"
"三十五年中的一件事:工作:教学相长","何肫林","中建","1946","第14期","8","上海"
"嵊泗归来:渔村工作任务的把握:是尖兵，是桥梁、只说一声“好”!、工作轮廓画","唐思礼","中建","1946","第12期","10","上海"
"中国农民革命史回顾(读书报告)","潘星照","中建","1946","创刊号","10-11","上海"
"中国文化之路:文化反映了现实，也是变革的号角!贫乏的原因在那里?丰富文化的三种精神","胡风","中建","1946","第9期","4-5","上海"
"生长中的浦建:业务进展:木业部","中建","1946","第12期","12",NA,"上海"
"信箱:存在即意义","中建","1946","第12期","14",NA,"上海"
"把握地方工作的性质立场和态度:强调失败，记住它!温习这中间得来的教训:社会的缺漏","中建","1946","第7期","5",NA,"上海"
"把握地方工作的性质立场和态度:工作态度的新提示:权利必须站在后面","中建","1946","第7期","4",NA,"上海"
"生活片断:相互批评·积极建议","中建","1946","第5期","13",NA,"上海"
"通益上海分公司经办粮货报告书","中建","1946","第2期","10-11",NA,"上海"
"生活片断:把情感寄注于社会人群","陈士华 金大均","中建","1946","第10期","13","上海"
"生长中的浦建:进修·训练","中建","1946","第12期","13",NA,"上海"
"一次工作检查的实施:车务:需要充实工作条件","中建","1946","第13期","7",NA,"上海"
"社务的报导社员的动态:中建内外:基地两事","中建","1946","第12期","14",NA,"上海"
"社务的报导，社员的动态:中建内外:适时的工作","中建","1946","第4期","9",NA,"上海"
"工作经验:“逃票”与“漏票”","杨大成","中建","1946","第10期","11-12","上海"
"三十五年中的一件事:个人:转变一个岗位","钱晓义","中建","1946","第14期","6","上海"
"生长中的浦建:组织与人事","中建","1946","第12期","12",NA,"上海"
"我在当前最须解决的一个问题:问题的提出:读书?工作?","陆怀","中建","1946","第11期","5","上海"
"中原见闻录:开封到浦口共区旅行记","本初","中建:综合版","1949","第1卷 第2期","22-24","上海"
"政治苦闷，生活艰难:大局在晦明之间(座谈):“送死”与“催生”","章靳以","中建:综合版","1949","第1卷 第2期","4-5","上海"
"论社会主义的成长","流金","中建:综合版","1949","第1卷 第1期","16，20","上海"
"和平问题(座谈):先做出一点大家看看","张孟闻","中建:综合版","1949","第1卷 第1期","8","上海"
"和平问题(座谈):和平非可幸致","夏炎德","中建:综合版","1949","第1卷 第1期","5","上海"
"时局综谈:在“全面和平”的掩盖之下","邹风","中建:综合版","1949","第1卷 第2期","20","上海"
"和谈不等于和平","漆琪生","中建:综合版","1949","第1卷 第3期","6-8","上海"
"政治苦闷，生活艰难:大局在晦明之间(座谈):争取合理环境","张孟闻","中建:综合版","1949","第1卷 第2期","6","上海"
"政治苦闷，生活艰难:大局在晦明之间(座谈):再展开启蒙运动","陈仁炳","中建:综合版","1949","第1卷 第2期","6-7","上海"
"饱与饿的对照","中建:综合版","1949","第1卷 第2期","24",NA,"上海"
"北平通讯:古城“末日”记","朝晴","中建:综合版","1949","第1卷 第1期","18-20","上海"
"和平问题(座谈):必须是民主的和平","王造时","中建:综合版","1949","第1卷 第1期","2","上海"
"关于“新民主主义经济”的讨论","童大勇","中建:综合版","1949","第1卷 第3期","16","上海"
"论地方币","周伯棣","中建:综合版","1949","第1卷 第2期","13-14","上海"
"和平问题(座谈):打击和贩·惩办战犯","漆琪生","中建:综合版","1949","第1卷 第1期","4-5","上海"
"撞狱","高朗","中建:综合版","1949","第1卷 第2期","21-22","上海"
"致编者书:检讨和平问题","寿秋情","中建:综合版","1949","第1卷 第3期","17-18","上海"
"论转形期的中产阶级","笪移今","中建:综合版","1949","第1卷 第3期","10-12","上海"
"和平问题(座谈):还是“周旋到底”吧!","潘震亚","中建:综合版","1949","第1卷 第1期","7","上海"
"和平问题(座谈):伪装和平比战争还可怕","陈旭麓","中建:综合版","1949","第1卷 第1期","8-9","上海"
"“大头鬼阴魂不散”","辛圭","中建:综合版","1949","第1卷 第3期","21-22","上海"
"政治苦闷，生活艰难:大局在晦明之间(座谈):生活与精神上的威胁","孟宪章","中建:综合版","1949","第1卷 第2期","6","上海"
"政治苦闷，生活艰难:大局在晦明之间(座谈):澈底消灭封建残余","周谷城","中建:综合版","1949","第1卷 第2期","2","上海"
"条条大路通北京","朝晴","中建:综合版","1949","第1卷 第3期","19-20","上海"
"政治苦闷，生活艰难:大局在晦明之间(座谈):坚定未来的信心","漆琪生","中建:综合版","1949","第1卷 第2期","5","上海"
"政治苦闷，生活艰难:大局在晦明之间(座谈):一切寄存于革命","董冰如","中建:综合版","1949","第1卷 第2期","4","上海"
"和平问题(座谈):民主与和平不可分割","笪移今","中建:综合版","1949","第1卷 第1期","2-3","上海"
"法统论","陈仁炳","中建:综合版","1949","第1卷 第1期","9-12","上海"
"和平问题(座谈):我怀疑","郭绍虞","中建:综合版","1949","第1卷 第1期","7-8","上海"
"和平问题(座谈):民主·面子·诚意","蔡尚思","中建:综合版","1949","第1卷 第1期","5-7","上海"
"战犯论","陈仁炳","中建:综合版","1949","第1卷 第3期","2-6","上海"
"和平问题(座谈):明是非，戒中庸","汤德明","中建:综合版","1949","第1卷 第1期","4","上海"
"和平问题(座谈):我看和谈前途","张明养","中建:综合版","1949","第1卷 第1期","7","上海"
"质梁漱溟:读二月廿一日大公报梁氏的两篇文章后而作","靳以","中建:综合版","1949","第1卷 第2期","12","上海"
"论战局演变的政治基础","严学易","中建:综合版","1949","第1卷 第2期","7-9","上海"
"和平问题(座谈):苟安一时不是和平","杨卫玉","中建:综合版","1949","第1卷 第1期","3","上海"
"日本法西斯蒂的生命史","宋越伦","中建:综合版","1949","第1卷 第3期","14-17","上海"
"和平问题(座谈):认清内战本质","陈仁炳","中建:综合版","1949","第1卷 第1期","3-4","上海"
"政治苦闷，生活艰难:大局在晦明之间(座谈):我是一个乐观者","潘震亚","中建:综合版","1949","第1卷 第2期","5","上海"
"梁漱溟的政治错觉","蔡尚思","中建:综合版","1949","第1卷 第3期","12-14","上海"
"政治苦闷，生活艰难:大局在晦明之间(座谈):陈纳德·周以德等都应该算作战犯","孙大雨","中建:综合版","1949","第1卷 第2期","2-3","上海"
"一所好大学应具备的几种精神:以北京大学为例","蔡尚思","中建:综合版","1949","第1卷 第2期","17-19","上海"
"政治苦闷，生活艰难:大局在晦明之间(座谈):促合理的早日成长","笪移今","中建:综合版","1949","第1卷 第2期","4","上海"
"科学工作者与政治","张孟闻","中建:综合版","1949","第1卷 第2期","19，16","上海"
"斥中和思想","冯契","中建:综合版","1949","第1卷 第2期","9-11","上海"
"走向新民主主义经济:论“新中国的工业政策”","戎文佐","中建:综合版","1949","第1卷 第2期","14-16","上海"
"“南京会议”的前前后后","吕飞","中建:综合版","1949","第1卷 第3期","22-24","上海"
"东南亚独立运动的怒潮","孟宪章","中建:综合版","1949","第1卷 第1期","14-16","上海"
"和平问题(座谈):以行动来争取和平","李乡樸","中建:综合版","1949","第1卷 第1期","8","上海"
"南京通讯:先天下之熘而熘","辛圭","中建:综合版","1949","第1卷 第1期","17-18","上海"
"政治苦闷，生活艰难:大局在晦明之间(座谈):和战·是非·苦乐","蔡尚思","中建:综合版","1949","第1卷 第2期","5-6","上海"
"和平问题(座谈):小不忍则乱大谋","孙大雨","中建:综合版","1949","第1卷 第1期","9","上海"
"政治苦闷，生活艰难:大局在晦明之间(座谈):摧毁旧社会·创建新社会","朱绍文","中建:综合版","1949","第1卷 第2期","3-4","上海"
"病态政治能产生健全的币制吗?","徐革陈","中建:综合版","1949","第1卷 第1期","12-13","上海"
"和平问题(座谈):言与行","陈望道","中建:综合版","1949","第1卷 第1期","8","上海"
"从新财金方案看政局","郭梅荪","中建:综合版","1949","第1卷 第3期","8-9","上海"
"和平问题(座谈):坚持原则·不打任何折扣","焦敏之","中建:综合版","1949","第1卷 第1期","3","上海"
"哭佩弦先生","游国恩","中建:北平版","1948","第1卷 第4期","9","上海"
"学生是压迫不得的","葵尚思","中建:北平版","1948","第1卷 第7期","14","上海"
"新居八绝句","黄炎培","中建:北平版","1948","第1卷 第8期","23","上海"
"休战不是和平","费孝通","中建:北平版","1948","第1卷 第4期","4-5","上海"
"山雨未来风满楼:冠盖满了旧京华","邑文","中建:北平版","1948","第1卷 第2期","22-23","上海"
"新文化运动的意义","樊弘","中建:北平版","1948","第1卷 第8期","16-17","上海"
"论“苦撑待变”","费孝通","中建:北平版","1948","第1卷 第1期","4-6","上海"
"渖阳通讯:长春的悲剧","凡人","中建:北平版","1948","第1卷 第8期","30-31","上海"
"为文物请命","向达","中建:北平版","1948","第1卷 第3期","8","上海"
"一多兄死难二周年祭","闻家驷","中建:北平版","1948","第1卷 第1期","9-10","上海"
"南京通讯:战局凄迷、外援渺茫","章秦","中建:北平版","1948","第1卷 第10期","17-19","上海"
"自由主义在中国的实践","念慈","中建:北平版","1948","第1卷 第9期","6-8","上海"
"和效缪悠诗","一公","中建:北平版","1948","第1卷 第9期","12","上海"
"鲁迅的思想和创作(在清华鲁迅晚会讲)","李广田","中建:北平版","1948","第1卷 第9期","22-23","上海"
"流亡地主在都市:[木刻]","李桦","中建:北平版","1948","第1卷 第6期","8","上海"
"论民族主义","流金","中建:北平版","1948","第1卷 第8期","18","上海"
"悼朱佩弦师","王瑤","中建:北平版","1948","第1卷 第4期","14-16","上海"
"谈币制改革","周作仁","中建:北平版","1948","第1卷 第4期","6","上海"
"评金元券发行条例中的准备条款","樊弘","中建:北平版","1948","第1卷 第4期","8","上海"
"编者的话:感谢各方面朋友们的鼓励和投稿，使这一期的“中建”，在尽量挤缩之后，仍不得不排印卅二页","中建:北平版","1948","第1卷 第8期","27",NA,"上海"
"日本投降三周年感言(三篇)","许德珩 周建人 张东荪","中建:北平版","1948","第1卷 第4期","2-3","上海"
"美苏问题","冯宾符 张志让 蒋尚思","中建:北平版","1948","第1卷 第10期","2-5","上海"
"高调哲学与低调哲学:哲学杂论之一","郑昕","中建:北平版","1948","第1卷 第3期","12-13","上海"
"上海通讯:雷厉风行的经验工作","查化","中建:北平版","1948","第1卷 第5期","23-24","上海"
"真知识和假知识:一个社会科学工作人员的自白","费孝通","中建:北平版","1948","第1卷 第6期","6-7","上海"
"“开明自由的中路知识份子”","芮沐","中建:北平版","1948","第1卷 第2期","15-17","上海"
"开封通讯:河南近情","贺明","中建:北平版","1948","第1卷 第7期","29-30","上海"
"漫谈“民意测验”","楼__彦","中建:北平版","1948","第1卷 第9期","13","上海"
"悼现实主义画家齐振杞","冯法禩","中建:北平版","1948","第1卷 第3期","17","上海"
"同谁讲法?","楼__彦","中建:北平版","1948","第1卷 第3期","2-3","上海"
"论青年思想问题与中年人应持的态度","郑昕","中建:北平版","1948","第1卷 第6期","4-6","上海"
"朱自清先生传略","中建:北平版","1948","第1卷 第3期","9",NA,"上海"
"关于轰炸开封来件二则:开封浩劫实况","啸","中建:北平版","1948","第1卷 第1期","24","上海"
"由必要到自由","樊弘","中建:北平版","1948","第1卷 第3期","14-15","上海"
"从昨天看今天:“九一八北京大学示威运动专刊”读后感","柏万","中建:北平版","1948","第1卷 第5期","14-16","上海"
"悼佩弦先生","林庚","中建:北平版","1948","第1卷 第3期","9","上海"
"鲁迅先生纪念特辑:为了生活和战斗的纪念","许杰","中建:北平版","1948","第1卷 第7期","18-19","上海"
"再不要相信伪装的开明:纪念一二一","裴仁","中建:北平版","1948","第1卷 第10期","10","上海"
"南洋通讯:印尼在内战的边缘","瀛","中建:北平版","1948","第1卷 第7期","31","上海"
"论大学教育之改造","吕庆","中建:北平版","1948","第1卷 第8期","10-11","上海"
"北平通讯:关于城乡物资交流","陈林","中建:北平版","1948","第1卷 第3期","19-21","上海"
"渖阳通讯:被遗忘了的长春","杨易","中建:北平版","1948","第1卷 第3期","23-24","上海"
"香港通讯:香港人对币制改革的看法","欧阳春","中建:北平版","1948","第1卷 第5期","20-21","上海"
"大九州的梦","平伯","中建:北平版","1948","第1卷 第1期","16","上海"
"医学与文学(三十七年五月十九日在北京大学医学院讲)","李广田","中建:北平版","1948","第1卷 第1期","13-15","上海"
"存款兑现与物价","季陶达","中建:北平版","1948","第1卷 第10期","8-9","上海"
"西安通讯:从奖励囤粮看今日西安","蒙若","中建:北平版","1948","第1卷 第7期","30-31","上海"
"秋讯","黄炎培","中建:北平版","1948","第1卷 第5期","9","上海"
"历史回忆:清吏护救党人","范樸斋","中建:北平版","1948","第1卷 第10期","12-14","上海"
"上海通讯:抢购潮及其它","非言","中建:北平版","1948","第1卷 第7期","26-27","上海"
"历史回忆:与杨沧白先生有关的几件事和他的诗","范樸斋","中建:北平版","1948","第1卷 第9期","24","上海"
"忠君与爱国","平伯","中建:北平版","1948","第1卷 第9期","21","上海"
"从公报中看T.V.宋治下的广东治安","司马夫","中建:北平版","1948","第1卷 第4期","23-24","上海"
"汉口通讯:徐蚌争夺与淮海战局","莫邪","中建:北平版","1948","第1卷 第9期","31","上海"
"兰州通讯:回教徒这个力量","罗伦","中建:北平版","1948","第1卷 第4期","18-20","上海"
"论英美的武装警备政策","费孝通","中建:北平版","1948","第1卷 第7期","5-6","上海"
"根本抗议以司法手段解决学生运动","张志让 周谷城 夏康农","中建:北平版","1948","第1卷 第6期","2","上海"
"改革币制能挽救经济危机吗?","粟寄沧","中建:北平版","1948","第1卷 第4期","7-8","上海"
"成都通讯:四川的暗潮","朱柏","中建:北平版","1948","第1卷 第3期","22-23","上海"
"美国政治动向会变更吗?","费孝通","中建:北平版","1948","第1卷 第10期","6","上海"
"学校诚然不是租界","费青","中建:北平版","1948","第1卷 第5期","3-4","上海"
"自由主义与知识份子侧论","念慈","中建:北平版","1948","第1卷 第5期","11-12","上海"
"天津通讯:北方工业的残局","吴敏","中建:北平版","1948","第1卷 第1期","18-20","上海"
"人民世纪与人民教育","杜任之","中建:北平版","1948","第1卷 第9期","14-16","上海"
"从这一代的学运看这一代的政治","杨人楩","中建:北平版","1948","第1卷 第8期","13-15","上海"
"鲁迅先生纪念特辑:鲁迅先生:[木刻]","漾兮","中建:北平版","1948","第1卷 第7期","15","上海"
"长沙通讯:湘政改组前后","毋己","中建:北平版","1948","第1卷 第8期","25-26","上海"
"饥饿!饥饿!:[木刻]","李桦","中建:北平版","1948","第1卷 第8期","27","上海"
"鲁迅在文艺批评工作上的启示:十月二十日在中法大学讲演稿","李长之","中建:北平版","1948","第1卷 第8期","21-23","上海"
"艺术家齐振杞遭暗杀","徐悲鸿","中建:北平版","1948","第1卷 第6期","21","上海"
"书评:日边随笔:李广田作、三十七年五月、上海文化生活出版社发行、价三元七角、页八六","长之","中建:北平版","1948","第1卷 第6期","18-19","上海"
"怀念佩弦先生","郑昕","中建:北平版","1948","第1卷 第4期","11-12","上海"
"心理学常谈(一)","孙国萧","中建:北平版","1948","第1卷 第1期","12-13","上海"
"外交战扩及北非:附地图","费孝通","中建:北平版","1948","第1卷 第5期","7-8","上海"
"北平通讯:大局在变","陈林","中建:北平版","1948","第1卷 第1期","17-18","上海"
"成都通讯:从望江楼到华西坝:一年来成都学生的动向","马汀","中建:北平版","1948","第1卷 第9期","29-31","上海"
"双星的殒落:悼念朱自清先生","渐离","中建:北平版","1948","第1卷 第4期","13-14","上海"
"三年:纪念“一二一”三周年","凌冰","中建:北平版","1948","第1卷 第10期","10","上海"
"日本赔偿物资不可放弃","徐盈","中建:北平版","1948","第1卷 第7期","7-8","上海"
"朱自清先生","冯至","中建:北平版","1948","第1卷 第3期","10-11","上海"
"与青年谈小事","袁翰青","中建:北平版","1948","第1卷 第6期","12-14","上海"
"本刊上海座谈纪录:当前的学生问题","夏康农 董每戡 杨晦","中建:北平版","1948","第1卷 第7期","9-14","上海"
"关于思想自由及其它","郑昕","中建:北平版","1948","第1卷 第1期","10-12","上海"
"历史回忆:三十年前“安那其主义学会”","范樸斋","中建:北平版","1948","第1卷 第8期","24","上海"
"半月专栏:当前的物价走势","娄立斋","中建:北平版","1948","第1卷 第9期","19","上海"
"编者的话:北平版“中建”已经出了六期，这是第七期了","中建:北平版","1948","第1卷 第7期","2",NA,"上海"
"朱自清先生:[照片]","中建:北平版","1948","第1卷 第3期","9",NA,"上海"
"书评:“国际人权保障公约刍议”:“An International Bill of The Rights of Man，”by H.Lauterpacht，Columbia University Press，New York，1945，pp.230+X.","李浩培","中建:北平版","1948","第1卷 第6期","17-18","上海"
"华北通讯:塞外一月周旋","郭正","中建:北平版","1948","第1卷 第8期","28-29","上海"
"诤友(朱佩弦兄遗念)","俞平伯","中建:北平版","1948","第1卷 第4期","9-10","上海"
"美国能复兴西德吗?","Sternberg，F.","中建:北平版","1948","第1卷 第8期","20-21","上海"
"心理学常谈(二):附表","孙国华","中建:北平版","1948","第1卷 第2期","13-15","上海"
"做一个今天中国的大学生","袁翰青","中建:北平版","1948","第1卷 第10期","7-8","上海"
"关于轰炸开封来件二则:从滥炸开封说起","周纳","中建:北平版","1948","第1卷 第1期","23-24","上海"
"我所认识的朱自清先生","闻家驷","中建:北平版","1948","第1卷 第5期","13","上海"
"朝鲜温和派向左转","Hugh，D. 礼凡","中建:北平版","1948","第1卷 第5期","14-16","上海"
"了解这一代的青年","袁翰青","中建:北平版","1948","第1卷 第2期","11-13","上海"
"读者投书:“都到了这会啦，还怕呀!”","梁远","中建:北平版","1948","第1卷 第7期","2","上海"
"北平北大师院二校教授对于当局拘传学生抗议书","中建:北平版","1948","第1卷 第4期","24",NA,"上海"
"本刊座谈纪录:知识份子今天的任务","张东荪 许德珩 费孝通","中建:北平版","1948","第1卷 第2期","2-8","上海"
"三十七年八月二十一日下午四时为警宪在校内搜查学生事对在场的学生教职员跟警宪说话","陆志韦","中建:北平版","1948","第1卷 第4期","4","上海"
"中国今日之自由问题与自由主义者","许德珩","中建:北平版","1948","第1卷 第9期","4-5","上海"
"论胡适的自由主义","吕克難","中建:北平版","1948","第1卷 第8期","19","上海"
"成都通讯:金圆·镍币·人心","舒曼","中建:北平版","1948","第1卷 第5期","21-23","上海"
"英国刊物评论中国局势","中建:北平版","1948","第1卷 第10期","11",NA,"上海"
"本是同根生:[木刻]","李桦","中建:北平版","1948","第1卷 第2期","15","上海"
"日本经济发展势必威胁和平","孟宪章","中建:北平版","1948","第1卷 第8期","8-9","上海"
"秀才造反","薛愚","中建:北平版","1948","第1卷 第9期","8-9","上海"
"青岛通讯:山东的战略地位","鲁宾荪","中建:北平版","1948","第1卷 第6期","24，11","上海"
"汉口通讯:从黄河到长江","莫邪","中建:北平版","1948","第1卷 第2期","21","上海"
"论戊戌变法","刘勉","中建:北平版","1948","第1卷 第3期","3-5","上海"
"明初的恐怖政治","吴晗","中建:北平版","1948","第1卷 第2期","17-20","上海"
"诗和诗的对象","俞铭传","中建:北平版","1948","第1卷 第6期","19-20","上海"
"历史回忆:前清末年的四川","范樸斋","中建:北平版","1948","第1卷 第7期","21-23","上海"
"读张菊生先生“刍荛之言”","费孝通","中建:北平版","1948","第1卷 第8期","6-7","上海"
"科学需要组织","Beanal，J.D.","中建:北平版","1948","第1卷 第7期","20-21","上海"
"鲁迅先生纪念特辑:纪念鲁迅","俞铭传","中建:北平版","1948","第1卷 第7期","19","上海"
"上海通讯:吴国桢的“神经战”","裘思","中建:北平版","1948","第1卷 第1期","22-23","上海"
"东北通讯:东北在拖!","陈陆","中建:北平版","1948","第1卷 第8期","26-27","上海"
"书评:史迪威日记家书选录(The Stilwell Papers by General Joseph W.Stilwell.Edited and aranged by Theodore H White.Willisam Sloane Association，Ine.N.Y.1948.xvi+357 U.S.$4)","朱方","中建:北平版","1948","第1卷 第9期","32","上海"
"南京通讯:当前大局鸟瞰","章秦","中建:北平版","1948","第1卷 第9期","25-27","上海"
"读金圆外币的修正条款有感","樊弘","中建:北平版","1948","第1卷 第9期","3，18","上海"
"朱自清先生的道路(这是为朱先生纪念晚会而写的讲稿，晚会未开，稿寄香港“小说月刊”第五期发表，“小说月刊”第五期或已出版，但北方不易见到，“中建”允许刊载，谨致谢意.)","李广田","中建:北平版","1948","第1卷 第10期","15-16","上海"
"泄漏改币案感言","夏炎德","中建:北平版","1948","第1卷 第6期","15","上海"
"渖阳通讯:东北居天下之先","拂晓","中建:北平版","1948","第1卷 第3期","18-19","上海"
"天津通讯:失守以后的济南","中建:北平版","1948","第1卷 第10期","23-24",NA,"上海"
"从美国大选看美国民主","费孝通","中建:北平版","1948","第1卷 第9期","10-12","上海"
"访问育才学校","幼华","中建:北平版","1948","第1卷 第4期","17","上海"
"香港通讯:文化人在香港","欧阳春","中建:北平版","1948","第1卷 第8期","29","上海"
"论狂妄政治","费青","中建:北平版","1948","第1卷 第9期","2","上海"
"一个死不得的人","闻家驷","中建:北平版","1948","第1卷 第3期","11","上海"
"通货膨胀与限价政策","周作仁","中建:北平版","1948","第1卷 第7期","6","上海"
"上海通讯:币制改革了","非言","中建:北平版","1948","第1卷 第4期","22-23","上海"
"朱自清先生手迹:[手迹]","朱自清","中建:北平版","1948","第1卷 第4期","15","上海"
"北平通讯:艰难的苦撑局面","裴仁","中建:北平版","1948","第1卷 第8期","31-32","上海"
"半月专栏:中国外交的新阶段","筠友","中建:北平版","1948","第1卷 第7期","23-24","上海"
"台北通讯:一艘不能移动的航空母舰","林达薇","中建:北平版","1948","第1卷 第10期","19-20","上海"
"从这一代的学潮看这一代的教育","杨人楩","中建:北平版","1948","第1卷 第9期","16-18","上海"
"增产与革命:写了“民主主义与社会主义”以后","张东荪","中建:北平版","1948","第1卷 第1期","2-4","上海"
"编者的话:本期我们原拟献出主要的篇幅来讨论青年问题，我们也已收到许多青年朋友的投稿","中建:北平版","1948","第1卷 第6期","21",NA,"上海"
"旧戏新谈序","徐铸成","中建:北平版","1948","第1卷 第3期","24","上海"
"南洋通讯:马来亚的恐怖","瀛","中建:北平版","1948","第1卷 第4期","18","上海"
"公家经济在崩溃中:大钞是政治上鸦片烟","樊弘","中建:北平版","1948","第1卷 第1期","6-9","上海"
"我生的那一年","平伯","中建:北平版","1948","第1卷 第1期","16","上海"
"上海通讯:粮荒与动乱中的上海","新黎","中建:北平版","1948","第1卷 第9期","28-29","上海"
"转载:刍荛之言:国立中央研究院第一次院士会致词","张元济","中建:北平版","1948","第1卷 第7期","32","上海"
"西安通讯:在动荡中的西安","蒙若","中建:北平版","1948","第1卷 第10期","22","上海"
"再认识孔子:本文原为纪念孔子诞辰而写，但因邮寄和其它原因的耽误，直到现在纔能发表，我们特此向作者和读者表示深切的歉意","胡宣之","中建:北平版","1948","第1卷 第6期","9-11","上海"
"一个觉悟的思想家:唐甄","容肇祖","中建:北平版","1948","第1卷 第3期","15-17","上海"
"记世界知识分子和平大会","Martin，K.","中建:北平版","1948","第1卷 第6期","16-17","上海"
"和难战亦不成","费孝通","中建:北平版","1948","第1卷 第2期","9-11","上海"
"论节约","郑伯彬","中建:北平版","1948","第1卷 第5期","6-8","上海"
"台湾通讯:“阿山”台湾人之间","高超","中建:北平版","1948","第1卷 第4期","20-22","上海"
"北平通讯:谁杀死齐人教授","陈路","中建:北平版","1948","第1卷 第6期","20-21","上海"
"北平通讯:两个全国性学术会议","韦文","中建:北平版","1948","第1卷 第5期","18-19","上海"
"兰州通讯:雾里的西北青年","江汉","中建:北平版","1948","第1卷 第2期","23-24","上海"
"成都通讯:四川的内忧和外患","何安民","中建:北平版","1948","第1卷 第7期","27-28","上海"
"打虎队:[画图]","吴名","中建:北平版","1948","第1卷 第8期","30","上海"
"北平通讯:七五惨案前后","Lyon，J.","中建:北平版","1948","第1卷 第1期","20-22","上海"
"金园券","马寅初","中建:北平版","1948","第1卷 第8期","2-5","上海"
"汉口通讯:徐蚌会战第一回合","莫邪","中建:北平版","1948","第1卷 第10期","21","上海"
"向大学新同学献辞","樊弘","中建:北平版","1948","第1卷 第7期","3-4","上海"
"从“九一八”看现在日本","孟宪章","中建:北平版","1948","第1卷 第5期","10-11","上海"
"记朱佩弦先生","李广田","中建:北平版","1948","第1卷 第4期","12-13","上海"
"鲁迅先生纪念特辑:纪念鲁迅先生","李广田","中建:北平版","1948","第1卷 第7期","16-17","上海"
"南京通讯:自食其果","爽任","中建:北平版","1948","第1卷 第6期","22-23","上海"
"武汉通讯:看华中秋季攻势","莫邪","中建:北平版","1948","第1卷 第5期","19-20","上海"
"悼朱佩弦先生","吴晗","中建:北平版","1948","第1卷 第3期","10","上海"
"鲁迅先生纪念特辑:笔记一篇","景宋","中建:北平版","1948","第1卷 第7期","17-18","上海"
"目前技术工作者不应苦闷","孔孝天","中建:北平版","1948","第1卷 第6期","8-9","上海"
"评北大处理八一九案件的办法","樊弘","中建:北平版","1948","第1卷 第5期","4-5","上海"
"哀哀报人","郭根","中建:北平版","1948","第1卷 第8期","9","上海"
"闲话南朝(一):刘裕和士大夫","孙楷弟","中建:北平版","1948","第1卷 第5期","17","上海"
"今罪言","向达","中建:北平版","1948","第1卷 第5期","2","上海"
"论教育的社会化:读潘光旦先生的“论教育的更张”","蔡尚思","中建:北平版","1948","第1卷 第8期","12-13","上海"
"半月专栏:国内科学界盛会侧评","张孟闻","中建:北平版","1948","第1卷 第9期","20-21","上海"
"在遍地烽火中能“建设乡村”吗?","严景耀","中建:北平版","1948","第1卷 第3期","5-7","上海"
"祝南北两学术会议","向达","中建:北平版","1948","第1卷 第6期","3-4","上海"
"朱自清先生与现代散文","杨振声","中建:北平版","1948","第1卷 第4期","10-11","上海"
"北平通讯:华北与东北","韦武","中建:北平版","1948","第1卷 第7期","25-26","上海"
"献给中国自强不息的教师们","磊风","中建:北平版","1948","第1卷 第6期","12-14","上海"
"北平通讯:关于城乡物资交流","陈林","中建:华北航空版","1948","第3期","19-21","上海"
"诤友(朱佩弦兄遗念)","俞平伯","中建:华北航空版","1948","第4期","9-10","上海"
"青岛通讯:山东的战略地位","鲁宾荪","中建:华北航空版","1948","第6期","24，11","上海"
"诗和诗的对象","俞铭传","中建:华北航空版","1948","第6期","19-20","上海"
"真知识和假知识:一个社会科学工作人员的自白","费善通","中建:华北航空版","1948","第6期","6-7","上海"
"北平通讯:七五惨案前后","Lyon，J.","中建:华北航空版","1948","第1期","20-22","上海"
"旧戏新谈序","徐铸成","中建:华北航空版","1948","第3期","24","上海"
"高调哲学与低调哲学:哲学杂论之一","郑昕","中建:华北航空版","1948","第3期","12-13","上海"
"论青年思想问题与中年人应持的态度","郑昕","中建:华北航空版","1948","第6期","4-6","上海"
"记世界知识分子和平大会","Martin，K.","中建:华北航空版","1948","第6期","16-17","上海"
"朱自清先生与现代散文","杨振声","中建:华北航空版","1948","第4期","10-11","上海"
"朝鲜温和派向左转","Deane，H. 礼凡","中建:华北航空版","1948","第5期","14-16","上海"
"增产与革命:写了“民主主义与社会主义”以后","张东荪","中建:华北航空版","1948","第1期","2-4","上海"
"评金元券发行条例中的准备条款","樊弘","中建:华北航空版","1948","第4期","8","上海"
"哭佩弦先生","游国恩","中建:华北航空版","1948","第4期","9","上海"
"闲话南朝(一):刘裕和士大夫","孙楷弟","中建:华北航空版","1948","第5期","17","上海"
"谈币制改革","周作仁","中建:华北航空版","1948","第4期","6","上海"
"关于思想自由及其它","郑昕","中建:华北航空版","1948","第1期","10-12","上海"
"评北大处理八一九案件的办法","樊弘","中建:华北航空版","1948","第5期","4-5","上海"
"为文物请命","向达","中建:华北航空版","1948","第3期","8","上海"
"书评:“国际人权保障公约刍议”:“An International Bill of The Rights of Man，”by H.Lauterpacht，Columbia University Press，New York，1945，pp.230+X.","李浩培","中建:华北航空版","1948","第6期","17-18","上海"
"与青年谈小事","袁翰青","中建:华北航空版","1948","第6期","12-14","上海"
"三十七年八月二十一日下午四时为警宪在校内搜查学生事对在场的学生教职员跟警宪说话","陆志群","中建:华北航空版","1948","第4期","4","上海"
"改革币制能挽救经济危机吗?","粟寄沧","中建:华北航空版","1948","第4期","7-8","上海"
"流亡地主在都市:[木刻]","李桦","中建:华北航空版","1948","第6期","8","上海"
"悼朱佩弦先生","吴晗","中建:华北航空版","1948","第3期","10","上海"
"心理学常谈(一)","孙国萧","中建:华北航空版","1948","第1期","12-13","上海"
"同谁讲法?","楼邦彦","中建:华北航空版","1948","第3期","2-3","上海"
"北平通讯:大局在变","陈林","中建:华北航空版","1948","第1期","17-18","上海"
"在遍地烽火中能“建设乡村”吗?","严景耀","中建:华北航空版","1948","第3期","5-7","上海"
"一个觉悟的思想家:唐甄","容肇祖","中建:华北航空版","1948","第3期","15-17","上海"
"双星的殒落:悼念朱自清先生","渐离","中建:华北航空版","1948","第4期","13-14","上海"
"日本投降三周年感言(三篇)","许德珩 周建人 张东荪","中建:华北航空版","1948","第4期","2-3","上海"
"从“九一八”看现在日本","孟宪章","中建:华北航空版","1948","第5期","10-11","上海"
"香港通讯:香港人对币制改革的看法","欧阳春","中建:华北航空版","1948","第5期","20-21","上海"
"上海通讯:雷厉风行的经验工作","查化","中建:华北航空版","1948","第5期","23-24","上海"
"根本抗议以司法手段解决学生运动","张志讓 周谷城 夏康农","中建:华北航空版","1948","第6期","2","上海"
"自由主义与知识份子侧论","念慈","中建:华北航空版","1948","第5期","11-12","上海"
"上海通讯:币制改革了","非言","中建:华北航空版","1948","第4期","22-23","上海"
"渖阳通讯:被遗忘了的长春","杨易","中建:华北航空版","1948","第3期","23-24","上海"
"台湾通讯:“阿山”台湾人之间","高超","中建:华北航空版","1948","第4期","20-22","上海"
"外交战扩及北非:附地图","费善通","中建:华北航空版","1948","第5期","7-8","上海"
"秋讯","黄炎培","中建:华北航空版","1948","第5期","9","上海"
"今罪言","向达","中建:华北航空版","1948","第5期","2","上海"
"一个死不得的人","闻家驷","中建:华北航空版","1948","第3期","11","上海"
"我生的那一年","平伯","中建:华北航空版","1948","第1期","16","上海"
"目前技术工作者不应苦闷","孔孝天","中建:华北航空版","1948","第6期","8-9","上海"
"泄漏改币案感言","夏炎德","中建:华北航空版","1948","第6期","15","上海"
"关于轰炸开封来件二则:从滥炸开封说起","周纳","中建:华北航空版","1948","第1期","23-24","上海"
"南洋通讯:马来亚的恐怖","瀛","中建:华北航空版","1948","第4期","18","上海"
"公家经济在崩溃中:大钞是政治上鸦片烟","樊弘","中建:华北航空版","1948","第1期","6-9","上海"
"朱自清先生传略","中建:华北航空版","1948","第3期","9",NA,"上海"
"由必要到自由","樊弘","中建:华北航空版","1948","第3期","14-15","上海"
"南京通讯:自食其果","爽任","中建:华北航空版","1948","第6期","22-23","上海"
"献给中国自强不息的教师们","磊风","中建:华北航空版","1948","第6期","12-14","上海"
"渖阳通讯:东北居天下之先","拂晓","中建:华北航空版","1948","第3期","18-19","上海"
"上海通讯:吴国桢的“神经战”","裘思","中建:华北航空版","1948","第1期","22-23","上海"
"天津通讯:北方工业的残局","吴敏","中建:华北航空版","1948","第1期","18-20","上海"
"悼佩弦先生","林庚","中建:华北航空版","1948","第3期","9","上海"
"北平通讯:谁杀死齐人教授","陈路","中建:华北航空版","1948","第6期","20-21","上海"
"悼现实主义画家齐振杞","冯法禩","中建:华北航空版","1948","第3期","17","上海"
"艺术家齐振杞遭暗杀","徐悲鸿","中建:华北航空版","1948","第6期","21","上海"
"痛悼我们的导师","中建:华北航空版","1948","第3期","9",NA,"上海"
"北平通讯:两个全国性学术会议","韦文","中建:华北航空版","1948","第5期","18-19","上海"
"祝南北两学术会议","向达","中建:华北航空版","1948","第6期","3-4","上海"
"书评:日边随笔:李广田作、三十七年五月、上海文化生活出版社发行、价三元七角、页八六","长之","中建:华北航空版","1948","第6期","18-19","上海"
"论“苦撑待变”","费善通","中建:华北航空版","1948","第1期","4-6","上海"
"兰州通讯:回教徒这个力量","罗伦","中建:华北航空版","1948","第4期","18-20","上海"
"北平北大师院二校教授对于当局拘传学生抗议书","中建:华北航空版","1948","第4期","24",NA,"上海"
"编者的话:本期我们原拟献出主要的篇幅来讨论青年问题，我们也已收到许多青年朋友的投稿","中建:华北航空版","1948","第6期","21",NA,"上海"
"大九州的梦","平伯","中建:华北航空版","1948","第1期","16","上海"
"一多兄死难二周年祭","闻家驷","中建:华北航空版","1948","第1期","9-10","上海"
"论戊戌变法","刘勉","中建:华北航空版","1948","第3期","3-5","上海"
"休战不是和平","费善通","中建:华北航空版","1948","第4期","4-5","上海"
"关于轰炸开封来件二则:开封浩劫实况","啸","中建:华北航空版","1948","第1期","24","上海"
"再认识孔子:本文原为纪念孔子诞辰而写，但因邮寄和其它原因的耽误，直到现在纔能发表，我们特此向作者和读者表示深切的歉意","胡宣之","中建:华北航空版","1948","第6期","9-11","上海"
"成都通讯:四川的暗潮","朱柏","中建:华北航空版","1948","第3期","22-23","上海"
"访问育才学校","幼华","中建:华北航空版","1948","第4期","17","上海"
"记朱佩弦先生","李广田","中建:华北航空版","1948","第4期","12-13","上海"
"悼朱佩弦师:附朱自清先生手迹","王瑶","中建:华北航空版","1948","第4期","14-16","上海"
"怀念佩弦先生","郑昕","中建:华北航空版","1948","第4期","11-12","上海"
"论节约","郑伯彬","中建:华北航空版","1948","第5期","6-8","上海"
"我所认识的朱自清先生","闻家驷","中建:华北航空版","1948","第5期","13","上海"
"成都通讯:金圆·镍币·人心","舒曼","中建:华北航空版","1948","第5期","21-23","上海"
"从昨天看今天:“九一八北京大学示威运动专刊”读后感","柏万","中建:华北航空版","1948","第5期","14-16","上海"
"武汉通讯:看华中秋季攻势","莫邪","中建:华北航空版","1948","第5期","19-20","上海"
"医学与文学(三十七年五月十九日在北京大学医学院讲)","李广田","中建:华北航空版","1948","第1期","13-15","上海"
"从公报中看T.V.宋治下的广东治安","司马夫","中建:华北航空版","1948","第4期","23-24","上海"
"朱自清先生","冯至","中建:华北航空版","1948","第3期","10","上海"
"学校诚然不是租界","费青","中建:华北航空版","1948","第5期","3-4","上海"
"论费边社","张文","主流","1947","第2期","6-11","南京"
"假使英国今天是保守党执政的话","白坚石","主流","1947","第9期","5-8","南京"
"世界之路·革命之途:论一个不流血革命的惯例","司马懷冰","主流","1947","第10期","1-4","南京"
"我们狂飙社的意见","王秋逸","主流","1947","第4期","21-23","南京"
"来一次生活观念上的革命","马元青","主流","1947","第11期","5-9","南京"
"以第三世界之长成消除资共世界的对立","羅夢册","主流","1947","第5期","1-10","南京"
"河大来件","主流","1947","第9期","19",NA,"南京"
"中国必能走上社会主义的坦途","黄镜明","主流","1947","第5期","22-23","南京"
"以民主自由社会主义的革命救中国","羅夢册","主流","1947","第7期","1-4","南京"
"从中国抗战以来之学术思想看新革命运动","楊震羽","主流","1947","第2期","12-15","南京"
"外件:不流血的革命","黎秀石","主流","1947","第8期","20-23","南京"
"社会主义与自由","LASKI.H.J 李韻斯","主流","1947","第7期","13-17","南京"
"立促一代主流的形成","羅夢册","主流","1947","第6期","1-3","南京"
"来件:我们要在新革命运动旗帜之下集结起来","主流","1947","第5期","19-20",NA,"南京"
"来件:取消左右倾论调","王迅雷","主流","1947","第10期","20-22","南京"
"不流血的民族革命","楊震羽","主流","1947","第10期","5-8","南京"
"主流一年:“星星之火，可以燎原;涓涓不塞，将成江河!”","羅夢册","主流","1947","第12期","1-4","南京"
"未来之世界与未来之中国","刘不同","主流","1947","第7期","18-20","南京"
"来件:中国需要新革命运动","张愚山","主流","1947","第9期","18","南京"
"美国应该怎样援助中国:寄语魏德迈将军及美国人民","濮阳星","主流","1947","第9期","9-10","南京"
"两极政治与内乱","丁洪範","主流","1947","第9期","1-4","南京"
"初论劳文","楊戎","主流","1947","第1期","11-13","南京"
"来件:就新革命运动敬告国人","刘超武","主流","1947","第6期","20-21","南京"
"来件:读主流第四号以后","王迅雷","主流","1947","第7期","21-23","南京"
"时代需要一个民主自由社会主义的文化运动","楊羽震","主流","1947","第12期","14-18","南京"
"来件:论民主政治与反对自由","胡私","主流","1947","第11期","18-19","南京"
"现代文明的危机:附插图","Laski，H.J.","主流","1948","第14/15期","4-8","南京"
"论民主自由与社会主义","丁洪範","主流","1948","第18期","14-15","南京"
"万方多难望主流(四封响应文件)","主流","1948","第22期","17-19",NA,"南京"
"论当今知识份子之不容偏差与落伍","刘文礼","主流","1948","第18期","12-13","南京"
"粗描近百余年来社会主义思潮的细波巨浪与流向","楊戎","主流","1948","第23期","14-17","南京"
"把“不流血革命”的思想灌输到劳工劳农的脑海里去!","胡私講 彭蘭生","主流","1948","第13期","21-22","南京"
"二十世纪五十年代的政治思潮","羅夢册 伽赐","主流","1948","第21期","1-4","南京"
"世界在变:主流漫画","蒋无逆","主流","1948","第19期","19","南京"
"看官倷制度下的越级陈诉处分","小石","主流","1948","第21期","16-18","南京"
"天下乌乎往?:代卷头语","主流","1948","第14/15期","1-2",NA,"南京"
"解开二千年来阻碍中国社会进步的死结","晏公俠","主流","1948","第20期","1-6","南京"
"万方多难望主流(各方来件):祝中国民主自由社会主义学会成立","刘超武","主流","1948","第18期","5-11","南京"
"三优与四育政治论民主自由社会主义的科学基础","范谦衷","主流","1948","第19期","6-9","南京"
"和夔门之内的民主自由社会主义者握手","曹文羣","主流","1948","第23期","11-14","南京"
"新自由主义者宣言:附插图","Wallace，H.A.","主流","1948","第14/15期","12-14","南京"
"再论不流血的革命","羅夢册","主流","1948","第23期","1-7","南京"
"万方多难望主流(十四封响应文件)","主流","1948","第19期","20-27",NA,"南京"
"新自由主义时代的到来","孙憲辉","主流","1948","第13期","20-21","南京"
"文学旧世界的崩解与新天地之发现","李维林","主流","1948","第20期","16-19","南京"
"中国之国之自我再认识兼及其改造之道与改造者","羅夢册","主流","1948","第13期","1-5","南京"
"我，一个信仰不流血革命的革命者不会向暴力低头，而暴力倒向我低头了","胡私","主流","1948","第23期","7-11","南京"
"论和平:附插图","Russell，B.","主流","1948","第14/15期","9-11","南京"
"瞻望人类的未来","周太玄","主流","1948","第14/15期","34-39","南京"
"自由主义者能做第三方面的主干吗?","马元青","主流","1948","第16期","8-11","南京"
"政治病源与文化诊断并评梁漱溟张东荪两先生的看法","司马懷","主流","1948","第13期","6-10","南京"
"论知识份子的两种型态","楊震羽","主流","1948","第16期","12-14","南京"
"万方多难望主流","主流","1948","第20期","20-23",NA,"南京"
"希望及早有一个社会主义的报纸出现","李立岩","主流","1948","第13期","23","南京"
"从学术自由论学术独立","楊震羽","主流","1948","第13期","11-13","南京"
"悲悼孙胡诚先生并向内战抗议!","主流","1948","第19期","5",NA,"南京"
"万方多难望主流(响应文件):中国民主自由社会主义在天山瀚海间","宋曼","主流","1948","第24期","13-15","南京"
"由我国农村经济本质及问题的分析评中美乡村建设栛定","叶克嵎","主流","1948","第21期","13-16","南京"
"万方多难望主流(八封响应文件)","主流","1948","第21期","18-23",NA,"南京"
"万方多难望主流(响应文件)","主流","1948","第23期","20-23",NA,"南京"
"共同负起时代的使命","楊文华","主流","1948","第18期","15-18","南京"
"社会进化的定律","叶源","主流","1948","第19期","10-13","南京"
"从新政府看国民党","白坚石","主流","1948","第18期","22-23","南京"
"一八四八至一九四八年的文学主流","李维林","主流","1948","第22期","9-13","南京"
"西欧的“第三方面势力”","(英)Crossman，R.H.S. 健飞","主流","1948","第17期","13-15","南京"
"历史的现阶段","Toynbee，A.F.","主流","1948","第14/15期","15-17","南京"
"向贫穷与疾病宣战!","王任重","主流","1948","第21期","4-6","南京"
"吊四平!悼开封!兼论解放·保卫·与毁灭!","羅夢册","主流","1948","第19期","1-5","南京"
"我们所呼唤的时代已经到来","司马懷冰","主流","1948","第17期","6-7","南京"
"中国民主自由社会主义学会成立宣言","主流","1948","第17期","1-5",NA,"南京"
"世界暴动·法西斯复活与民主自由社会主义的国际","白坚石","主流","1948","第13期","14-17","南京"
"中国民主自由社会主义革命之路","王任重","主流","1948","第17期","7-10","南京"
"三优与四育政治论民主自由社会主义的科学基础 (续十九号)","范谦衷","主流","1948","第20期","7-11","南京"
"看今日世界之偏流逆流与主潮:世界暴动法西斯蒂复活及民主自由社会主义之兴起(四月一日中央大学主潮社学术讲演会讲词)","羅夢册 秦京","主流","1948","第16期","1-3","南京"
"论人类思想人类制度不容再落在人类生产力量之后:附插图","羅夢册","主流","1948","第14/15期","18-30","南京"
"来件:时代苦难一页:南京下关难民专访记","谭无逸","主流","1948","第13期","18-19","南京"
"从南国的仿徨看世界之未来","孙憲辉","主流","1948","第20期","12-15","南京"
"费边社会与费边社会主义","彭定頤","主流","1948","第22期","6-9","南京"
"面对风暴迈进第二阶段","羅夢册","主流","1948","第24期","1-3","南京"
"从文学艺术的构型论其发展的流向","李维林","主流","1948","第21期","9-13","南京"
"费边社与费边社会主义(二续)","彭定颐","主流","1948","第23期","18-20","南京"
"总结第一场战役","李维林","主流","1948","第24期","3-7","南京"
"不自由勿寗死","楊间墨","主流","1948","第24期","7-10","南京"
"来件:我们要求“主流”负起汇合一代主流的大责","主流","1948","第16期","15-17",NA,"南京"
"念五四评学潮·展望民主自由社会主义运动","楊戎","主流","1948","第17期","17-19","南京"
"我们响应时代的呼唤","四百零四个大学生","主流","1948","第18期","1-4","南京"
"甘地路线与斯大林路线","楊戎","主流","1948","第16期","4-7","南京"
"西欧联盟与第三世界","李繼耳","主流","1948","第18期","18-21","南京"
"美国的第三党展望","Fuller，H. 透雲","主流","1948","第17期","16","南京"
"从民主政治论政党应有的政治道德","常能明","主流","1948","第19期","13-15","南京"
"社会主义与左倾的宗教","张寰","主流","1948","第22期","13-17","南京"
"从今日中国诸不同之政治势力政治路线看中国的前途","丁洪範","主流","1948","第22期","1-5","南京"
"论立法院","谭无逸","主流","1948","第19期","16-18","南京"
"时代的悲哀","雷海宗","主流","1948","第14/15期","31-33","南京"
"费边社会与费边社会主义（三续）","彭定颐","主流","1948","第24期","11-13","南京"
"论社会主义与社会主义者","Cole，G.D.H. 励刚","主流","1948","第21期","7-8","南京"
"出路:附插图","Einstein.A","主流","1948","第14/15期","3","南京"
"在成长中的中国第三方面力量","白坚石","主流","1948","第17期","10-12","南京"
"中国的出路","华岳高","主流","1948","第16期","17-19","南京"
"哲学与政治","欧阳澄節","主流","1949","第3/4期","14-19","南京"
"论人的重新认识","李中嚴","主流","1949","第2期","11-13","南京"
"经济平等与政治自由","李树动","主流","1949","第2期","5-7","南京"
"从人与世界的再发现看今日之新文艺复兴","李维林","主流","1949","第3/4期","1-7","南京"
"从时代主潮看世界及中国前途","羅夢册","主流","1949","第2期","1-4","南京"
"万方多难望主","傅啓民","主流","1949","第2期","19","南京"
"罗素论社会主义","歐阳澄","主流","1949","第2期","7-11","南京"
"我们对于中国土地改革的意见和主张:主流社土地问题研究委员会集体意见","丁正伟","主流","1949","第3/4期","8-13","南京"
"粗描近百余年来社会主义思潮的细波巨浪与流向","楊戎","主流","1949","第2期","13-19","南京"
"附件:让我们来促成一个新的革命运动","主流","1947","第1期","17-19",NA,"南京"
"费边社是怎样成长起来的","Shaw.G.B. 何蕴冰","主流","1947","第8期","5-10","南京"
"新革命运动要北平","楊时雨","主流","1947","第3期","15-17","南京"
"中国需要一个民主自由社会主义的政党","白坚石","主流","1947","第12期","10-13","南京"
"马克斯主义时代之过去费边主义时代之到来","羅夢册","主流","1947","第8期","1-4","南京"
"附件:新的时代新的认识:响应“让我们来促成一个新革命运动”的伟大号召","龙潜夫 曾進 向板","主流","1947","第4期","19-20","南京"
"费边主义研究","楊戎","主流","1947","第10期","9-12","南京"
"致英议会访华圑诸先生书","主流","1947","第10期","18-19",NA,"南京"
"论劳文的历史使命","张东前","主流","1947","第10期","22-23","南京"
"英国与正统派社会主义","Schumpeter，T.A. 莫闻天","主流","1947","第10期","16-17","南京"
"英国工党与内政改革","MURPHY.M.E 楊戎","主流","1947","第7期","9-12","南京"
"要实现和平非有强力的第三方面不可","丁洪範","主流","1947","第6期","4-6","南京"
"论中国的士，知识份子，与劳文","曹文羣","主流","1947","第11期","14-15","南京"
"中国应立即举办一次财产税:挽救财政危机平均社会财富","王任重","主流","1947","第11期","10-13","南京"
"我们需要一个什么样的国际","羅夢册","主流","1947","第11期","1-4","南京"
"二十七位英国工党议员寄给中国人民的贺年信","主流","1947","第2期","23",NA,"南京"
"劳文与社会主义","张文","主流","1947","第3期","13-14","南京"
"一代的意志与行动(代发刊词)","主流","1947","第1期","1-3",NA,"南京"
"在民主自由社会主义的革命路上","李维林","主流","1947","第12期","21-23","南京"
"到政治民主经济平等的新社会之路","王迅雷","主流","1947","第11期","16-17","南京"
"文学艺术要革命中","李维林","主流","1947","第5期","11-14","南京"
"中产阶级的没落与劳文群之兴起","李繼耳","主流","1947","第9期","11-13","南京"
"论社会主义的经济","李繼耳","主流","1947","第5期","15-18","南京"
"我们抗议国营事业之出卖","歐阳澄","主流","1947","第7期","5-8","南京"
"记费边社六十周年纪念大会","主流","1947","第8期","11",NA,"南京"
"工业上的新人:智力劳动者在工业上的地位","Tawney.R.H. 楊震羽","主流","1947","第9期","14-17","南京"
"从毁灭中新生","傅奇","主流","1947","第6期","22-23","南京"
"报英国工党二十七位议员先生书","主流","1947","第2期","21-23",NA,"南京"
"我们的意见","交大鸣社","主流","1947","第5期","21","南京"
"和平革命者在三劳旗帜之下集结起来","丁洪範","主流","1947","第4期","1-4","南京"
"社会主义在世界的抬头","王任重","主流","1947","第2期","16-20","南京"
"历史的再认识","司马怀冰","主流","1947","第4期","5-9","南京"
"时代的进程:记新革命运动的诞生及其成长","李维林","主流","1947","第1期","14-16","南京"
"改造中国社会的第一步","李顯承","主流","1947","第3期","5-9","南京"
"经济人与社会人","Huxley.J 楊戎","主流","1947","第6期","7-14","南京"
"民主主义的政治与社会主义的经济","羅夢册","主流","1947","第2期","1-5","南京"
"以不流血的革命推开新时代之门","羅夢册","主流","1947","第3期","1-4","南京"
"附件:读者之声","主流","1947","第3期","18-19",NA,"南京"
"到世界社会义之新路","Renner.K 王任重","主流","1947","第4期","14-18","南京"
"我们需要一个民主自由社会主义的报纸","楊戎","主流","1947","第12期","19-20","南京"
"反国营事业出售论","王任重","主流","1947","第6期","15-19","南京"
"从中国历史看当代革命的主流","選知","主流","1947","第4期","10-13","南京"
"二十年来中国学术思潮总批判:由五四运动到新革命运动","冯達生","主流","1947","第1期","7-10","南京"
"论经济平等与政治民主之不容偏废","石若望","主流","1947","第8期","12-15","南京"
"世界需要一个民主自由社会主义国际","司马懷冰","主流","1947","第12期","5-9","南京"
"经济末路。财政穷途","何时","主流","1947","第10期","13-15","南京"
"新革命运动与新革命者","羅夢册","主流","1947","第1期","4-6","南京"
"毁偶像!破岩穴!","易明","主流","1947","第8期","16-19","南京"
"看和平使者司徒雷登先生","艾荧","主流","1947","第2期","24-29","南京"
"论资本主义与社会主义","李繼耳","主流","1947","第3期","10-12","南京"
"在法庭上：較場口血案聽審記","解放","1946","第1期","20-21",NA,"北平"
"中國法西斯派向孫中山先生的民主主義挑戰","解放","1946","第1期","2",NA,"北平"
"歡迎葉挺將軍出獄：[詩歌]","卞梁","解放","1946","第1期","21","北平"
"華北聯合大學介紹","解放","1946","第1期","22",NA,"北平"
"誰把國民黨辦壞了？","解放","1946","第1期","3-4",NA,"北平"
"威海衛参議會梁議長加入中共","解放","1946","第1期","4",NA,"北平"
"中國法西斯派的綱領","解放","1946","第1期","5-6",NA,"北平"
"恐怖的“自由”！","解放","1946","第1期","6-7",NA,"北平"
"典型的撤謊者","解放","1946","第1期","8",NA,"北平"
"把法西斯份子從政府機構中清洗出去","解放","1946","第1期","9，15",NA,"北平"
"重慶事件與東北問題","解放","1946","第1期","10-12",NA,"北平"
"實事實話","啟先","解放","1946","第2期","0-1","北平"
"中共改造了中國的經濟","史坦因 李楠","解放","1946","第2期","12-13","北平"
"蕭克將軍答記者問：中央社顛倒是非捏造新聞","解放","1946","第2期","12-13",NA,"北平"
"東北人民團結起來制止内戰！","解放","1946","第2期","13-14",NA,"北平"
"東北通化暴動詳情：主犯之一日人田友供認","解放","1946","第2期","14-15",NA,"北平"
"國民黨通化縣黨部書記長：孫耕曉的供詞","解放","1946","第2期","15",NA,"北平"
"悼李兆麟同志","解放","1946","第2期","16-17",NA,"北平"
"蘇北成立雪楓大學張垣創建醫科大學","解放","1946","第2期","17",NA,"北平"
"東北抗日游擊戰的領導者李兆麟將軍","解放","1946","第2期","18-19",NA,"北平"
"白旗堡“搬兵”：東北民主聯軍和老百姓的故事","室功","解放","1946","第2期","20","北平"
"解放區是怎樣救濟難胞？","趙陵","解放","1946","第2期","21","北平"
"出爾反爾：評國民黨二中全會","解放","1946","第2期","1-2",NA,"北平"
"解放區的婦女生活","解放","1946","第2期","22",NA,"北平"
"破產的政治理論","解放","1946","第2期","3-4",NA,"北平"
"先生此言差矣！","解放","1946","第2期","5",NA,"北平"
"國民黨改革問題的兩個道路：延安解放日報紀念孫中山先生逝世二十一週年社論","解放","1946","第2期","6，17",NA,"北平"
"訓政時期約法應該失效了","解放","1946","第2期","7",NA,"北平"
"禁止暴行還是發展暴行？","解放","1946","第2期","8",NA,"北平"
"如此中央社：歪曲又一例","靜","解放","1946","第1期","15","北平"
"邱吉爾先生往那兒去？","解放","1946","第1期","16-17",NA,"北平"
"邱吉爾的應聲虫","魯山","解放","1946","第1期","17","北平"
"解放區介紹：大平原裏的冀魯豫解放區","解放","1946","第1期","18",NA,"北平"
"東北問題的解决辦法","解放","1946","第5期","4-6",NA,"北平"
"中美人民的呼聲","解放","1946","第5期","4-6",NA,"北平"
"人民的自由權利在那裏？：抗議南通大血案","解放","1946","第5期","7",NA,"北平"
"可恥的大公報社論","解放","1946","第5期","8",NA,"北平"
"雜感：所謂“全國最高的民意機關……”","解放","1946","第3期","7",NA,"北平"
"東北問題應如何解决","解放","1946","第3期","8-9",NA,"北平"
"紀念偉大的孫中山先生（附照片）","解放","1946","第1期","0-1",NA,"北平"
"追悼張莘夫先生","解放","1946","第1期","13",NA,"北平"
"張莘夫之死","解放","1946","第1期","14",NA,"北平"
"太原忙","平木","解放","1946","第1期","14","北平"
"災荒襲擊着中國人民","白奮","解放","1946","第2期","10-11","北平"
"四大協議必須實現","解放","1946","第3期","0-1",NA,"北平"
"雜感：南京整飭市容，要拆除中華門的茅草小屋……","解放","1946","第3期","9",NA,"北平"
"痛悼死者","解放","1946","第4期","0",NA,"北平"
"關於嚴懲漢奸","解放","1946","第4期","10",NA,"北平"
"論毛澤東思想（續）","解放","1946","第4期","11-13",NA,"北平"
"東北問題的歷史真相","喬木 田家英","解放","1946","第4期","14-19","北平"
"雜感：東北老百姓喊叫：“我們不能再容忍法西斯份子，不管他是日本的還是中國的……”","解放","1946","第4期","19",NA,"北平"
"解放區介紹：百鍊成鋼的晉察冀邊區（續）","孫值範","解放","1946","第4期","20-22","北平"
"諸葛亮與劉阿斗","解放","1946","第4期","22",NA,"北平"
"英雄們向暴風雨飛去：輓歌：[歌曲]","郭沬若 夏白","解放","1946","第4期","23","北平"
"中國人民無可補償的損失：沉痛追悼王若飛等諸同志","解放","1946","第4期","1",NA,"北平"
"爲和平民主團結統一而奮鬥","解放","1946","第4期","2-3",NA,"北平"
"雜感：只用拳打，沒有開槍，就得到“傳令嘉獎”……","解放","1946","第4期","3",NA,"北平"
"東北應無條件停戰","解放","1946","第4期","4-5",NA,"北平"
"政協决議是憲法的源泉：斥反動派底法統論","何思敬","解放","1946","第4期","6-7","北平"
"訓政時期約法必須廢止","解放","1946","第4期","8",NA,"北平"
"論毛澤東思想（續）","解放","1946","第5期","10-12",NA,"北平"
"通訊：北平“解放三日刊”出版前後","蕭英","解放","1946","第5期","13-15","北平"
"雜感：國民黨統治下，各省主席，幾乎清一色是軍人……","解放","1946","第5期","15",NA,"北平"
"邊府林主席伯渠報告政府工作","解放","1946","第5期","16-17",NA,"北平"
"建設豐衣足食的東北：中共東北局頒發大生產指示","解放","1946","第5期","16-17",NA,"北平"
"紫塞途上","魏伯","解放","1946","第5期","18","北平"
"解放區介紹：百鍊成鋼的晉察冀邊區（續）","孫值範","解放","1946","第5期","19-22","北平"
"雜感：陳公博的第十條罪狀是：“收編偽軍，禍國殃民……”","解放","1946","第4期","8",NA,"北平"
"國民黨當局爲什麼不散解偽軍？","解放","1946","第4期","9",NA,"北平"
"歡迎馬歇爾將軍","解放","1946","第5期","0",NA,"北平"
"來件：國立廣西大學全體學生駁斥大公報造謠陷害","解放","1946","第5期","9-10",NA,"北平"
"小民兵的故事","冠西","解放","1946","第5期","21-22","北平"
"再評破產的政治理論：延安解放日報十日社論","解放","1946","第5期","1-2",NA,"北平"
"雜感：“叭兒狗何嘗知道什麽是民族主義……”","魯迅","解放","1946","第5期","2","北平"
"東北民主聯軍開進長春","解放","1946","第5期","3",NA,"北平"
"哀悼：為王若飛、秦邦憲、葉挺諸先生乘機遇難而作：[詩歌]","艾蕪","解放","1946","第5期","3","北平"
"一個東北人民抗日聯軍戰士的控訴：讀大公報二月二十五日“與東北共存亡”一文以後","冬麥","解放","1946","第3期","10-14","北平"
"論毛澤東思想（未完）（附照片、圖）","解放","1946","第3期","15-17",NA,"北平"
"五五憲草根本違反孫先生遺教（附圖）","陳家康","解放","1946","第3期","18-19","北平"
"糊塗觀念","解放","1946","第3期","20",NA,"北平"
"雜感：或問：由“中央”的立法院通過的“省”自治法之“自”字作何解？……","解放","1946","第3期","20",NA,"北平"
"解放區介紹：百鍊成鋼的晉察冀邊區（未完）","孫值範","解放","1946","第3期","21-22","北平"
"雜感：戴笠死後，中央社發一歷略，其中有云……","解放","1946","第3期","22",NA,"北平"
"沒有絃的炸彈：偵察員董曰寬講他自己的故事","丁奮","解放","1946","第3期","23-25","北平"
"雜感：廣州地方當局籌設行轅……","解放","1946","第3期","25",NA,"北平"
"牛皮大王","解放","1946","第3期","1",NA,"北平"
"當前時局申重要文獻周恩來同志談話全文","解放","1946","第3期","2-5",NA,"北平"
"雜感：參政會開了兩次，得了兩個“不”字的結論……","解放","1946","第3期","5",NA,"北平"
"實現東北停戰","解放","1946","第3期","6",NA,"北平"
"東北主權在於東北人民","解放","1946","第3期","7",NA,"北平"
"是實踐諾言的時候了！","解放","1946","第2期","9",NA,"北平"
"張市文化界“成立北方文化社”","解放","1946","第1期","18",NA,"北平"
"較場口血案開審記：暴徒劉野樵無恥大放厥詞，真假雙包案歡衆啼笑皆非","小亞","解放","1946","第1期","19","北平"
"新華社社論：戰局的轉捩點：評蔣軍一三五旅被殲經過","群众","1947","第13期","2-3",NA,"香港"
"苦難中的蔣朝公務員（南京通訊）","葉馨","群众","1947","第38期","22","香港"
"讀者與編者：聲援聖約翰學生","藍田","群众","1947","第34期","21-22","香港"
"實現耕者有其田是實行中山先生的主要遺敎","許滌新","群众","1947","第37期","3-4","香港"
"讀者與編者：俘虜的話","群众","1947","第37期","22-23",NA,"香港"
"學生的災難（上海通讯）","柳揚","群众","1947","第31期","13","香港"
"世間果有人吃人！（浙江永嘉通訊）","天","群众","1947","第26期","10-13","香港"
"英德東鄕的大殺掠（北江通訊）","廖方明","群众","1947","第7期","22-23","香港"
"讀者與編者：旅法華僑和平促進會，對國民大會立法委員選舉宣言","群众","1947","第44期","22",NA,"香港"
"中共發言人評論暹羅政變","群众","1947","第46期","1",NA,"香港"
"茶亭雜話：無花菓葉子","汪老吉","群众","1947","第48期","17","香港"
"短評：盛宴招待日戰犯","群众","1947","第26期","4",NA,"香港"
"印度尼西亞的獨立戰爭（八月二日新華社社論）","群众","1947","第29期","6-7",NA,"香港"
"短評：注視又一賣國陰謀","群众","1947","第17期","16-17",NA,"香港"
"晋察總冀膠東晋綏渤海人民解放軍一年來戰績","群众","1947","第25期","19",NA,"香港"
"两廣縱隊在魯成立：前東縱司令曾生榮任司令員，宣言一直打囘兩廣解放華南","群众","1947","第29期","3",NA,"香港"
"“改組”？“該煮”？：[畫圖]","李蒙","群众","1947","第3期","18","香港"
"思想漫步：夾縫中的人","依羣","群众","1947","第48期","14","香港"
"讀者與編者：這是我的責任、唯懦怯者最殘忍","竹","群众","1947","第39期","21","香港"
"攻勢接着攻勢","朝新","群众","1947","第22期","8-9","香港"
"頹勢能夠挽救嗎？（附圖）","朝新","群众","1947","第20期","13-14","香港"
"讀書雜記：勇敢和謙遜","封風","群众","1947","第32期","20-21","香港"
"短評：誰處置誰？","群众","1947","第35期","8",NA,"香港"
"攻守易勢的開端","朝新","群众","1947","第14期","8-9","香港"
"短評：團結起來抵制日貨","群众","1947","第33期","8",NA,"香港"
"兇手和帮兕：[畫圖]","葉菲","群众","1947","第18期","12","香港"
"短評：抗議封閉三報舘","群众","1947","第18期","1",NA,"香港"
"解放區民兵：（上）配合主力作戰，冀中民兵收割敵人的電綫：[照片]","群众","1947","第13期","11",NA,"香港"
"“天皇”麥克阿瑟在日本","(美)David Arnold 端納","群众","1947","第33期","3-5","香港"
"短評：壓廹的鉗子伸到海外","群众","1947","第26期","5",NA,"香港"
"解放區縱橫行（二）","雲尼·李東白 安娜·史特朗","群众","1947","第28期","20-21","香港"
"短評：爲于子三復仇","群众","1947","第42期","2",NA,"香港"
"算一筆美金賬：兩年多來美國給了蔣介石多少援助？","許滌新","群众","1947","第44期","6-8","香港"
"把反蔣統一戰線的革命戰爭進行到底","方方","群众","1947","第47期","4-5","香港"
"扶不起來的奴才：[漫畫多幅]","特偉","群众","1947","第45期","4-6","香港"
"天南地北：過關以後呢？","群众","1947","创刊号","14",NA,"香港"
"茶亭雜話：怎樣辦？","汪老吉","群众","1947","第40期","16","香港"
"婦女們的活動（未完）（解放區報導）","史特朗","群众","1947","第45期","21-22","香港"
"東北民主聯軍秋季攻勢戰績（新華社東北二十七日電）","群众","1947","第45期","10",NA,"香港"
"大獨裁者的故事：[漫畫多幅]","特偉","群众","1947","第37期","19-20","香港"
"掀起了土地改革的高潮：解放的鐘聲响了：[照片]","群众","1947","第37期","10",NA,"香港"
"美國自絕於世界（下）","喬木","群众","1947","第29期","12-14","香港"
"十一月以來的戰局（一九四七年二月廿三日解放日報社論）","群众","1947","第6期","9",NA,"香港"
"助學運動在燕京（北平通訊）","謝華","群众","1947","第31期","14","香港"
"短評：救濟品那裏去了","群众","1947","第30期","6",NA,"香港"
"社論：繼續鬥爭，不進圈套！","路","群众","1947","第17期","1","香港"
"“國際婦女民主聯盟”","群众","1947","第6期","14-15",NA,"香港"
"中共中央發言人揭露蔣介石出賣海關","夏","群众","1947","第46期","1","香港"
"暹羅政變及其發展（曼谷通訊）","秋虹","群众","1947","第46期","14-15","香港"
"紀念“七一”，學習毛澤東思想（附照片）","方方","群众","1947","第23期","3-6","香港"
"茶亭雜話：“漸呈不耐之感”","汪老吉","群众","1947","第41期","5","香港"
"毛澤東論人民的文化與人民的文藝：（摘錄自毛澤東：“新民主主義論”“在文藝座談會的講話”兩文（附照片）","群众","1947","第15期","8-10",NA,"香港"
"再次開展立功運動（解放日報四日社論）","群众","1947","第3期","9-10",NA,"香港"
"“戲狗圖”：[漫畫]","蘆衣","群众","1947","第22期","2","香港"
"讀者與信箱：武装起來了","田禾","群众","1947","第32期","23","香港"
"“十年樹人”：[漫畫]","群众","1947","第22期","10",NA,"香港"
"短評：兒皇帝的苦悶","群众","1947","创刊号","12",NA,"香港"
"羣衆中來：廣西大學兩種力量的鬥爭","殿軍","群众","1947","第9期","7-8","香港"
"親如家人的解放區軍民：給保衛人民的英勇將士戴花：[照片]","群众","1947","第17期","11",NA,"香港"
"從南面進廹瀋陽","朝新","群众","1947","第21期","11-12","香港"
"人民觧放軍大舉反攻（新華社社論）：劉伯承將軍：[照片]","群众","1947","第34期","2",NA,"香港"
"短評：往那裡走？","群众","1947","第39期","6",NA,"香港"
"醜婦撒嬌：[漫畫]","安尼","群众","1947","第35期","8","香港"
"茶亭雜話：叶與不叶","汪老吉","群众","1947","第37期","19","香港"
"經濟總崩潰更接近了！","許滌新","群众","1947","第14期","2-4","香港"
"讀者與編者：援助華商報","盧永明 黃木蘭","群众","1947","第39期","21","香港"
"人民觧放軍大舉反攻（新華社社論）：賀龍將軍：[照片]","群众","1947","第34期","2",NA,"香港"
"人民解放軍總部公佈：大反攻三個月光輝戰績：共殲蔣軍二十八萬二千餘，斃傷俘將級軍官三十九名，戰塲起義蔣軍達一萬五千（新華社陝北廿八日電）","群众","1947","第41期","8",NA,"香港"
"乾爸爸逗耍乾兒子：[漫畫]","平江","群众","1947","第30期","3","香港"
"黃水猛戰：[漫畫]","安尼","群众","1947","第35期","13","香港"
"解放區的對外貿易","季眞","群众","1947","第22期","14","香港"
"讀者與編者：“讀後轉贈他人”","李國樹","群众","1947","第37期","23","香港"
"從人生悲劇談到青年的苦悶","林煥成","群众","1947","第35期","14-16","香港"
"社論：紀念雙十節","群众","1947","第37期","1-2",NA,"香港"
"茶亭雜話：死了這條心吧","汪老吉","群众","1947","第42期","19-20","香港"
"友聲：有關中國土地法大綱的幾個問題","孟南","群众","1947","第45期","16-17","香港"
"對土地法的觀感","陸詒","群众","1947","第41期","16","香港"
"信箱：依靠誰來實現民主政治：關於任鴻雋先生的“今後國家的出路”","李一鳴","群众","1947","第13期","22-23","香港"
"東北與江南（附圖）","朝新","群众","1947","第40期","9-10","香港"
"爲了和平民主，我們不怕坐牢（開封通訊）：記“五·二八”河南大學大逮捕","羣聲","群众","1947","第22期","12-13","香港"
"走向長期抗爭（重慶通訊）：記重慶學生抗暴愛國運動","余不懈","群众","1947","第7期","21","香港"
"短評：這樣的“新生活”","默","群众","1947","第9期","8","香港"
"當心滑頭藥","司徒潮","群众","1947","第9期","4","香港"
"茶亭雜話：與火山鬥爭","汪老吉","群众","1947","第36期","11","香港"
"讀者與編者：如此“志願兵”","陳一丁","群众","1947","第34期","22","香港"
"俘獲蔣軍將級軍官名單","群众","1947","第4期","11",NA,"香港"
"愛用國貨血案（上海通訊）（附圖）","陳新","群众","1947","第4期","16","香港"
"歐遊漫記：英國人民永遠不會忘記──火（附照片）","寜一","群众","1947","第47期","17-18","香港"
"英國友人的呼聲（解放日報一日社論）","群众","1947","第3期","8",NA,"香港"
"短評：再也没有用了","群众","1947","第40期","8",NA,"香港"
"評解放右家莊之捷（附照片）（新華社晉察冀十六日電）","蔣","群众","1947","第43期","2-3","香港"
"人民觧放軍大舉反攻（新華社社論）：陳毅將軍：[照片]","群众","1947","第34期","3",NA,"香港"
"友聲：我對於中國土地法大綱的一個看法（鄧初民教授在新文字學會講）","鄧初民 歐耀煌","群众","1947","第42期","10-11","香港"
"工人們前進了一步（上海通訊）","余元","群众","1947","第40期","17","香港"
"讀者與編者：心裡的希望","羽林","群众","1947","第31期","17-18","香港"
"“耕者有其田”與愛國民主革命","方方 夏","群众","1947","第40期","1-3","香港"
"茶亭雜話：親疏嫡庶之間","汪老吉","群众","1947","第43期","11","香港"
"內外線的有機結合","朝新","群众","1947","第42期","5-6","香港"
"紀念“八四”烈士：葉挺夫人及其女公子：[照片]","群众","1947","第10期","17",NA,"香港"
"又一筆血債：悼麥新同志","李林","群众","1947","第25期","17-18","香港"
"中原人民的災難與救星","張鐵夫","群众","1947","第36期","9","香港"
"星星之火可以燎原：紀念十月革命卅週年","群众","1947","第42期","3-4",NA,"香港"
"“蔣根”必須挖乾淨","吳楠","群众","1947","第46期","3-4","香港"
"十月份解放軍戰績：殲俘蔣軍十七萬人，俘將級軍官廿一名，得失相對我佔縣城三十二座（新華社陝北二十二日電）","群众","1947","第44期","2",NA,"香港"
"蔣介石求援的手：[漫畫]","葉菲","群众","1947","第22期","4","香港"
"新華社社論：全力準備總反攻：紀念五一節","群众","1947","第15期","3-4",NA,"香港"
"短評：日本賠償","群众","1947","第36期","10",NA,"香港"
"茶亭雜話：反悔己經遲了","汪老吉","群众","1947","第36期","11","香港"
"短評：“和平團結”","群众","1947","第46期","9",NA,"香港"
"法意民主勢力的大鬥爭","鐵生","群众","1947","第44期","13-14","香港"
"歐遊漫記：法國工人與第四共和（上）","寜一","群众","1947","第41期","10-11","香港"
"瞿秋白同志的文藝工作","成竅","群众","1947","第21期","10","香港"
"蔣美在台灣的陰謀（台北通訊）","志中","群众","1947","第37期","21","香港"
"好戰將軍的末路！：[漫畫二幅]","群众","1947","第6期","9",NA,"香港"
"第一號戰犯岡村寧次指揮蔣軍進攻解放軍：人民解放軍總部發言人揭露蔣介石罪恶","群众","1947","第21期","4",NA,"香港"
"歐遊漫記：鉄托和新南斯拉夫（附照片）","寧一","群众","1947","第32期","15-16","香港"
"讀者與編者：關於婦女解放","坎人","群众","1947","第31期","18","香港"
"畧論當前農村武裝鬥爭的幾個問題","星星","群众","1947","第20期","9-12","香港"
"翻了身的工人：察哈爾龍烟厰工人武裝起義，響應八路軍：[照片]","群众","1947","第14期","13",NA,"香港"
"法國政局的一個側面：記社會黨全國代表大會（巴黎通訊）","劉每","群众","1947","第33期","15","香港"
"茶亭雜話：一套戲法","汪老吉","群众","1947","第35期","21","香港"
"解放區縱横行（三）","雲尼·李東白 安娜·史特朗","群众","1947","第29期","22-23","香港"
"新華社評論：蔣介石解散民盟","夏","群众","1947","第42期","1","香港"
"讀者與編者：關於連環圖畫","丁萌","群众","1947","第33期","22","香港"
"飢餓的野火燒到西南（昆明通訊）","胡德明","群众","1947","第19期","17-19","香港"
"蜉蝣撼大樹：[漫畫]","蘆衣","群众","1947","第28期","3","香港"
"今日廣西（桂林通訊）","歲寒","群众","1947","第23期","21","香港"
"群衆中來：暴風雨將襲擊廣州","谷","群众","1947","第7期","15","香港"
"短評：蔣軍掘堤待汎的罪行","群众","1947","第25期","6",NA,"香港"
"自力更生的助學熱潮（南京通訊）","蕭露","群众","1947","第35期","14-16","香港"
"中暹勞工的大團結（曼谷通訊）","葉萌","群众","1947","创刊号","19-21","香港"
"茶亭雜話：“諷刺”之爲用","汪老吉","群众","1947","第47期","16","香港"
"最後掙扎：[漫畫]","文魁","群众","1947","第17期","6","香港"
"短評：米漲百物漲","群众","1947","第35期","8",NA,"香港"
"“皇城”的拉丁（南京通訊）","棘茜","群众","1947","第32期","9-10","香港"
"中共中央委員會公佈：中國土地法大綱及其决議","路","群众","1947","第39期","1","香港"
"人們企待着天明（上海通訊）","蘆葦","群众","1947","第37期","16","香港"
"國際青年代表團在緬甸（仰光通訊）","石崗","群众","1947","第15期","20-21","香港"
"記燕大近事（北平通訊）：張羣在燕京","魯光 丁一","群众","1947","第38期","18","香港"
"記國際婦聯第四次執委會（巴黎通訊）","江楓","群众","1947","第48期","15-16","香港"
"短評：“秩序井然”","群众","1947","第33期","6-7",NA,"香港"
"中國共產黨中央委員會發佈紀念“七七”十週年對時局口號","薛","群众","1947","第24期","1","香港"
"馬鞍圍慘案（惠陽通訊）","桐廬","群众","1947","第24期","19-20","香港"
"短評：祝泛亞洲會議","群众","1947","第10期","11",NA,"香港"
"社論：蔣介石急了","薛","群众","1947","第13期","1","香港"
"說自力更生","沈友谷","群众","1947","第34期","13-14","香港"
"美式裝備哪裡去了：[畫圖]","安尼","群众","1947","第43期","16","香港"
"讀者與編者：粤漢路大舞弊","孟雄飛","群众","1947","第34期","22","香港"
"解放區是這樣掀起了土地改革運動的","小雲","群众","1947","第40期","6-7","香港"
"沉着穩重的上海學運（上海通訊）","愚君","群众","1947","第13期","21","香港"
"總動員與總崩潰（新華社七月十三日社論）","群众","1947","第25期","4-5",NA,"香港"
"東北解放區鄉村速寫：翻了身的老百姓","石銘","群众","1947","第3期","15-16","香港"
"人民解放軍總部公佈：全年敵我損失比較","群众","1947","第29期","5",NA,"香港"
"最後掙扎：[畫圖]","安尼","群众","1947","第46期","8","香港"
"黄河南岸人民的仇恨和渴望","村田銘山","群众","1947","第27期","13","香港"
"茶亭雜話：是這樣的“大選”","汪老吉","群众","1947","第44期","16","香港"
"讀者與編者：應否讀古文","黄學仁","群众","1947","第40期","22-23","香港"
"社論：袁世凱的死路","琳","群众","1947","第15期","1","香港"
"短評：“謝罪”與感恩","群众","1947","第20期","2-3",NA,"香港"
"“你__想耍什麼？”：[漫畫]","特偉","群众","1947","第25期","2","香港"
"社論：絕望的叫喊","薛","群众","1947","第22期","1","香港"
"一年來蔣管區學生愛國民主運動","群众","1947","第47期","11-13",NA,"香港"
"社論：魏德邁走了","薛","群众","1947","第31期","1-2","香港"
"蔣軍能改變什麽呢？","朝新","群众","1947","第27期","10-11","香港"
"人民的武力一定勝利","南君 路","群众","1947","第30期","1-2","香港"
"新華社記者：評人民解放軍三個月戰績","群众","1947","第18期","8-9",NA,"香港"
"大獨裁者的故事：[漫畫多幅]","特偉","群众","1947","第32期","17-18","香港"
"廣州稅重捐苛（廣州通訊）","阡人","群众","1947","第14期","18-19","香港"
"短評：是審判日本戰犯嗎？","群众","1947","第27期","4",NA,"香港"
"覄信：本港超千先生：蘇聯的國徽與國旗，照憲法的規定……","群众","1947","第37期","23",NA,"香港"
"努力，更努力！：紀念三八婦女節","何香凝","群众","1947","第6期","11","香港"
"短評：向法西斯跨一大步","群众","1947","第23期","14",NA,"香港"
"讀者與信箱：所謂肅清貪污","白在宣","群众","1947","第32期","22","香港"
"從陝北勝利談起","朝新","群众","1947","第32期","13-14","香港"
"岡村寧次是什麼人？：誰在利用日俘進攻人民？","群众","1947","第21期","3-4",NA,"香港"
"囘憶李、聞两先生","周鋼鳴","群众","1947","第25期","15-16","香港"
"耕者有其田（下）：解放區縱橫行","史特朗 鍾懷","群众","1947","第35期","19-20","香港"
"羣衆中來公務員要被逼死了","旨遠","群众","1947","第3期","16","香港"
"紀念辛亥革命要打倒中山先生的叛徒蔣介石：吳玉章同志：[照片]","群众","1947","第38期","5",NA,"香港"
"茶亭雜話：頑童與惡丐","汪老吉","群众","1947","第39期","19","香港"
"蔣介石：紙老虎!：[漫畫]","葉菲","群众","1947","第19期","9","香港"
"槍：這槓槍是我的槍……：[詩歌]","馬佐平","群众","1947","第2期","13","香港"
"船頭上跑馬：[漫畫]","蘆衣","群众","1947","第24期","10","香港"
"挖起窮根安富根（哈爾濱通訊）","雷華","群众","1947","第34期","19-20","香港"
"軍事統制在美國（紐約通訊）","季方","群众","1947","第9期","15-18","香港"
"翻了身的工人（附照片）","莫雨林","群众","1947","第14期","12-13","香港"
"親如家人的解放區軍民：（右圖）老百姓請戰士吃飯：[照片]","群众","1947","第17期","11",NA,"香港"
"分賍不匀：[漫畫]","安尼","群众","1947","第41期","21","香港"
"讀者與編者：于子三决不是自殺","群众","1947","第43期","23",NA,"香港"
"短評：快到頭了","群众","1947","第45期","9",NA,"香港"
"蔣介石的悲鳴與掙扎：關于蔣介石“剿匪”戰役之檢討","陳士渠","群众","1947","第21期","5-6","香港"
"祖國土地上的新人物（解放區報導）","季眞","群众","1947","第31期","23","香港"
"人民解放軍總部發表公報：全面愛國自衛戰爭一年來各戰塲戰績統計：全年各區殲敵分別統計（附圖）","群众","1947","第28期","8-10",NA,"香港"
"短評：是誰的代理人和代言人？","群众","1947","第27期","4",NA,"香港"
"大獨裁者的故事：[畫圖多幅]","特偉","群众","1947","第40期","15-16","香港"
"紀念辛亥革命要打倒中山先生的叛徒蔣介石（附照片）","吳玉章","群众","1947","第38期","5-6","香港"
"短評：失寵的小老婆","群众","1947","第17期","14-15",NA,"香港"
"短評：不要這種海軍","群众","1947","第14期","8",NA,"香港"
"大別山區見短長：蔣軍新部署、風暴尚未來……","朝新","群众","1947","第46期","7-8","香港"
"“三八”節感言（附照片）","蘇惠","群众","1947","第6期","16-17","香港"
"茶亭雜話：一年與十年","汪老吉","群众","1947","第32期","17-18","香港"
"短評：學運在繼續中","群众","1947","第32期","12",NA,"香港"
"新華社社論：破車不能再開：評第四屆第三次參政會","群众","1947","第20期","3-5",NA,"香港"
"短評：末日的瘋狂","群众","1947","第15期","2",NA,"香港"
"“永遠立于大衆立塲”的導師：紀念韜奮先生","洪遒","群众","1947","第25期","13-14","香港"
"短評：戳穿賣國賊的假面具","群众","1947","第9期","7",NA,"香港"
"苛雜下的商業（附圖）","懷庶","群众","1947","第10期","13-14","香港"
"短評：法帝國主義者的陰謀","群众","1947","第34期","10",NA,"香港"
"爲純潔黨的組織而鬥爭：晉綏日報十一月廿七日社論","群众","1947","第47期","2-3",NA,"香港"
"短評：歡迎世界靑年代表團","群众","1947","第14期","8-9",NA,"香港"
"讀者與編者：是誰殺了她","儕文","群众","1947","第33期","21-22","香港"
"北江的民變","方明","群众","1947","第20期","23","香港"
"詩與畫：秋風黄葉落","吕劍 蘆衣","群众","1947","第9期","18","香港"
"論“變天思想”","荃麟","群众","1947","第33期","11-12","香港"
"短評：司徒先生可以休矣！","群众","1947","第42期","2",NA,"香港"
"歐洲九國共產黨會議公報：關於各國共產黨交換經驗及配合行動的决議","群众","1947","第38期","18",NA,"香港"
"讀者與編者：好一個“玩笑”","則鳴","群众","1947","第34期","22","香港"
"如大旱之望雲霓（武漢通訊）","道明","群众","1947","第48期","18","香港"
"新的農民（解放區報導）","史特朗 文珊","群众","1947","第48期","20-22","香港"
"短評：聯總即将結束","群众","1947","第40期","8",NA,"香港"
"毛澤東論世界局勢（附圖、照片）","史特朗","群众","1947","第19期","7-10","香港"
"保證農村鬥争勝利開展","星星","群众","1947","第13期","7-8","香港"
"茶亭雜話：天快亮了","汪老吉","群众","1947","第35期","21","香港"
"短評：反對美海軍“大演習”","群众","1947","第36期","10",NA,"香港"
"紀念九一：貫澈爲人民服務的精神（薪華社社論）","群众","1947","第32期","7-8",NA,"香港"
"茶亭雜話：going， going","汪老吉","群众","1947","第46期","18","香港"
"前進中的美國人民","(美)E·丹尼斯","群众","1947","第9期","9-12","香港"
"信箱：歡迎批評和建議","丹","群众","1947","第9期","12","香港"
"從俘虜口中看蔣軍士氣","紀鴻","群众","1947","第4期","9-10","香港"
"武漢近貌","海山","群众","1947","第24期","8-9","香港"
"論魯豫之戰","朝新","群众","1947","第25期","17-18","香港"
"我們在創造歷史：記昆明同學“六·二”大遊行","羅廣","群众","1947","第21期","16-17","香港"
"中國共產黨爲什麽而奮鬥？","沈友谷","群众","1947","第23期","7-10","香港"
"五·二十大遊行（南京通訊）","蘇健","群众","1947","第18期","14-15","香港"
"和平的烟幕：[漫畫]","葉菲","群众","1947","第19期","2","香港"
"親如家人的解放區軍民：（下圖）“歡迎你們，英勇的八路軍！”：[照片]","群众","1947","第17期","11",NA,"香港"
"可怕的東洋貨（上海通訊）","沈啓文","群众","1947","第30期","17","香港"
"“管”不住，“制”得牢!：[漫畫]","群众","1947","第7期","5",NA,"香港"
"蛇鼠横行的“大夏”（上海通訊）","秦蕪","群众","1947","第44期","21","香港"
"短評：污辱了“賢達”兩字（附圖）","群众","1947","第2期","4",NA,"香港"
"人民解放軍戰績統計","群众","1947","第26期","7",NA,"香港"
"俘虜在解放區（續完）","林賽","群众","1947","第40期","20-21，23","香港"
"學生？囚徒？：[漫畫]","葉菲","群众","1947","第17期","4","香港"
"我們沒有失敗","一個警察","群众","1947","第37期","14-15","香港"
"茶亭雜話：吹難不吹更難","汪老吉","群众","1947","第40期","15-16","香港"
"美國救得了命嗎？","喬木","群众","1947","第45期","2-6","香港"
"老百姓的錢都到哪裏去了？：[漫畫]","群众","1947","第22期","9",NA,"香港"
"南北勝利交相輝映","朝新","群众","1947","第35期","3-4","香港"
"豫陜鄂形勢圖","群众","1947","第45期","12",NA,"香港"
"如此“大捷”：[漫畫]","念寧","群众","1947","第24期","1","香港"
"茶亭雜話：知與不知","汪老吉","群众","1947","第37期","19-20","香港"
"到南京去要飯吃（上海通訊）","錢甄","群众","1947","第18期","18","香港"
"祝文藝節","馮乃超","群众","1947","第15期","16-17","香港"
"災情遍蔣區","懷庶","群众","1947","第26期","22-23","香港"
"短評：抗議聯總的錯誤","群众","1947","第28期","12",NA,"香港"
"短評：匪帮就是匪帮","群众","1947","第40期","8",NA,"香港"
"隴海鉄路__戰圖：[畫圖]","群众","1947","第43期","5",NA,"香港"
"短評：李濟深將軍的嚴正聲明","群众","1947","第30期","6",NA,"香港"
"讀者與編者：向蔣介石討債討人","群众","1947","第36期","22",NA,"香港"
"中國人民解放軍總部頒佈當前時局口號：中國人民解放軍訓令（一九四七年十月十日）：中國人民解放軍各級軍政首長同志們！……","群众","1947","第38期","3",NA,"香港"
"中共中央發言人評美國繼續以軍火供給蔣政府","群众","1947","第24期","11",NA,"香港"
"親如家人的解放區軍民：二、感謝父老的慰勞：[照片]","群众","1947","第17期","11",NA,"香港"
"短評：“寧願”挨打","群众","1947","第33期","7-8",NA,"香港"
"堅决的站到人民方面來！","卓芸","群众","1947","第44期","3-5","香港"
"短評：“九一八”","群众","1947","第34期","10",NA,"香港"
"忙壞了奴才們：[畫圖]","念寧","群众","1947","第27期","2","香港"
"窮途末路，倒行逆施！：[漫畫]","葉菲","群众","1947","第20期","4","香港"
"短評：朱家驊忙的什麼","群众","1947","第31期","6",NA,"香港"
"天南地北：孩子們的搶米演習","群众","1947","第19期","22",NA,"香港"
"讀者與編者：看這些特務學生","歐閔南","群众","1947","第43期","24","香港"
"吃人的歷史該結束了","公望","群众","1947","第19期","21","香港"
"社論：魏蔣雙簧戲","琳","群众","1947","第32期","1","香港"
"長春：攻反的軍聯主民：[漫畫]","__衣","群众","1947","第20期","13","香港"
"在一個新興的國家裡（南斯拉夫通訊）：劉寧一同志在布拉格群衆大會上講話：[照片]","群众","1947","第28期","18",NA,"香港"
"讀書雜記：關于孔夫子","封風","群众","1947","第34期","19-20","香港"
"大鈔浮沉圖錄：[漫畫多幅]","特偉","群众","1947","第47期","15-16","香港"
"“內戰不止，行動不止！”（北平通訊）：記五月廿日以後北平學生運動","穎梅","群众","1947","第19期","17-19","香港"
"從學生運動中所看到的","沈友谷","群众","1947","第18期","11-13","香港"
"讀者與編者：登記”戰爭罪犯“","張新英","群众","1947","第41期","22","香港"
"短評：用不着“煽動”","群众","1947","第7期","3",NA,"香港"
"“無濟於事”：[漫畫]","蘆衣","群众","1947","第25期","3","香港"
"論歐洲共產黨宣言","喬木","群众","1947","第39期","7-9，13","香港"
"歐遊漫記：季米特洛夫的礦工","寧一","群众","1947","第43期","20-21","香港"
"“聯防”能防得住嗎？","朝新","群众","1947","第44期","11","香港"
"“天府之國”的農村（重慶通訊）","醒華","群众","1947","第3期","13-14","香港"
"讀者與編者：催人欲嘔的秒科的撒嬌","群众","1947","第35期","22",NA,"香港"
"短評：法西斯“聯盟運動”","群众","1947","第45期","9",NA,"香港"
"第三次經濟風暴與張羣的經濟辦法","許滌新","群众","1947","第24期","6-9","香港"
"短評：注意台灣！","群众","1947","第29期","2-3",NA,"香港"
"短評：柯克到廣州幹什麼？","群众","1947","第43期","9",NA,"香港"
"短評：菲律濱也看不起蔣介石","群众","1947","第17期","15-16",NA,"香港"
"三千萬人民的舵手：聶榮臻將軍（附照片）","荀寰","群众","1947","第3期","19-20","香港"
"都給大砲“吃光”了：[漫畫]","葉菲","群众","1947","第19期","18","香港"
"讀者與編者：荒唐可笑的“罪證”","徐良","群众","1947","第44期","22","香港"
"記武大“六一”慘案：腦漿进裂而慘死之王志澄同學：[照片]","群众","1947","第21期","13",NA,"香港"
"迎接大反攻","方方 薛","群众","1947","第35期","1-2","香港"
"蔣軍才是土匪（增城通訊）","戈雲","群众","1947","第41期","20-21","香港"
"杜門魯的妄想：[漫畫]","葉菲","群众","1947","第15期","4","香港"
"朱家驊在故都學府（北平通訊）","田家","群众","1947","第32期","11","香港"
"時評：“象徵”援蔣與軍事援蔣","群众","1947","第48期","6",NA,"香港"
"讀者與編者：粤贛邊的人民武裝","廖方明","群众","1947","第33期","22","香港"
"烟台：新社會的觀察台","許乃爾遜","群众","1947","第21期","22-23","香港"
"茶亭雜話：胆之怯","汪老吉","群众","1947","第45期","18","香港"
"歐遊漫記：我會見了季米特洛夫同志","寧一","群众","1947","第33期","13-14","香港"
"讀者與編者：一個聲明","群众","1947","第35期","23",NA,"香港"
"我對於土地法大綱的看法","黃藥眠","群众","1947","第43期","13-14","香港"
"天下太平？：[畫圖]","葉菲","群众","1947","第21期","16","香港"
"短評：何必充胖子","默","群众","1947","第7期","4","香港"
"往那兒去去？：[畫圖]","丁華","群众","1947","第27期","10","香港"
"短評：馮玉祥將軍的聲明","群众","1947","第20期","1",NA,"香港"
"”總動員“就是總搶刦","許滌新 琳","群众","1947","第25期","1-3","香港"
"新中國知識份子的典型：紀念鄒、陶、聞、李四位先生：陶行知先生：[照片]","群众","1947","第25期","11",NA,"香港"
"記上海學生助學總推銷（上海通訊）","李琪","群众","1947","第32期","13-14","香港"
"美國與聯合國","喬木","群众","1947","第35期","9-11","香港"
"茶亭雜話：馬歇爾難言之隱","汪老吉","群众","1947","第43期","10","香港"
"信箱：請地下個决心吧","群众","1947","第7期","22-23",NA,"香港"
"新生代：上海市學生運動報導之二","巨響","群众","1947","第24期","21-22","香港"
"解放區縱横行（一）","雪尼·李東白 安娜·史特郎","群众","1947","第27期","18，21-23","香港"
"人民解放軍怎樣對待俘虜：總答蔣軍被俘人員的家屬","群众","1947","第36期","12-13",NA,"香港"
"于子三怎麽死的？（杭州通訊）","黃沉","群众","1947","第42期","14-15","香港"
"從東北到魯西","朝新","群众","1947","第24期","10-11","香港"
"短評：馬寅初被免職","群众","1947","第22期","6-7",NA,"香港"
"短評：什麼話！？","群众","1947","第31期","6",NA,"香港"
"魏德邁曾在中國幹了些什麽？","群众","1947","第27期","3",NA,"香港"
"人民解放軍總部公佈大反攻四個月偉大戰績：共殲俘蔣軍四十三萬六千：斃俘將級軍官六十四名，解放縣城二百三十五座（新華社陝北二十二日電）","群众","1947","第44期","1",NA,"香港"
"法國市議會選舉（巴黎通讯）","劉每","群众","1947","第43期","22","香港"
"論法國局勢和統一戰線問題","多列士","群众","1947","第46期","10-13","香港"
"短評：反對毒殺青年","群众","1947","第6期","2",NA,"香港"
"“老爺，還不給賞錢嗎？”：[漫畫]","群众","1947","第7期","7",NA,"香港"
"德國問題的癥結","F·皮得凱恩","群众","1947","第7期","9-10","香港"
"賣給不識貨者：[漫畫]","米谷","群众","1947","第7期","17","香港"
"花盆山：[詩歌]","呂劍","群众","1947","第7期","19-20","香港"
"歐洲九國共產黨會議公報：關於國際形勢的宣言","群众","1947","第38期","16-18",NA,"香港"
"讀者與編者：爲于子三復仇","謬永銘","群众","1947","第43期","23","香港"
"論目前國際形勢","日丹諾夫","群众","1947","第43期","6-8，18","香港"
"還命給我們（北平通訊）：記北平學生人權保障運動","王顧明","群众","1947","第43期","19","香港"
"“到此止步”：[漫畫]","群众","1947","第6期","8",NA,"香港"
"短評：如何才能活下去！","群众","1947","第29期","3",NA,"香港"
"短評：蔣介石的撒嬌","群众","1947","第22期","5",NA,"香港"
"米的悲劇在四川（成都通訊）","索明","群众","1947","第23期","20","香港"
"中共發言人再度嚴斥加政府援蔣：中國人民對內戰外債槪不負責","群众","1947","第38期","9",NA,"香港"
"短評：亡國的“布立特計劃”","群众","1947","第38期","9",NA,"香港"
"讀者與編者：垂死的哀鳴","鄭湖","群众","1947","第34期","21","香港"
"覆信：上海小曼先生：來信及稿都收到……","群众","1947","第34期","21-22",NA,"香港"
"覄信：黄學仁先生：應否讀古文的問題……","群众","1947","第40期","23",NA,"香港"
"四面楚歌：[畫圖]","葉菲","群众","1947","第21期","8","香港"
"最後的本錢：[畫圖]","菲","群众","1947","第23期","17","香港"
"對於戰後國際形勢中幾個基本問題的解釋","陸定一","群众","1947","创刊号","6-11","香港"
"人民解放軍大反攻畧图：[地圖]","楊人鴻","群众","1947","第34期","11","香港"
"蘇北葉挺城大捷：葉挺城戰役公報，共殲蔣軍七千二百五十餘名（附圖）","群众","1947","第31期","7-8",NA,"香港"
"讀者與編者：旅法參戰華工總會對祖國時局宣言","群众","1947","第35期","22",NA,"香港"
"西北人民解放軍發言人論西北戰局大變化","群众","1947","第36期","9",NA,"香港"
"短評：留美同學的呼聲","群众","1947","第37期","15",NA,"香港"
"澈底平分土地與婦女工作的新任務","鄧穎超","群众","1947","第48期","7-8","香港"
"上海人民活不下去了（上海通訊）","倩雲","群众","1947","第4期","5-6","香港"
"民主思想的充實","沈友谷","群众","1947","第15期","13-14","香港"
"談“飛盤”","丁","群众","1947","第27期","14-15","香港"
"海陸豐人民的災難（海陸豐通訊）","史__","群众","1947","第13期","18","香港"
"法共第十一次全國代表大會宣言","群众","1947","第30期","9-10",NA,"香港"
"序“王貴與李香香”","陸定一","群众","1947","第7期","10","香港"
"展開反愚民思想的運動","周達","群众","1947","第17期","9-10，22","香港"
"準備好，和宋子文競賽！","崔是田","群众","1947","第44期","9-10","香港"
"平分土地與整頓隊伍：彭眞同志在晋察冀邊區土地會議上的報告和結論述要","琳","群众","1947","第48期","1-5","香港"
"短評：瘋狂的統治","群众","1947","第7期","4",NA,"香港"
"香港的漁民生活","庭蘭","群众","1947","第14期","18-19","香港"
"短評：怎麼過問呢？","群众","1947","第2期","4",NA,"香港"
"支援祖國同學（曼谷通訊）","余德輝","群众","1947","第20期","17-19","香港"
"讀者與編者：官腔的實質","歐陽志遠","群众","1947","第31期","17","香港"
"讀者與編者：反對國民黨暴行","群众","1947","第41期","22",NA,"香港"
"答問：畧談民族统一戰線問題","漢夫","群众","1947","第46期","2","香港"
"大獨裁者的故事：[漫畫多幅]","特偉","群众","1947","第38期","19-20","香港"
"短評：記者節","群众","1947","第31期","6",NA,"香港"
"蔣府____：[漫畫]","羽軍","群众","1947","第32期","6","香港"
"茶亭雜話：從軟騙到硬嚇","汪老吉","群众","1947","第37期","20","香港"
"短評：中國人成了什麼","群众","1947","第22期","7",NA,"香港"
"茶亭雜話：急驚風碰着慢郎中","汪老吉","群众","1947","第39期","19-20","香港"
"__子來了：[畫圖]","葉菲","群众","1947","第27期","23","香港"
"信箱：揭去于斌主敎的“道袍”","海鷗","群众","1947","第22期","22-23","香港"
"略論馬克斯主義革命在世界上的發展（附照片）","朱巴 梁桓","群众","1947","第41期","3-4","香港"
"新華社時評：五月的蔣介石","蔣","群众","1947","第18期","1","香港"
"記燕大近事（北平通訊）：二、團結就是力量","魯光 林江","群众","1947","第38期","17-18","香港"
"訪吕正操将軍：談東北民主聯軍（附照片）","荀寰","群众","1947","第21期","20-21","香港"
"工人階級的英雄：朱寶庭逝世","群众","1947","第2期","11",NA,"香港"
"在人民的戰場上（續完）","宋之的","群众","1947","第9期","19-20","香港"
"蔣介石製造黄災的前前後後","祁文英","群众","1947","第31期","11-14","香港"
"堅持勞協二十三条網領","劉寧一","群众","1947","第2期","11","香港"
"新空城計：[畫圖]","安尼","群众","1947","第44期","18","香港"
"短評：眼淚和爪子","群众","1947","第4期","6",NA,"香港"
"救得了嗎？：[漫畫]","葉菲","群众","1947","第24期","16","香港"
"囘憶人民的音樂家：冼星海","瑤華","群众","1947","第36期","19-20","香港"
"短評：蔣介石政治破產：中共評論非法壓迫民盟（新華社陝北三十日電）","群众","1947","第41期","12",NA,"香港"
"“嚴重的冬季”","朝新","群众","1947","第47期","9-10","香港"
"短評：“問題就在此”","群众","1947","第43期","9",NA,"香港"
"謠言診斷錄（解放區報導）：無知？無聊？無恥！？","林賽","群众","1947","第47期","21","香港"
"鄂豫皖解放區图：[地圖]","群众","1947","第42期","6",NA,"香港"
"茶亭雜話：皮之厚","汪老吉","群众","1947","第45期","18","香港"
"膠濟與平漢","朝新","群众","1947","第29期","9","香港"
"印尼共和國的成長（附圖）","以沛譯","群众","1947","第27期","7-10","香港"
"短評：祝兩廣縱隊成立","群众","1947","第29期","1-2",NA,"香港"
"人民奮鬥的目標","卓芸","群众","1947","第30期","3-4","香港"
"大獨裁者的故事：“美式裝備，頂好，頂好！”……：[漫畫多幅]","特偉","群众","1947","第31期","15-16","香港"
"社論：制止美蔣製造黃災","路","群众","1947","第26期","1","香港"
"在解放區“會師”：[漫畫]","特偉","群众","1947","第28期","6","香港"
"幫兇者的嘴臉","成竅","群众","1947","第3期","9-10","香港"
"黃災是誰造成的","林仲","群众","1947","第26期","2-6","香港"
"蘇北蔣後戰塲的演變","朝","群众","1947","第31期","9-10","香港"
"讀者與編者：都是老百姓的血淚","陶磐石","群众","1947","第35期","22-23","香港"
"天南地北：一則新”幾何“題","群众","1947","第19期","21-22",NA,"香港"
"蔣軍135旅被殲經過","群众","1947","第13期","3",NA,"香港"
"解放區文藝怎樣走向人民（附照片）","何琛","群众","1947","第15期","11-12","香港"
"天南地北：一對七","群众","1947","创刊号","14",NA,"香港"
"日本人又來了（台灣通訊）","楊羣","群众","1947","第29期","15","香港"
"唯恐不倒：[漫畫]","何明","群众","1947","第3期","12","香港"
"解總駐滬辦事處主任林仲發表最後聲明","群众","1947","第47期","6",NA,"香港"
"短評：麥克米克的“邊界”","群众","1947","第45期","9",NA,"香港"
"魏德邁來華真相（新華社記者綜合述評）","群众","1947","第29期","4-5",NA,"香港"
"魯中與東北","朝新","群众","1947","第6期","10","香港"
"不問他們問誰？","懷湘","群众","1947","第48期","13-14","香港"
"歐遊漫記：英國人民永遠不會忘記──火：英國救火工會約翰·航那爾：[照片]","群众","1947","第47期","18",NA,"香港"
"短評：警告反動派","群众","1947","第28期","12",NA,"香港"
"他們在逆流中前進（上海通訊）","楊間","群众","1947","第36期","16-17","香港"
"摇搖欲墜：[漫畫]","安尼","群众","1947","第36期","2","香港"
"張發奎爲什麽苦悶？（廣州通讯）","碧星","群众","1947","第36期","14-15","香港"
"蔣區大學的厄運（上海通訊）","仲兄","群众","1947","第37期","17-18","香港"
"東北民主聯軍總部發表公報夏季攻势五十天戰績：共殲蔣軍八萬二千解放人口達一千萬，克縣城四十二座控制鐵路二千五百里","群众","1947","第25期","20",NA,"香港"
"紙老虎又戳了一個大洞：記英商電車工人請願經過（上海通訊）","李行","群众","1947","第26期","12-13","香港"
"打不死的人心（重慶通訊）","李君凡","群众","1947","第4期","17","香港"
"短評：反對“台灣託管”陰謀","群众","1947","第37期","13-14",NA,"香港"
"新形勢下的學生運動","胡其亮","群众","1947","第43期","15-16","香港"
"冀魯豫人民解放軍攻勢圖","群众","1947","第26期","9",NA,"香港"
"填不滿的大肚子：[畫圖]","群众","1947","第23期","18",NA,"香港"
"解放區街頭詩：大家都成神槍手","張守信","群众","1947","第32期","21","香港"
"茶亭雜話：一句老話","汪老吉","群众","1947","第33期","17","香港"
"短評：法國反動派勝利了嗎？","群众","1947","第40期","8",NA,"香港"
"主力在那裡？：[漫畫]","米谷","群众","1947","第9期","3","香港"
"紀念“四八”烈士（附照片）","紀鴻","群众","1947","第10期","17","香港"
"短評：殺人無罪","群众","1947","第7期","3-4",NA,"香港"
"短評：黄河堵口的慘劇","群众","1947","第9期","7-8",NA,"香港"
"中國學生在世界學聯（布拉格通訊）","華梅","群众","1947","第35期","12-13","香港"
"茶亭雜話：流行性脅詐","汪老吉","群众","1947","第35期","21","香港"
"茶亭雜話：一塲好戲","汪老吉","群众","1947","第32期","18","香港"
"讀者與編者：工人的叛徒梁永章不能代表中國工人","來田","群众","1947","第41期","22","香港"
"解放區的兵與民","季真","群众","1947","第23期","22-23","香港"
"珠江的怒吼（廣州通訊）","辛之","群众","1947","第19期","20","香港"
"短評：恐怖的台灣","群众","1947","第10期","12",NA,"香港"
"幸福的孩子們（附照片）","丁茵","群众","1947","第10期","20","香港"
"靑年的出路問題：六月十四日上午十時在某中學講","鄧初民","群众","1947","第26期","17-18","香港"
"短評：“粮食會議”","群众","1947","第27期","4",NA,"香港"
"麥克阿瑟心目中的“戰犯”：[漫畫]","特偉","群众","1947","第48期","5","香港"
"短評：中國與世界學生的大團結","群众","1947","第27期","4",NA,"香港"
"暴風雨之後：上漲學運報導之五","巨響","群众","1947","第28期","16-17","香港"
"祝魯西大捷：新華社七月三十一日社論","群众","1947","第28期","4-5",NA,"香港"
"茶亭雜話：走了之後","汪老吉","群众","1947","第32期","17","香港"
"北方展開助學熱潮（北平通訊）","田家","群众","1947","第33期","19-20","香港"
"讀者與編者：要活下去","楊西群","群众","1947","第33期","21","香港"
"社論：堅决反對美國援蔣","路","群众","1947","第20期","1-2","香港"
"一切爲了全部消滅蔣家軍：七月十六日至三十一日戰局述評","群众","1947","第28期","6-7",NA,"香港"
"可怕的對日貿易：[漫畫]","堯森","群众","1947","第29期","2","香港"
"美國反勞工法案制定後（美國通訊）","華光","群众","1947","第29期","21","香港"
"一個接連一個的反攻","朝新","群众","1947","第2期","9-10","香港"
"跨過隴海","朝新","群众","1947","第30期","7-8","香港"
"短評：美國侵畧台灣的陰謀","群众","1947","第28期","12",NA,"香港"
"羣魔亂舞：[畫圖]","特偉","群众","1947","第27期","1","香港"
"謠言之後的大恐怖（桂林通訊）","台良","群众","1947","第27期","24-25","香港"
"虎（獨幕劇）（附圖）","陸擎","群众","1947","第10期","21-23","香港"
"人民觧放軍大舉反攻（新華社社論）（附照片）","夏","群众","1947","第34期","1-3","香港"
"浙江人民武装日益壯大（杭州通訊）","李北","群众","1947","第29期","15","香港"
"全國婦女的解放已經不遠了！","龔澎","群众","1947","第6期","11-12","香港"
"大上海街頭所見：“指數凍結，肚皮餓__”：“大砲一嚮，物價飛漲”","田青","群众","1947","第17期","10","香港"
"一座受難城市近事（昆明通訊）","山雨","群众","1947","第27期","16-17","香港"
"“總搶刼”：[漫畫]","葉菲","群众","1947","第25期","24","香港"
"讀者與編者：”九一八“在上海","陸元平","群众","1947","第35期","22","香港"
"論對日和約初步會議問題","蔣","群众","1947","第33期","1","香港"
"短評：一個嚴重抗議","群众","1947","第19期","11-12",NA,"香港"
"成都人人自危（成都通訊）","索明","群众","1947","第15期","21","香港"
"茶亭雜話：扶·推·抬","汪老吉","群众","1947","第31期","20","香港"
"我們的心壓不死（廣州通訊）","王仲英","群众","1947","第20期","21","香港"
"歐遊漫記：新的青年新的生活：記南斯拉夫“人民的青年鐵道隊”","寧一","群众","1947","第39期","10-11","香港"
"茶亭雜話：唯一廉價者","汪老吉","群众","1947","第39期","20","香港"
"短評：奴相十足","群众","1947","第39期","6",NA,"香港"
"讀者與編者：土地·農民·知識份子","羅吉人","群众","1947","第40期","22","香港"
"菲島近事（馬尼刺通訊）：幫助菲政府排華","思郢","群众","1947","第46期","16","香港"
"蔣介石密令全文","蔣中正","群众","1947","第6期","5-6，4","香港"
"畧談東北的秋季攻勢（附圖）","朝新","群众","1947","第38期","7-8","香港"
"茶亭雜話：“情深恨更深”","汪老吉","群众","1947","第40期","15","香港"
"茶亭雜話：替換賽跑","汪老吉","群众","1947","第34期","17-18","香港"
"第一顆炸彈","千斯","群众","1947","第38期","13","香港"
"阿Q的自慰：[漫畫]","阿米","群众","1947","第4期","3","香港"
"快要完蛋","默涵","群众","1947","第20期","5","香港"
"美國布置着更大的欺騙","余伯約","群众","1947","创刊号","13-14","香港"
"讀者與編者：武漢的人心","錢國珍","群众","1947","第40期","22","香港"
"一個生死於理想的人：追念中國農民眞實的朋反和導師：彭湃氏","瑤華","群众","1947","第39期","14-15","香港"
"新漲風正在展開着","滌新","群众","1947","第33期","6-8","香港"
"晋察冀解放區的婦女們，得到了和男子一樣的民主權利，她們享有各級政府人員的選舉權和被選舉權，你看，她們是在多麽嚴肅而自由地討論着候選人名單：[照片]","群众","1947","第6期","13",NA,"香港"
"國際婦聯秘書長給鄧頴超同志的信","柯久烈","群众","1947","第6期","14","香港"
"國際三八婦女節：國際婦女民主聯盟……","群众","1947","第6期","14-15",NA,"香港"
"剝開皮來看：評蔣介石的軍事密令","群众","1947","第6期","3-4",NA,"香港"
"故都初夏（北平通訊）","頴梅","群众","1947","第20期","17-18","香港"
"“經濟緊急措施”以後（南京通訊）","若松","群众","1947","第6期","7-8","香港"
"中國人民解放軍總部公佈三大紀律八項注意：中國人民解放軍訓令（一九四七年十月十日）：中國人民解放軍各級軍政首長同志們！……","群众","1947","第38期","7",NA,"香港"
"社論：人民是不能征服的","琳","群众","1947","第9期","1","香港"
"紀念“八四”烈士：黃齊生先生：[照片]","群众","1947","第10期","17",NA,"香港"
"人民觧放軍大舉反攻（新華社社論）：徐向前將軍：[照片]","群众","1947","第34期","4",NA,"香港"
"國民黨關死和平之門後在各地的暴行","群众","1947","第9期","22-23",NA,"香港"
"台灣自治運動：解放日報十日社論","群众","1947","第9期","5-6",NA,"香港"
"社論：蔣政府的滔天大罪","蔣","群众","1947","第21期","1","香港"
"哀號無濟於事（新華社廿一日時評）","群众","1947","第22期","2-3",NA,"香港"
"獨裁者的收獲：[漫畫]","阿米","群众","1947","第24期","6","香港"
"由瓊崖到南路（廣州通訊）","阡人","群众","1947","第17期","21-22","香港"
"裝得不像：[漫畫]","文魁","群众","1947","第17期","5","香港"
"戰鬥的火花","呂劍","群众","1947","第25期","21-23","香港"
"延安之戰才開始","朝新","群众","1947","第9期","3-4","香港"
"短評：從周佛海看蔣介石","群众","1947","第10期","11",NA,"香港"
"社論：“武力統一”是做夢","路","群众","1947","第10期","1","香港"
"親如家人的解放區軍民：（上圖）老媽媽說：“好兄弟，你們辛苦了啊！”：[照片]","群众","1947","第17期","11",NA,"香港"
"解放區民兵：（上）在青紗帳裡，民兵和八路軍一起偵察敵情","群众","1947","第13期","11",NA,"香港"
"南線大反攻的形勢","群众","1947","第34期","4-5",NA,"香港"
"我會見了斯大林","E·羅斯福","群众","1947","第3期","17-18","香港"
"天南地北：目的在此","群众","1947","第2期","10",NA,"香港"
"短評：蔣黨四中全會","群众","1947","第34期","10",NA,"香港"
"社論：騙局失敗後的大局","路","群众","1947","第2期","1","香港"
"論人民愛國自衛戰爭","懷湘","群众","1947","第13期","13-16","香港"
"官道：[漫畫]","群众","1947","第13期","19",NA,"香港"
"混亂恐怖的濟南","李曼","群众","1947","第13期","20","香港"
"短評：事實勝於誣衊","群众","1947","第13期","5",NA,"香港"
"最後的伎倆：[漫畫]","念寧","群众","1947","第25期","20","香港"
"信箱：上海楊西羣先生：讀了來信，對於你的境况……","群众","1947","第33期","21-22",NA,"香港"
"東北民主的旗幟：林彪將軍（附照片）","荀寰","群众","1947","第14期","20-21","香港"
"歐遊漫記：自由幸福之邦：捷克","寜一","群众","1947","第34期","15-16","香港"
"把戲拆穿了：[畫圖]","葉菲","群众","1947","第21期","9","香港"
"東北蔣軍還有逃生之路嗎？","朝新","群众","1947","第23期","13","香港"
"西北戰場開始反攻：新华社記者評陕北沙家店大捷","群众","1947","第31期","11-12",NA,"香港"
"人民觧放軍大舉反攻（新華社社論）：林彪將軍：[照片]","群众","1947","第34期","3",NA,"香港"
"短評：死前的咆哮","群众","1947","第17期","14",NA,"香港"
"從鄒月娥被姦死說起","殷華","群众","1947","第22期","3","香港"
"正義的呼聲：抗議國民黨的恐怖暴行","群众","1947","第10期","10-12",NA,"香港"
"短評：仁至義盡","群众","1947","第14期","9",NA,"香港"
"耕者有其田：解放區縱横行（未完）","史特朗","群众","1947","第34期","8-9","香港"
"短評：上海工人代表被捕","群众","1947","第21期","2",NA,"香港"
"短評：勢難持久","群众","1947","第14期","7",NA,"香港"
"親如家人的解放區軍民：（左圖）人民熱烈勞軍：[照片]","群众","1947","第17期","11",NA,"香港"
"欲說還休集：滿門抄斬","三流","群众","1947","第4期","20","香港"
"國民黨政府出賣了些什麼？","紀鴻","群众","1947","第3期","3-4","香港"
"短評：好是好，做不到","群众","1947","第3期","3-4",NA,"香港"
"二十天來的戰局","朝新","群众","1947","创刊号","10-11","香港"
"短評：難道還不明白嗎？","群众","1947","创刊号","12",NA,"香港"
"五月的火花：記北平的學生運動（北平通訊）","李邈","群众","1947","第18期","16-17","香港"
"東北與全局（附圖）","朝新","群众","1947","第18期","2-3","香港"
"時評：倫敦四外長會議","群众","1947","第48期","6",NA,"香港"
"茶亭雜話：又一套遮眼法","汪老吉","群众","1947","第47期","15-16","香港"
"不是爆彈而是哀鳴：評杜魯門反共演說（解敝日報廿五日社論）（附圖）","群众","1947","第10期","8-9",NA,"香港"
"越南南部的沙堤市（西貢通訊）","富之的","群众","1947","第28期","22-23","香港"
"是誰造成今天的經濟災難？","許滌新","群众","1947","第20期","6-8","香港"
"天南地北：參議員遲到罰錢","群众","1947","第19期","21",NA,"香港"
"短評：他們是什麼？","群众","1947","第19期","11",NA,"香港"
"短評：丹尼斯竟被判徒刑","群众","1947","第23期","14",NA,"香港"
"華僑逐漸行動起來了（舊金山通訊）","堅夫","群众","1947","第24期","23","香港"
"漫談香港婦女生活","韻","群众","1947","第6期","16","香港"
"中央大學的教授們（南京通訊）","秀來","群众","1947","第17期","4-5","香港"
"覄信：本港浪淘先生：關於人民解放軍大反攻的問題……","群众","1947","第35期","23",NA,"香港"
"打斷胡宗南這條狗腿（新華社評論）","群众","1947","第10期","2",NA,"香港"
"解放區民兵：（中）民兵挖地道，準備實行地道戰：[照片]","群众","1947","第13期","11",NA,"香港"
"短評：美蔣合作炸堤罪行","群众","1947","第29期","2",NA,"香港"
"斯大林答小羅斯福问全文（附圖）","群众","1947","第2期","12，15",NA,"香港"
"紀念“八四”烈士：鄧發同志：[照片]","群众","1947","第10期","17",NA,"香港"
"詩與畫：老母刹瞎親子目（附圖）：[詩歌]","馬凡陀 張草原","群众","1947","第9期","17","香港"
"再剝開一層皮：解放日報抨擊北平事件","群众","1947","第7期","3-4",NA,"香港"
"陝北觀察家談蔣黨四中全會","群众","1947","第35期","6",NA,"香港"
"讀書雜記：文學和科學","封風","群众","1947","第33期","19-20","香港"
"短評：借刀殺人的恐怖政策","群众","1947","第4期","5",NA,"香港"
"戰局答客問：甲：你有空嗎？……","舒翰","群众","1947","第24期","12-13","香港"
"人民解放軍總部發表公報：停戰令生效以來解放區面積人口城市得失變化","群众","1947","第28期","11",NA,"香港"
"展開抵制日貨運動","許滌新","群众","1947","第36期","4-5","香港"
"茶亭雜話：不經戳的紙老虎","汪老吉","群众","1947","第42期","19","香港"
"日本的工會統一運動","亞歷克謝夫 彭良","群众","1947","第14期","14-15","香港"
"“總動員令”帶給浙江的苦難（杭州通訊）","時雄","群众","1947","第30期","18","香港"
"歐洲形勢（十月七日新華社社論）","群众","1947","第38期","14-15",NA,"香港"
"蔣軍“官無鬥志”（廣州通訊）","海天","群众","1947","第38期","21","香港"
"社論：加緊奮鬥，結束災難！","夏","群众","1947","第7期","1","香港"
"辛亥革命三十六週年紀念日中國人民解放軍宣言（附照片）","朱德 彭德懷 姜","群众","1947","第38期","1-2","香港"
"讀者與編者：妖孽劉野礁","譚正義","群众","1947","第39期","22","香港"
"東北蔣管區虐政一般（瀋陽通訊）","姜可夫","群众","1947","第34期","23","香港"
"不再幻想，不再上當！","沈友谷","群众","1947","第45期","7-8","香港"
"暴行一年：囘憶特務搗毀，重慶新華日報","亞傑","群众","1947","第4期","21-22","香港"
"徵兵把人民逼上梁山（邵陽通訊）","維奇","群众","1947","第13期","19-20","香港"
"魔術：[畫圖]","安尼","群众","1947","第34期","14","香港"
"總結魏德邁","群众","1947","第32期","2-3",NA,"香港"
"短評：美軍快滾出中國去","群众","1947","第32期","12",NA,"香港"
"TV宋來了以後（廣州通訊）","樹方","群众","1947","第45期","14-15","香港"
"讀者與編者：官匪辨","余慕古","群众","1947","第38期","23","香港"
"茶亭雜話：“瓜聲孩影”","汪老吉","群众","1947","第34期","18","香港"
"關於國際婦女民主聯合會第一次理事會","蔡暢","群众","1947","第29期","8","香港"
"覄信：南寧王繼光先生：醫治肺病，雖然還沒有特效藥……","群众","1947","第31期","17",NA,"香港"
"天南地北：偽裝的民主","群众","1947","第2期","10",NA,"香港"
"刼貧濟富：[漫畫]","阿琦","群众","1947","第15期","14","香港"
"美國供給大批子彈後，蔣政府竟敢通緝毛澤東（陝北觀察家評論）","群众","1947","第24期","5",NA,"香港"
"讀者與信箱：上海工界“國代選舉”內幕、覄信：上海徐家滙五個工人：來信所担的六個問題……","公筍","群众","1947","第48期","23","香港"
"人民觧放軍大舉反攻（新華社社論）：呂正操將軍：[照片]","群众","1947","第34期","4",NA,"香港"
"解放區民兵：（下）民兵伏擊敵人運彈列車","群众","1947","第13期","11",NA,"香港"
"再論國民黨的財政危機","許滌新","群众","1947","第17期","12-14","香港"
"“經濟勘亂”是在“勘”誰","許滌新","群众","1947","第47期","12-13","香港"
"評中央社的“軍調部一年工作總結”","群众","1947","创刊号","18",NA,"香港"
"民意是篡竊不到的！（菲島通訊）","馬容","群众","1947","创刊号","20-21","香港"
"八石山上：“王震部隊南征北返日記”片斷（未完）（附圖）","佚名","群众","1947","创刊号","24-25，27","香港"
"信箱：中國內戰與美國外交","群众","1947","第19期","22",NA,"香港"
"戳穿國民黨的經濟魔術","許滌新","群众","1947","第4期","2-4，8","香港"
"十個月的愛國自衛戰爭戰績統計","群众","1947","第18期","9-10",NA,"香港"
"恫嚇壓不住火山：[畫圖]","蘆衣","群众","1947","第18期","11","香港"
"沉痛話中原（開封通訊）","廖令宜","群众","1947","第3期","21-22","香港"
"林彪將軍談一年來東北戰局的轉移（附照片）","群众","1947","第18期","4",NA,"香港"
"“懲了”圖：[漫畫]","文魁","群众","1947","创刊号","21","香港"
"短評：還要繼續反對","群众","1947","第23期","14",NA,"香港"
"記武大“六一”慘案：在寢室內被擊斃之黃鳴剛同學：[照片]","群众","1947","第21期","14",NA,"香港"
"甲胄：[漫畫]","米谷","群众","1947","第4期","15","香港"
"欲說還休集：流浪罪（附圖）","三流","群众","1947","第4期","20","香港"
"從內地來的朋友","司馬文森","群众","1947","第18期","20-22","香港"
"“和平”乎？“中立”乎？","巴人","群众","1947","第48期","13-14","香港"
"全體農民起來平分土地：十一月廿六日晋察冀日報社論","群众","1947","第46期","5",NA,"香港"
"劉鄧大軍挺進大別山區以來的戰績：殲滅蔣軍三萬三千，攻克縣城二十三座（新華社鄂豫皖前線一日電）","群众","1947","第41期","9",NA,"香港"
"天南地北：浙東慘事","群众","1947","第19期","22",NA,"香港"
"欲說還休集：痛苦欄","三流","群众","1947","第4期","20","香港"
"短評：破壞黃河復堤","群众","1947","第18期","1-2",NA,"香港"
"胡宗南侵佔下的延安","惠__","群众","1947","第13期","4-5","香港"
"解放區文藝怎樣走向人民：當秧歌演出的時候：[照片]","群众","1947","第15期","12",NA,"香港"
"短評：“是無天理”","群众","1947","第15期","2",NA,"香港"
"短評：拙劣的謠言","群众","1947","第15期","2",NA,"香港"
"親如家人的解放區軍民：三、出發之前，親切話別“再見，小寶寶！”：[照片]","群众","1947","第17期","11",NA,"香港"
"為爭取民主的敎育而鬥爭：响應中大教授會宣言","鄧初民","群众","1947","第17期","2-3","香港"
"短評：搶米風潮","群众","1947","第15期","2",NA,"香港"
"中共中央發言人揭發蔣介石陳立夫的大陰謀：號召營救被捕愛國青年與民主人土","群众","1947","第21期","3",NA,"香港"
"人民觧放軍大舉反攻（新華社社論）：聶榮臻將軍：[照片]","群众","1947","第34期","3",NA,"香港"
"故鄕（獨幕劇）","宋之的","群众","1947","第22期","15-20","香港"
"半個廣東陸沉了（廣州通訊）","辛之","群众","1947","第22期","21-22","香港"
"民主聯軍發言人縱談東北戰局：一連串實情都不是杜聿明所敢答覆的，中央社謠言只要動兩字就恰如其分了","群众","1947","第22期","4",NA,"香港"
"讀者與編者：慰勞和抗議","孟信徒","群众","1947","第31期","18","香港"
"下鄕去：上海市學運報導之六","巨響","群众","1947","第31期","19-22，10","香港"
"踏進無邊的泥淖：論國民黨軍進佔延安","懷湘","群众","1947","第10期","3-5","香港"
"“六一”恐怖及以後（重慶通訊）","白辛","群众","1947","第23期","22-23","香港"
"讀書雜記：誰是眞正的愛國志士","群众","1947","第31期","21",NA,"香港"
"自食其果：[漫畫]","米谷","群众","1947","第4期","7","香港"
"短評：蔣介石的慌張","群众","1947","第13期","3",NA,"香港"
"短評：警惕！警惕美國！","群众","1947","第41期","12",NA,"香港"
"空前的翻車慘案（廣州通訊）","辛之","群众","1947","第29期","19-20","香港"
"短評：安理會與印荷戰爭","群众","1947","第28期","12",NA,"香港"
"辛亥革命三十六週年紀念日中國人民解放軍宣言：朱德總司令：[照片]","群众","1947","第38期","1",NA,"香港"
"短評：行路難","群众","1947","第3期","4",NA,"香港"
"建議籌辦青年圖書館：群衆中來","竹__","群众","1947","第20期","23","香港"
"短評：又封閉報舘","群众","1947","第25期","6",NA,"香港"
"新的考騐","群众","1947","第7期","5",NA,"香港"
"短評：又一血案","群众","1947","第9期","8",NA,"香港"
"春天的苗芽在茁長（北平通訊）","楊眞","群众","1947","第9期","14","香港"
"中國共產黨中央委員會重要聲明：一九四六年一月十日……","群众","1947","第3期","2",NA,"香港"
"短評：米價又漲了","群众","1947","第18期","1",NA,"香港"
"延安通訊：人民的軍隊","梅查","群众","1947","第4期","18-19","香港"
"美國的對德佔領政策","舒翰","群众","1947","第7期","11-12","香港"
"斥孫中山的叛徒：紀念孫中山先生逝世廿二周年","默涵","群众","1947","第7期","14","香港"
"短評：北大罷課抗暴","群众","1947","第38期","9",NA,"香港"
"茶亭雜話：亦商亦黨","汪老吉","群众","1947","第38期","20","香港"
"俘虜在解放區（未完）","林賽","群众","1947","第39期","12-13","香港"
"天南地北：狼兔之間","群众","1947","创刊号","27",NA,"香港"
"編者的希望：（一）給我們提意見……","群众","1947","创刊号","11",NA,"香港"
"蠢猪的妄想：[漫畫]","葉菲","群众","1947","第19期","5","香港"
"王震將軍和他的部隊","周而復","群众","1947","创刊号","22-23","香港"
"關于人民文藝的幾個問題","默涵","群众","1947","第19期","14-16","香港"
"短評：如此“三傑”","群众","1947","第18期","3",NA,"香港"
"東北一年（新華社社論）","群众","1947","第19期","3-4",NA,"香港"
"紀念“八四”烈士：秦邦憲同志：[照片]","群众","1947","第10期","17",NA,"香港"
"社論：當前的嚴重局勢","薛","群众","1947","第6期","1","香港"
"茶亭雜話：“隨處可有風潮”","汪老吉","群众","1947","第38期","20","香港"
"讀者與編者：來函照登：逕啓者頃讀七月卅一日貴刊第二十四期刊載之桂林通訊……","廣西日報社長","群众","1947","第39期","21-22","香港"
"論魯迅先生的不妥協精神","荃麟","群众","1947","第38期","10-12","香港"
"短評：歡迎英議會訪華團","群众","1947","第37期","13",NA,"香港"
"還只是冬天的開始","朝新","群众","1947","第48期","11-12","香港"
"信箱：關於革命與改良主義等問題","群众","1947","第30期","22-23",NA,"香港"
"閩南人民的武装部隊（福州通訊）","魏憫","群众","1947","第32期","19-21","香港"
"向中國人民致敬","波立特","群众","1947","第23期","16","香港"
"中國革命勝利和美國對華政策","林石父","群众","1948","第2卷 第46期","3-5","香港"
"蝸樓隨筆：答客問（二）：A：看過了七月二十九日新華社發表的社論了麽？……","任晦之","群众","1948","第2卷 第31期","14","香港"
"反動派的提心吊胆（上海通訊）","徐照林","群众","1948","第2卷 第41期","21-22","香港"
"時評：爲了囘答反動派的燒殺政策","群众","1948","第2卷 第45期","18",NA,"香港"
"關於領導權問題答問","群众","1948","第2卷 第26期","6-8",NA,"香港"
"工人唐玉山會見毛澤東","赤燈","群众","1948","第2卷 第35期","19-21","香港"
"爭取最後的澈底勝利","方方","群众","1948","第2卷 第47期","1-2","香港"
"從九一八到雙十二","石秦","群众","1948","第2卷 第36期","12-15","香港"
"茶亭雜話：要人眼中的華僑","汪老吉","群众","1948","第2卷 第18期","16","香港"
"友聲：腦力勞勤者對“五一”號召應有的覺悟","郭沫若","群众","1948","第2卷 第21期","5，7-8，22","香港"
"茶亭雜話：在美國的","汪老吉","群众","1948","第2卷 第7期","19","香港"
"歷史的指針：紀念“共產黨宣言”發表一百週年","荃麟","群众","1948","第2卷 第8期","13-14","香港"
"來件：中國科協的抗議：抗議北平黨政當局對該會理事長袁翰青敎授的無理恫喝（三十七年五月十九日）","群众","1948","第2卷 第23期","22",NA,"香港"
"上海申新九廠工人流血慘案眞相（上海通訊）","陳傑","群众","1948","第2卷 第8期","15-16","香港"
"蔣美日之間：[漫畫多幅]","特偉","群众","1948","第2卷 第19期","3","香港"
"中共中央發佈紀念五一勞動節口號（附圖）","路","群众","1948","第2卷 第17期","1-4","香港"
"蝸樓隨筆：“美援”救得了命麼？","任晦之","群众","1948","第2卷 第25期","20-21","香港"
"華北人民政府組織大綱","群众","1948","第2卷 第45期","12-13",NA,"香港"
"聯合國三屆大會中的幾個問題","端納","群众","1948","第2卷 第40期","8-9","香港"
"讀者與編者：不答應（調寄“團結就是力量”）","群众","1948","第2卷 第21期","23",NA,"香港"
"讀者與編者：記得清（調寄“迎賓舞”）","群众","1948","第2卷 第21期","23",NA,"香港"
"經濟“戡亂”與蔣區工商業","懷庶","群众","1948","第2卷 第39期","11-12","香港"
"前綫記者評洛陽的解放","群众","1948","第2卷 第11期","9-10",NA,"香港"
"勞大選出全總執委：全國總工運勳的統一的最高領導機構已產生，陳雲、朱學範等五十三人當選為正式執委","群众","1948","第2卷 第36期","3-4",NA,"香港"
"空箱記：[畫圖]","米谷","群众","1948","第2卷 第33期","2","香港"
"東北攻勢兩過間（附圖）","朝新","群众","1948","第50期","11-12","香港"
"解放軍進入大別山：（下）乘戰鬥的空隙，進行三整三查學習：[照片]","王中元 裴植","群众","1948","第2卷 第26期","1","香港"
"困難重重的粵宋財政","王江","群众","1948","第2卷 第48期","16-18","香港"
"日本共產黨中央向全世界人民呼籲書","群众","1948","第2卷 第38期","16",NA,"香港"
"百醜圖：[漫畫]","米谷","群众","1948","第2卷 第14期","11","香港"
"“比去年不是胖嗎？諸位……”：[漫畫]","米谷","群众","1948","第2卷 第15期","3","香港"
"限租運動在湖南（長沙通訊）","林濤","群众","1948","第2卷 第43期","19-21","香港"
"西北春季攻勢總結","群众","1948","第2卷 第33期","12",NA,"香港"
"活捉這隻逃來的__獸：[畫圖]","米谷","群众","1948","第2卷 第47期","2","香港"
"茶亭雜話：是清算的時候了","汪老吉","群众","1948","第2卷 第14期","12","香港"
"蝸樓隨筆：這半個月","任晦之","群众","1948","第2卷 第43期","16","香港"
"陳賡將軍接見邱行湘：陳賡將軍：[照片]","群众","1948","第2卷 第11期","10",NA,"香港"
"有力的響應（東北通訊）：解放區職工聯合會籌備主任劉寧一同志：[照片]","群众","1948","第2卷 第22期","12",NA,"香港"
"時評：斥司徒雷登的狂謬聲明","群众","1948","第2卷 第22期","13-14",NA,"香港"
"蝸樓隨筆：“再試半年”","任晦之","群众","1948","第2卷 第34期","21","香港"
"請看反動派的所謂“土地改革”","許滌新","群众","1948","第2卷 第13期","9-11","香港"
"全世界工人大團結：捷克各工會的遊行隊伍：[照片]","群众","1948","第2卷 第16期","23",NA,"香港"
"鑾披汶排華與暹局新階段（曼谷通訊）","楚懷南","群众","1948","第2卷 第33期","22-23","香港"
"晋察冀平定縣糾正執行工礦政策的錯誤偏向","群众","1948","第2卷 第17期","6",NA,"香港"
"茶亭雜話：囘顧","汪老吉","群众","1948","第49期","22-23","香港"
"旅法華僑團體支援國內學生聯合會宣言","群众","1948","第2卷 第37期","17",NA,"香港"
"新華社社論：整編後方機關，帮助前綫勝利","群众","1948","第2卷 第4期","7",NA,"香港"
"蝸樓隨筆：支票的價值","任晦之","群众","1948","第2卷 第24期","16","香港"
"“華南國”的夢幻（廣東通訊）","辛之","群众","1948","第2卷 第48期","20-21","香港"
"亞洲青年反帝大示威（加爾各答通訊）","齊君","群众","1948","第2卷 第12期","20-21","香港"
"反對美帝軍事干涉","喬木","群众","1948","第2卷 第13期","12-14","香港"
"活捉人民公敵：[畫圖多幅]","特偉","群众","1948","第2卷 第18期","15-16","香港"
"胡適的胡說","懷湘","群众","1948","第2卷 第6期","15-17","香港"
"日本人民這樣在鬥爭","S. D","群众","1948","第2卷 第26期","20-22","香港"
"鞍山之捷","朝新","群众","1948","第2卷 第7期","15-16","香港"
"一直落!：[漫畫]","石東","群众","1948","第2卷 第41期","3","香港"
"茶亭雜話：馬歇爾手裏也是一張“二仔”","汪老吉","群众","1948","第2卷 第13期","18","香港"
"蔣萊子娛親：[漫畫]","M. K.","群众","1948","第2卷 第32期","13","香港"
"茶亭雜話：“親自一按”","汪老吉","群众","1948","第2卷 第15期","19","香港"
"日前形勢和我們的任務：一九四七年十二月二十五日在中共中央會議上的報告（附照片）","毛澤東 薛","群众","1948","第49期","1-5","香港"
"戳穿蔣經國的刦掠與撞騙","治平","群众","1948","第2卷 第37期","6-7，11","香港"
"一年一月又三天","群众","1948","第2卷 第16期","13-15",NA,"香港"
"諭集體領導","朱可文 張天思","群众","1948","第2卷 第34期","13-14","香港"
"怒濤洶湧的學運：在助學聯歡會的大門前，群衆擁擠：[照片]","群众","1948","第2卷 第17期","19",NA,"香港"
"蝸樓隨筆：大亂不止","任晦之","群众","1948","第2卷 第35期","18","香港"
"全面解放大西北之戰開始了","朝新","群众","1948","第2卷 第9期","7","香港"
"讀者與編者：從民謠看民心","飛海","群众","1948","第50期","24","香港"
"台灣所見（基隆通訊）","之芬","群众","1948","第2卷 第14期","21","香港"
"淮海與全局","朝新","群众","1948","第2卷 第47期","9-10","香港"
"論崩潰的蔣朝財政","許滌新 琳","群众","1948","第2卷 第41期","1-3","香港"
"來件：為昆明空前大血案告全國同胞書","群众","1948","第2卷 第37期","23",NA,"香港"
"動盪中的四川（成都通訊）","正言","群众","1948","第100期","28-29","香港"
"我到了福建某游擊區（福建通訊）","平揚","群众","1948","第2卷 第13期","23","香港"
"泛濫九省的大水災","懷庶","群众","1948","第2卷 第28期","17-19","香港"
"黄浦灘的仲秋（上海通訊）","徐照林","群众","1948","第2卷 第38期","21-22","香港"
"解放軍八月份戰績：殲俘蔣軍四萬五千餘人，生俘敵旅級上校以上軍官九名","群众","1948","第2卷 第38期","7",NA,"香港"
"詭計多端的地主們（膠東通訊）","吳柏瑤","群众","1948","第2卷 第1期","13-15","香港"
"讀者與編者：血腥的衡陽","郭清","群众","1948","第2卷 第9期","22","香港"
"華北大學的學習和生活（待續）","以空","群众","1948","第100期","25-27","香港"
"營口的解放（附圖）","朝新","群众","1948","第2卷 第8期","11-12","香港"
"在劉家班統治下（福州通訊）","柳長青","群众","1948","第2卷 第33期","19-21","香港"
"論西歐聯盟","鐵生","群众","1948","第2卷 第4期","11-12","香港"
"光和熱是怎樣發出來的腦力勞動者的道路","夏衍","群众","1948","第2卷 第23期","13-14，8","香港"
"茶亭雜話：王牌與“二仔”","汪老吉","群众","1948","第2卷 第13期","18","香港"
"人民解放軍，兵強馬又壯：（下）解放軍出擊平郊，一度攻克妙峯山，圖爲戰鬥結束後休息于西王母廟之解放軍一部份：[照片]","群众","1948","第2卷 第3期","1",NA,"香港"
"北平學生反扶日大示威：東、南、北三路學生在南河沿會師：[照片]","群众","1948","第2卷 第24期","23",NA,"香港"
"解放區形勢圖","群众","1948","第2卷 第19期","11",NA,"香港"
"讀者與編者：告蔣方公務人員：戈雲先生：來信說……","群众","1948","第2卷 第9期","22",NA,"香港"
"戰鬥的一年間（上海通訊）","郭敏","群众","1948","第2卷 第21期","17-18","香港"
"二醜爭風：[漫畫]","朱谷","群众","1948","第2卷 第17期","4","香港"
"解放區人民協力撲滅蔣災","雲賓","群众","1948","第2卷 第21期","9-13","香港"
"在東北解放區","(蘇)A. STROGANOV 胡光","群众","1948","第2卷 第44期","21-22","香港"
"茶亭雜話：真假“預言家”","汪老吉","群众","1948","第2卷 第8期","20","香港"
"六個月，六個月：[漫畫多幅]","米谷","群众","1948","第2卷 第25期","4","香港"
"華僑同胞新年光榮的任務","陳其瑗","群众","1948","第3卷 第1期","9-10","香港"
"一個兵當兩個用：[漫畫]","米谷","群众","1948","第2卷 第39期","3","香港"
"衡向申霽的巴．玄底（上海通讯）","郭敏","群众","1948","第2卷 第12期","18-19","香港"
"打扮下棺材：[漫畫]","文魁","群众","1948","第2卷 第12期","15","香港"
"川東散記（四川萬縣通訊）","庶民","群众","1948","第2卷 第1期","13-15","香港"
"披宗外的蔣諜着教衣美間","洛林","群众","1948","第2卷 第19期","8-10","香港"
"貧農中農大團結（晋察冀日報社論）","群众","1948","第2卷 第6期","7-8",NA,"香港"
"嚴整軍隊黨，肅清軍閥主義與宗派主義：晋冀魯豫軍區副司令員滕代遠同志在晋冀魯豫土地會議上的講話摘要","群众","1948","第2卷 第3期","3-4",NA,"香港"
"鑾披汶大捕華僑（曼谷通訊）","秦可夫","群众","1948","第2卷 第26期","18-19","香港"
"美蘇政策與南北朝鮮","端納","群众","1948","第2卷 第38期","5-7","香港"
"讀者與編者：覆信：關于通貨膨脹等問題","群众","1948","第2卷 第12期","23",NA,"香港"
"太子私訪記：[漫畫多幅]","則盛","群众","1948","第2卷 第35期","11-14","香港"
"保衛職工會的團結","以沛","群众","1948","第2卷 第16期","4-5","香港"
"廣東的兵變在發展着","桐廬","群众","1948","第2卷 第47期","14","香港"
"解放軍十一月份戰績：擊斃黃百韜陳章，克城四十六座","群众","1948","第3卷 第1期","15",NA,"香港"
"從平綏線攻勢說起（附圖）","朝新","群众","1948","第2卷 第12期","12-13","香港"
"論城市的社會改革","許滌新","群众","1948","第2卷 第32期","4-7","香港"
"擊退黑夜，迎接黎明：五四在上海","學新","群众","1948","第2卷 第18期","17-19","香港"
"大變化的一年：[漫畫多幅]","米谷","群众","1948","第2卷 第3期","18-23","香港"
"茶亭雜話：東北二師長","汪老吉","群众","1948","第2卷 第8期","20","香港"
"豫東大殲滅戰（附圖）","朝新","群众","1948","第2卷 第27期","9-10","香港"
"加强團結，積蓄力量","林煥成","群众","1948","第2卷 第35期","11-12","香港"
"解放軍總部發佈：懲辦戰爭罪犯命令（一九四七年十一月一日）","朱德 彭德懷","群众","1948","第2卷 第45期","12","香港"
"友聲：科學家與政治","曾昭掄","群众","1948","第2卷 第26期","11-12","香港"
"茶亭雜話：扭擠出來的諾言","汪老吉","群众","1948","第2卷 第14期","12","香港"
"讀者與編者：關於文化·生產等問題","群众","1948","第2卷 第49期","23",NA,"香港"
"蔣家御林軍：[漫畫]","文魁","群众","1948","第2卷 第20期","8","香港"
"高舉“反美反日反奴才”的大旗","金仲","群众","1948","第2卷 第23期","15-16","香港"
"華北兩邊參會聯席會議通過：召開臨時人民代表大會，產生華北民主聯合政府","群众","1948","第2卷 第29期","5-6",NA,"香港"
"宋子文第二期“綏靖”洩氣了","藍川","群众","1948","第2卷 第47期","11-13","香港"
"談驕傲","黄磷","群众","1948","第2卷 第41期","16-17","香港"
"“蠢貨！快把收音機沒收。”：[漫畫]","米谷","群众","1948","第2卷 第43期","10","香港"
"人民解放軍總部總結公報：第一號：解放戰爭第二年戰績","群众","1948","第2卷 第30期","6-7",NA,"香港"
"論大資產階級與中小資產階級的區別","許滌新","群众","1948","第2卷 第19期","4-5","香港"
"新華社奉命闢謠（新華社陝北五日電）：新華社奉命聲明：合衆社記者張國興……","群众","1948","第2卷 第35期","4",NA,"香港"
"希特勒未死：[畫圖]","米谷","群众","1948","第2卷 第36期","11","香港"
"東北華北的两局殘棋（附圖）","朝新","群众","1948","第2卷 第39期","2-4","香港"
"友聲：土地改革与中國革命","王思曙","群众","1948","第2卷 第5期","13-14","香港"
"解放軍進入大別山：（上）前哨戰士搶渡淮河：[照片]","王中元 裴植 薛","群众","1948","第2卷 第26期","1","香港"
"友聲：也談科學與政治","張勤","群众","1948","第2卷 第34期","19-20","香港"
"加强團結和努力擴大統一戰線","蕭愷","群众","1948","第2卷 第32期","2-3，7","香港"
"美帝的新陰謀","喬木","群众","1948","第2卷 第43期","3-4，23","香港"
"新的人們：解放區見聞之一","方思","群众","1948","第2卷 第26期","15-16","香港"
"美京罷工（美國通訊）","季方","群众","1948","第2卷 第6期","18","香港"
"“估價”隊：[漫畫]","米谷","群众","1948","第2卷 第4期","11","香港"
"北平學生反扶日大示威：在東華門大街和南夾道轉角處，軍警第一次開……：[照片]","群众","1948","第2卷 第24期","23",NA,"香港"
"軍力、地區、戰略形勢的變化","朝新","群众","1948","第2卷 第19期","12-13","香港"
"蔣區經濟崩潰及其發展的趨勢","許滌新","群众","1948","第2卷 第30期","13-15","香港"
"論法國的危機","鐵生","群众","1948","第2卷 第36期","10-11","香港"
"讀者與編者：感謝讀者的寶貴意見","群众","1948","第2卷 第14期","22",NA,"香港"
"茶亭雜話：兩難之局","汪老吉","群众","1948","第50期","19","香港"
"解放區的司法状况（續完）","史特朗 孫一辛","群众","1948","第2卷 第21期","20-22","香港"
"茶亭雜話：兩個日子","汪老吉","群众","1948","第2卷 第9期","16","香港"
"對戰爭發展規律的認識","陳健","群众","1948","第2卷 第33期","4-6","香港"
"論胡適給周鲠生的一封信","馬叙倫","群众","1948","第2卷 第7期","7-10","香港"
"第六次全國勞動大會開幕","群众","1948","第2卷 第31期","5-6",NA,"香港"
"第一囘合前、第一囘合後：[漫畫二幅]","米谷","群众","1948","第2卷 第46期","5","香港"
"李承晚這傀儡","荀寰","群众","1948","第2卷 第33期","19-21","香港"
"友聲：論中國官僚資本主義（續完）","康仲平","群众","1948","第2卷 第40期","14-18","香港"
"蝸樓隨筆：“自行”挖根","任晦之","群众","1948","第2卷 第35期","18","香港"
"面向貧苦婦女","蕭霖","群众","1948","第2卷 第8期","9-10","香港"
"立委競選：[漫畫]","米谷","群众","1948","第2卷 第4期","4","香港"
"歐洲共產黨情報局公報","群众","1948","第2卷 第27期","1",NA,"香港"
"茶亭雜話：四·一二這一天","汪老吉","群众","1948","第2卷 第14期","12","香港"
"論新民主主義的勞動政策","許滌新","群众","1948","第2卷 第22期","9-10","香港"
"讀者與編者：關於社會發展的幾個問題","群众","1948","第2卷 第48期","23",NA,"香港"
"杜魯門為什麽勝利的（紐約通讯）","季方","群众","1948","第2卷 第46期","22-23","香港"
"過關難：[漫畫多幅]","特偉","群众","1948","第2卷 第5期","12","香港"
"茶亭雜話：恭維與笑罵","汪老吉","群众","1948","第2卷 第6期","12","香港"
"解放軍南下大反攻：（上）路過鄂豫交界的張家榜：[照片]","群众","1948","第2卷 第25期","1",NA,"香港"
"美國特務大陰謀","路","群众","1948","第2卷 第43期","1","香港"
"讀者與編者：對本刊的批評：編輯先生：貴刊爲人民服務精神，令人敬佩……","Worso Chua","群众","1948","第2卷 第14期","22","香港"
"蝸樓隨筆：讀“手令”有感：小袁世凱的演講和訓話……","任晦之","群众","1948","第2卷 第42期","17","香港"
"西北黨政軍首長電賀宜川大捷","群众","1948","第2卷 第9期","7",NA,"香港"
"苦難中的蘇北蔣管區（南通通訊）","路凡","群众","1948","第2卷 第8期","21","香港"
"蔣介石出賣中國復興日本（時評）","群众","1948","第2卷 第6期","3",NA,"香港"
"意共領袖托格里亞蒂遇刺：中蘇兩大兄弟黨致電慰問","約瑟夫 斯大林 毛澤東","群众","1948","第2卷 第28期","6","香港"
"迎世界民主反帝鬥爭新階段：一九四七年世界政治總結","喬木","群众","1948","第49期","10-11","香港"
"第六次全國勞動大會：李立三同志開幕詞","群众","1948","第2卷 第31期","7-8",NA,"香港"
"朱總司令近作（詩三首）：消滅敵人第三軍","群众","1948","第2卷 第38期","2",NA,"香港"
"解放區的工人，是新社會的主人：工人的武裝自衛隊：[照片]","群众","1948","第2卷 第16期","1",NA,"香港"
"東北三年概述","群众","1948","第2卷 第34期","8-10",NA,"香港"
"鉗形攻勢：[畫圖]","文魁","群众","1948","第2卷 第44期","14","香港"
"論毛澤東軍事學說中的游擊戰爭","方方 薛","群众","1948","第2卷 第29期","1-2","香港"
"臨汾工業的恢復和發展（晋南通訊）","辛凡","群众","1948","第3卷 第1期","19-20","香港"
"工人的旗幟趙占魁","群众","1948","第2卷 第34期","18",NA,"香港"
"黔驢技窮：[漫畫]","文魁","群众","1948","第2卷 第30期","9","香港"
"為十萬萬人民的解放而奮鬥","蒲特","群众","1948","第2卷 第5期","7-9","香港"
"蝸樓隨筆：光芒萬丈的戰例","任晦之","群众","1948","第2卷 第39期","21","香港"
"堅持職工運動正確路線反對“左”傾冒險主義：新華社紀念“二七”二十五週年社論","群众","1948","第2卷 第6期","5-6",NA,"香港"
"中國解放區婦聯籌委會通告（一九四八年十二月五日）","群众","1948","第2卷 第49期","10",NA,"香港"
"原班人馬：[漫畫]","米谷","群众","1948","第2卷 第23期","16","香港"
"戰鬥小故事：二、方副排長連殺八敵","群众","1948","第2卷 第24期","5",NA,"香港"
"石家莊的妓女：紡綫：[照片]","群众","1948","第2卷 第25期","17",NA,"香港"
"傳說劉伯承快要渡江：[漫畫]","特偉","群众","1948","第2卷 第4期","20-21","香港"
"蝸樓隨筆：從疯狂到滅亡","任晦之","群众","1948","第2卷 第41期","18","香港"
"解放區的工人，是新社會的主人：工人勞動英雄趙占魁：[照片]","群众","1948","第2卷 第16期","1",NA,"香港"
"看了“侵略”","郭沫若","群众","1948","第2卷 第19期","14-15","香港"
"友聲：論中國官僚資本主義（待續）","康仲平","群众","1948","第2卷 第38期","13-15","香港"
"中國和亞洲──美國人民的朋友，美國反動派的仇敵（新華社社論）","群众","1948","第2卷 第43期","1-2",NA,"香港"
"在晉綏幹部會議上的講話：有關晉綏工作和全國工作的問題（一九四八年四月一日）（附照片）","毛澤東 蔣","群众","1948","第2卷 第18期","1-5","香港"
"歷史的轉折點：紀念中國共産黨廿七週年","漢夫","群众","1948","第2卷 第25期","5-6","香港"
"（左）我神速部隊向下花園進軍：[照片]","群众","1948","第2卷 第3期","33",NA,"香港"
"助學熱潮（南京通訊）","葉馨","群众","1948","第2卷 第10期","17-19","香港"
"向着更光明的道路前進：評民盟三中全會的成就","連貫","群众","1948","第2卷 第3期","10","香港"
"幣制“改革”在長沙（長沙通訊）","林濤","群众","1948","第2卷 第36期","21-22","香港"
"美帝和西歐","鐵生","群众","1948","第2卷 第49期","8-9","香港"
"石家莊的妓女（附照片）","沛","群众","1948","第2卷 第25期","17-18","香港"
"混亂的武漢（漢口通訊）","高楠","群众","1948","第2卷 第19期","16-18","香港"
"“活命罷課”與助學運動（南昌通訊）","揚戈","群众","1948","第2卷 第16期","19-21","香港"
"二十萬人的農民大會（仰光通訊）","曉坤","群众","1948","第2卷 第13期","21-22","香港"
"美國通訊：記羅城華萊士競選大會","老柏","群众","1948","第2卷 第22期","17","香港"
"茶亭雜話：下台難","汪老吉","群众","1948","第2卷 第17期","13","香港"
"解放區的工人，是新社會的主人：女工爲前線將士製鞋：[照片]","群众","1948","第2卷 第16期","1",NA,"香港"
"第三黨運動旗開得勝（美國通訊）","季方","群众","1948","第2卷 第8期","22","香港"
"一九三三年的兩個文件：第一個文件：怎樣分析階級？","群众","1948","第2卷 第23期","1-2",NA,"香港"
"社論：加緊努力，迎接勝利！","群众","1948","第2卷 第46期","1-2",NA,"香港"
"百年前的偉大預言：“共產黨宣言”發表百週年紀念","沈友谷","群众","1948","第2卷 第7期","11-13","香港"
"看北方之岌岌兮（北平通訊）","頴梅","群众","1948","第49期","16-17，26","香港"
"從繳獲文件看敵情（東江通訊）","昔思","群众","1948","第2卷 第47期","11-13","香港"
"茶亭雜話：美金與靈魂","汪老吉","群众","1948","第2卷 第19期","9-10","香港"
"他們的前線和後方：[漫畫多幅]","米谷","群众","1948","第100期","23","香港"
"讀者與編者：對學術和技術人材的態度","程名","群众","1948","第2卷 第49期","22-23","香港"
"陳賡將軍接見邱行湘（附照片）","群众","1948","第2卷 第11期","10",NA,"香港"
"學生鬥爭的另一面（杭州通訊）","王符","群众","1948","第2卷 第37期","19-20","香港"
"今日江南（蘇州通訊）","王平","群众","1948","第2卷 第3期","32","香港"
"東北第三次教育會議確定教育工作的方針任務","群众","1948","第2卷 第41期","15",NA,"香港"
"考驗","柯揚","群众","1948","第2卷 第6期","19","香港"
"論革命的統一戰線","連貫","群众","1948","第2卷 第1期","5-6","香港"
"長春觀察家評論蔣介石的“手令”","群众","1948","第2卷 第42期","15-16",NA,"香港"
"尷尬的嘴臉","余杜百","群众","1948","第100期","31","香港"
"茶亭雜話：無恥到離譜","汪老吉","群众","1948","第2卷 第11期","21","香港"
"衝破迫害，靈活鬥爭","彰楓","群众","1948","第2卷 第39期","9-10","香港"
"迎接新年，面向全國人民的澈底解放","方方","群众","1948","第49期","6-7","香港"
"從日韓蔣同盟到亞洲聯盟","曾叔元","群众","1948","第2卷 第40期","10-11","香港"
"上海人民在一路哭（上海通訊）","徐照林","群众","1948","第2卷 第39期","19-20","香港"
"中共中央電賀鄭州解放","群众","1948","第2卷 第42期","12",NA,"香港"
"夏戰場的新畫面（附圖）","朝新","群众","1948","第2卷 第29期","13-14","香港"
"門是大開的","達伍","群众","1948","第50期","15-16","香港"
"茶亭雜話：警惕","汪老吉","群众","1948","第49期","23","香港"
"茶亭雜話：脫口而出","汪老吉","群众","1948","第2卷 第22期","20","香港"
"讀者與編者：上海警察不願做蔣朝的爪牙","李仲康","群众","1948","第2卷 第8期","23","香港"
"蝸樓隨筆：一個示範的文件","任晦之","群众","1948","第2卷 第27期","18","香港"
"迎解放區職工代表大會","群众","1948","第2卷 第16期","4-5",NA,"香港"
"曾幾何時？：[畫圖]","米谷","群众","1948","第2卷 第16期","20","香港"
"胆怯的蔣家官──：[畫圖]","米谷","群众","1948","第2卷 第31期","3","香港"
"反迫害，反飢餓！","卓芸","群众","1948","第2卷 第14期","6-7，18","香港"
"茶亭雜話：製造幻想","汪老吉","群众","1948","第2卷 第21期","15","香港"
"怎樣學習魯迅先生","默涵","群众","1948","第2卷 第41期","6-7","香港"
"誰戰勝誰","星星","群众","1948","第2卷 第42期","3-4","香港"
"休矣，司徒雷登！","喬木","群众","1948","第2卷 第7期","1-3","香港"
"消滅×××打碎×家小朝廷的全部統治機構“人民公敵蔣××”的最後一章","陳伯達 琳","群众","1948","第2卷 第11期","1-3","香港"
"讀者與編者：學閥的面目","馬堂","群众","1948","第2卷 第10期","23","香港"
"東北鐵路黨委會闗于乘務員責制的决定","群众","1948","第2卷 第46期","12",NA,"香港"
"美帝這樣“救濟”中國人民：[畫圖]","特偉","群众","1948","第2卷 第27期","7","香港"
"茶亭雜話：欽定競選","汪老吉","群众","1948","第2卷 第11期","21","香港"
"蝸樓隨筆：三管齊下","任晦之","群众","1948","第2卷 第34期","21","香港"
"解放軍一月份戰績：殲俘蔣軍九萬八千餘，斃俘敵將級軍官十名","群众","1948","第2卷 第9期","6",NA,"香港"
"蔣小二過年：[漫畫多幅]","特偉","群众","1948","第49期","22-23","香港"
"好一個“祥和”之音：[漫畫]","廖冰兄","群众","1948","第2卷 第11期","3","香港"
"解放區來信：工作·學習·前進","張放","群众","1948","第2卷 第39期","15-16","香港"
"友聲：華南人民公意的具體表現：對華南人民武裝當前行動綱領的意見","李章達","群众","1948","第2卷 第42期","5-6","香港"
"新的農民（解放區報導）","史特朗 文珊","群众","1948","第49期","24-25","香港"
"一丘之貉：[畫圖]","米谷","群众","1948","第2卷 第21期","10","香港"
"福建被出賣了（福州通訊）","王思誠","群众","1948","第2卷 第17期","17","香港"
"歐遊漫記：關於新民主主義國家政策的見聞錄（附照片）","寧一","群众","1948","第50期","20-21，14","香港"
"東北入關學生的第一課：[畫圖]","米谷","群众","1948","第2卷 第27期","20","香港"
"“燒成灰都認得你！”：[漫畫]","米谷","群众","1948","第3卷 第1期","5","香港"
"茶亭雜話：關羽與曹操","汪老吉","群众","1948","第2卷 第6期","12","香港"
"水底的激流：復旦同學暑期生括","黎冷","群众","1948","第2卷 第29期","21-22","香港"
"論戰局的大變化（附圖）","朝新","群众","1948","第2卷 第43期","5-7","香港"
"時評：抗議漢口美軍大暴行","群众","1948","第2卷 第32期","15",NA,"香港"
"華北人民政府成立","路","群众","1948","第2卷 第35期","1-2","香港"
"讀者與編者：漢奸面目欲蓋彌彰","陳平","群众","1948","第2卷 第12期","22","香港"
"讀者與編者：滬杭綫上的徵糧徵兵","阿平","群众","1948","第2卷 第12期","22-23","香港"
"蝸樓隨筆：“官塲秘話”","任晦之","群众","1948","第2卷 第33期","18","香港"
"友聲：做中國人該勇敢地迎接大革命","馬敘倫","群众","1948","第2卷 第3期","12-14","香港"
"把__子手拖出來：[漫畫]","米谷","群众","1948","第2卷 第6期","17","香港"
"茶亭雜話：再加两難","汪老吉","群众","1948","第50期","19","香港"
"讀者與編者：謹向全國同胞控訴：一·二九同濟大學血案真相","群众","1948","第2卷 第6期","20-21",NA,"香港"
"朱總司令近作（詩三首）：戰局時局","群众","1948","第2卷 第38期","2",NA,"香港"
"“我們早已沒有淚了！”：[畫圖]","米谷","群众","1948","第2卷 第5期","6","香港"
"解放軍九月份戰績","群众","1948","第2卷 第44期","5",NA,"香港"
"掠奪工商業的“救濟特捐”","胡强","群众","1948","第2卷 第31期","21-23","香港"
"上海明暗面（上海通訊）","李俞","群众","1948","第2卷 第46期","19-20","香港"
"東北解放軍公佈：解放全東北的戰役經過","群众","1948","第2卷 第47期","7-8",NA,"香港"
"廣東人民的護糧鬥爭（時評）","群众","1948","第100期","16-17",NA,"香港"
"東北學生入關記","董寜","群众","1948","第2卷 第26期","21-22","香港"
"蝸樓隨筆：認識那些“蛆虫”","任晦之","群众","1948","第2卷 第24期","16","香港"
"世界局勢與戰爭危機","喬木","群众","1948","第2卷 第16期","9-11","香港"
"整黨與發動群眾相結合：平山土改中創造好範例","群众","1948","第2卷 第8期","4-5",NA,"香港"
"大鈔吸盡人民血液","徐照林","群众","1948","第2卷 第29期","23","香港"
"理論的力量：“蘇聯共產黨（布爾塞維克）歷史簡明教程”出版十週年紀念","林石父","群众","1948","第2卷 第41期","8-12","香港"
"憶念民主教育巨匠陶行知先生：紀念生活教育社廿一週年","孟林","群众","1948","第2卷 第10期","15-16","香港"
"爲成立民主聯合政府而奮鬥","方方","群众","1948","第2卷 第18期","6-7","香港"
"“救命呀”：[畫圖]","米谷","群众","1948","第50期","9","香港"
"平分土地運動中的幾個問題（東北日報社論）","群众","1948","第2卷 第5期","10",NA,"香港"
"小豐滿電廠被毀記（瀋陽通訊）","楊韋","群众","1948","第2卷 第23期","21","香港"
"瀕死的石頭城小景（南京通訊）","温奇","群众","1948","第2卷 第45期","21","香港"
"民主聖地延安光復：學生休養所：[照片]","群众","1948","第2卷 第18期","23",NA,"香港"
"遼東解放軍：“城市紀律守則”","群众","1948","第2卷 第18期","10",NA,"香港"
"日貨捲土重來","懷庶","群众","1948","第2卷 第18期","12","香港"
"中原大捷（附圖）","朝新","群众","1948","第49期","14-15","香港"
"毛主席賀電：濟南起義的吳化文將軍等發表通電後……","毛澤東","群众","1948","第2卷 第42期","16","香港"
"從坟墓裏去找救兵：[漫畫]","米谷","群众","1948","第2卷 第9期","6","香港"
"關於農業社會主義的問答：問：毛主席四月一日在晋綏幹部會議的講話中說……","群众","1948","第2卷 第31期","11-13",NA,"香港"
"蔣朝的“幣制改革”","許滌新 蔣","群众","1948","第2卷 第33期","1-3","香港"
"茶亭雜話：造謠“示範”","汪老吉","群众","1948","第2卷 第17期","13-14","香港"
"翻身樂（膠東通訊）","艾琴","群众","1948","第2卷 第2期","13-14","香港"
"蘇·魯·豫·皖解放軍春季攻勢圖：西北戰場攻勢圖","群众","1948","第2卷 第11期","15",NA,"香港"
"反美扶日突擊遊行（北平通訊）","穎梅","群众","1948","第2卷 第24期","21-22","香港"
"綏德黄家川村的土地改革","群众","1948","第2卷 第8期","4-5",NA,"香港"
"中小教師大請願（成都通訊）","李豐","群众","1948","第2卷 第27期","19-20","香港"
"人民的城市哈爾濱：哈爾濱市容：[照片]","群众","1948","第2卷 第18期","13",NA,"香港"
"“地方主義“被嚇住了（成都通訊）","楊慧","群众","1948","第2卷 第32期","19-20","香港"
"秣陵秋雨看南朝（南京通訊）","温奇","群众","1948","第2卷 第44期","18-20","香港"
"狗爭骨頭話美援(上海通訊)","徐照林","群众","1948","第2卷 第32期","23","香港"
"茅凹嶂之捷的意義","羅任堅","群众","1948","第100期","15","香港"
"如此兵心：[漫畫]","米谷","群众","1948","第2卷 第39期","4","香港"
"雙十節的三大敎訓","郭沫若","群众","1948","第2卷 第39期","5-6","香港"
"胡“刷子”：[漫畫]","文魁","群众","1948","第2卷 第42期","5","香港"
"石頭城內的搶購潮（南京通訊）","章靜蘭","群众","1948","第2卷 第42期","21-22","香港"
"怒濤洶湧的學運：上海學生反對美軍暴行大示威：[照片]","群众","1948","第2卷 第17期","19",NA,"香港"
"恐怖、敲榨、搜刮","宋鏡","群众","1948","第2卷 第34期","22","香港"
"隊伍愈走愈長：記上海學生大示威（上海通讯）","郭敏","群众","1948","第2卷 第3期","28-29","香港"
"加强在知識分子中的工作","以沛","群众","1948","第2卷 第42期","19-20","香港"
"人類解放的新希望與歷史發展的火車頭：紀念十月革命三十一週年","林石父","群众","1948","第2卷 第43期","13-15","香港"
"挖蔣根：[畫圖]","米彳","群众","1948","第50期","15","香港"
"思想漫步：容忍與民主","荃麟","群众","1948","第49期","12-13","香港"
"美帝國主義脫褲子","喬木","群众","1948","第2卷 第20期","4-5","香港"
"讀者與編者：休矣，大公報！","群众","1948","第2卷 第7期","21",NA,"香港"
"茶亭雜話：比較政治","汪老吉","群众","1948","第2卷 第17期","14","香港"
"時評：如火如荼的民變","群众","1948","第49期","18-19",NA,"香港"
"“勤王”與“中興”的幻夢","林濤","群众","1948","第2卷 第38期","19-20","香港"
"揭穿蔣記國防部的謊言","朝新","群众","1948","第2卷 第32期","12-13","香港"
"茶亭雜話：“只能作嘔”","汪老吉","群众","1948","第2卷 第21期","16","香港"
"黑暗發抖了（南京通訊）","章靜蘭","群众","1948","第2卷 第21期","19，22","香港"
"把東北變為解放戰爭總基地：東北日報號召東北全黨全軍全體人民完成任務","群众","1948","第2卷 第2期","4",NA,"香港"
"茶亭雜話：在中國的","汪老吉","群众","1948","第2卷 第7期","19","香港"
"分野（上海通訊）","徐照林","群众","1948","第2卷 第48期","22","香港"
"印尼的悲劇","烟波","群众","1948","第3卷 第1期","7-10","香港"
"一九三三年的兩個文件：中共中央關於一九三三年兩個文件的决定","薛","群众","1948","第2卷 第23期","1","香港"
"解放軍四月份戰績：殲俘蔣軍逾十萬人，收復縣城五十九座","群众","1948","第2卷 第23期","12",NA,"香港"
"茶亭雜話：自畫臉譜","汪老吉","群众","1948","第2卷 第2期","12","香港"
"陝中秋季攻勢形勢圖","群众","1948","第2卷 第41期","4-5",NA,"香港"
"血洗北大（北平通訊）","王若岩","群众","1948","第2卷 第15期","22-23","香港"
"論蔣軍“新戰畧”","朝新","群众","1948","第2卷 第15期","6-8","香港"
"社論：迎接獨立民主的新中國","薛","群众","1948","第3卷 第1期","3-4","香港"
"中共中央電賀淮海戰役第二階段偉大勝利（一九四八年十二月十八日）","群众","1948","第3卷 第1期","5",NA,"香港"
"時評：甘地被刺逝世","群众","1948","第2卷 第4期","10",NA,"香港"
"蝸樓隨筆：動盪與衝擊","任晦之","群众","1948","第2卷 第38期","17","香港"
"水蘿萄的糾紛","劉寶榮","群众","1948","第2卷 第30期","22-23","香港"
"蔣：“你一定要堅守，堅守，三天內救兵就來…………”，康：“請放心，我不成功就成仁…………”：[畫圖]","米谷","群众","1948","第2卷 第31期","6","香港"
"蝸樓隨筆：南京的喜劇人物","任晦之","群众","1948","第2卷 第32期","21","香港"
"漢口美軍强姦案真相（漢口通訊）","星子","群众","1948","第2卷 第32期","14-15","香港"
"“幣改”與鎳幣潮（成都通訊）","吉士","群众","1948","第2卷 第36期","18-20","香港"
"蔣記法官問：“你的名字叫崗村寧次嗎？”：[畫圖]","米谷","群众","1948","第2卷 第33期","14","香港"
"在苦難中煎熬的雲大和附中（昆明通訊）","俊德","群众","1948","第2卷 第2期","11","香港"
"蝸樓隨筆：警戒瘋狗","任晦之","群众","1948","第2卷 第38期","17","香港"
"人民能取得這樣的勝利：總結一九四八年的世界政治","喬木","群众","1948","第100期","8-11","香港"
"中共中央關於一九四八年土地改革工作和整黨工作的指示（一九四八年五月廿五日）","蔣","群众","1948","第2卷 第21期","1-2","香港"
"覆信：封建主義與帝國主義官僚資本主義的關係","群众","1948","第2卷 第23期","23",NA,"香港"
"列寧論蘇維埃機關人員應如何工作","伏蒂也娃 齊生 曹葆華","群众","1948","第2卷 第24期","17-18，15","香港"
"讀者與編者：上海工人協會爲申九慘案宣言","群众","1948","第2卷 第6期","20",NA,"香港"
"讀者與編者：一·二九同濟慘案始末","廖振亞","群众","1948","第2卷 第6期","21","香港"
"蝸樓隨筆：暗殺","任晦之","群众","1948","第2卷 第29期","12","香港"
"解放區婦女的英姿","志新","群众","1948","第2卷 第21期","15-16","香港"
"二十一條與“新二十一條”：日·袁，美·袁與美·蔣之間","沈友谷","群众","1948","第2卷 第17期","9-10","香港"
"“五四”的歷史意義","荃麟","群众","1948","第2卷 第17期","11-14","香港"
"輝煌燦爛的春戰塲","朝新","群众","1948","第2卷 第11期","13-14","香港"
"人民解放軍的建軍原則","朱德","群众","1948","第2卷 第3期","4","香港"
"解放軍七月戰績：殲俘蔣軍逾三七萬，生擒敵旅級以上軍官六十二名，城市得失相抵我實佔二十八座","群众","1948","第2卷 第35期","9-10",NA,"香港"
"（13）索性一網打盡！：[漫畫多幅]","群众","1948","第2卷 第2期","8",NA,"香港"
"訪問起義之師（海豐通訊）：海豐第九聯防辦事處暨聯防中隊起義全體官兵相映（卅七、十、卅）：[照片]","群众","1948","第2卷 第47期","16",NA,"香港"
"解放張家口全殲蔣傅軍七個師：傅作義是頭等戰犯，難逃人民的懲處","群众","1948","第3卷 第1期","17",NA,"香港"
"中國人民銀行發行新幣（新華社社論）","蔣","群众","1948","第2卷 第48期","1-2","香港"
"慶祝國際婦女第二次代表大會開幕（新華社社論）","群众","1948","第2卷 第48期","19",NA,"香港"
"他們在向前挺進（解放區報導）（未完）","史特朗","群众","1948","第50期","22-23","香港"
"克服困難，準備勝利","方方 薛","群众","1948","第100期","1-2","香港"
"潮汕人民武裝：三次粉碎“圍剿”的勝利經驗","馮寬","群众","1948","第2卷 第49期","15","香港"
"梧州商業慘狀（梧州通訊）","蕭幸","群众","1948","第2卷 第26期","24","香港"
"全世界工人大團結：世界工聯執行局在捷京開會之會塲：[照片]","群众","1948","第2卷 第16期","23",NA,"香港"
"怒濤洶湧的學運：軍憲荷槍實彈，如臨大敵，阻止學生遊行：[照片]","群众","1948","第2卷 第17期","19",NA,"香港"
"堅决執行毛澤東同志的民族統一戰線的方針","蕭愷 薛","群众","1948","第2卷 第1期","1-4","香港"
"蝸樓隨筆：快與慢的問題","任晦之","群众","1948","第2卷 第44期","17","香港"
"全世界革命力量團結起來反對帝國主義的侵畧：毛澤東同志：[照片]","群众","1948","第2卷 第44期","1",NA,"香港"
"小心上當：[漫畫]","米谷","群众","1948","第2卷 第29期","10","香港"
"新華社駁斥和謠（新華社陝北三日電）：新華社奉命聲明：七八月間國民黨統治區域某些報紙刊物上所登載的所謂周恩來給張治中的信……","群众","1948","第2卷 第35期","4",NA,"香港"
"上海工會今昔談","黃江","群众","1948","第2卷 第16期","7-8","香港"
"大量提拔与培養新幹部（東北日報社論）","群众","1948","第2卷 第47期","17",NA,"香港"
"徐州解放之後","朝新","群众","1948","第2卷 第48期","14-15","香港"
"先生學生是一家","卓芸","群众","1948","第2卷 第15期","11-12","香港"
"在西北前委會議上彭副總司令的講話","群众","1948","第2卷 第33期","11",NA,"香港"
"民主聖地延安光復：延安勞動英雄吳滿有，他說：誰敢來侵犯邊區，就打斷他的狗腿：[照片]","群众","1948","第2卷 第18期","23",NA,"香港"
"茶亭雜話：“自由主義”","汪老吉","群众","1948","第2卷 第3期","27","香港"
"讀者與編者：兇手！你逃不了！","群众","1948","第2卷 第21期","23",NA,"香港"
"習仲勳同志：關於紏偏整黨的指示","群众","1948","第2卷 第16期","2-3",NA,"香港"
"他們從血泊中站立起來（北平通讯）","趙國棟","群众","1948","第2卷 第28期","21-22","香港"
"緬甸局勢透視（仰光通訊）","亞查","群众","1948","第2卷 第31期","21-23","香港"
"蝸樓隨筆：外壓與內潰","任晦之","群众","1948","第2卷 第38期","17","香港"
"美國大選形勢近貌（紐約通讯）","季方","群众","1948","第2卷 第19期","16-18","香港"
"“死守”？“守死”！：[漫畫]","米谷","群众","1948","第2卷 第43期","2","香港"
"解放軍在大城市","柯凡","群众","1948","第2卷 第11期","16-17","香港"
"中共中原中央局重要指示：爭取、團結、改造、培養知識分子","群众","1948","第2卷 第42期","18",NA,"香港"
"社論：本刊一週年：本刊在香港出版，到這一期恰恰一周年了……","群众","1948","第2卷 第3期","2",NA,"香港"
"關於職工運動當前任務决議案中幾個問題的說明","群众","1948","第2卷 第46期","10-12",NA,"香港"
"虎患下的梧州（梧州通訊）","蕭幸","群众","1948","第2卷 第9期","20","香港"
"聽話內閣：[畫圖]","文魁","群众","1948","第2卷 第22期","6","香港"
"脫舊胎，换新骨（膠東通訊）","艾琴 王治光","群众","1948","第2卷 第8期","9-10","香港"
"蝸樓隨筆：驕與躁","任晦之","群众","1948","第2卷 第46期","15","香港"
"北平學生反扶日大示威：王府井大街上的宣傳畵（那是北平最熱鬧的區域）：[照片]","群众","1948","第2卷 第24期","23",NA,"香港"
"讀者與編者：救濟陝北同胞","田更生","群众","1948","第2卷 第12期","23","香港"
"關於知識份子的問題","胡繩","群众","1948","第2卷 第28期","10-13","香港"
"迫害能支持金圓券嗎？","許滌新","群众","1948","第2卷 第35期","3-7","香港"
"“左派幼稚病”第二章：布爾塞維克成功的基本條件之一","群众","1948","第2卷 第23期","11",NA,"香港"
"迎接批評時代的一個基本問題","郭沫若","群众","1948","第2卷 第3期","11","香港"
"蝸樓隨筆：“希望”的表裏","任晦之","群众","1948","第2卷 第33期","18","香港"
"“光洋”的故事（武漢散記之一）","吳剛","群众","1948","第2卷 第27期","21-22","香港"
"總結整編和進行整黨：李富春同志在哈市整黨動員大會上報告","群众","1948","第2卷 第6期","8",NA,"香港"
"論布爾什維克的原則性","斯列波夫 亞天__","群众","1948","第2卷 第19期","6-7","香港"
"一堆垃圾：[漫畫多幅]","特偉","群众","1948","第2卷 第7期","14","香港"
"反帝反封建的分別與統一","方方 琳","群众","1948","第2卷 第37期","1-2","香港"
"一年來戰場變化略图","群众","1948","第2卷 第3期","17",NA,"香港"
"茶亭雜話：奴才與主人","汪老吉","群众","1948","第2卷 第6期","12","香港"
"中共中央發言人痛斥杜魯門援蔣內戰計劃（新華社陜北廿一日電）","琳","群众","1948","第2卷 第7期","1-3","香港"
"國際婦女民主聯合會執委會關於中國及亞洲婦女的決定：中國解放區婦女聯合會主席，國際婦女民主聯合會副主席蔡暢同志：[照片]","群众","1948","第2卷 第29期","15",NA,"香港"
"一個看上了美金，一個看中了資源：[畫圖]","米谷","群众","1948","第2卷 第33期","12","香港"
"朱總司令近作（詩三首）：土改後的農村","群众","1948","第2卷 第38期","2",NA,"香港"
"“救命呀……”：[漫畫]","米谷","群众","1948","第100期","17","香港"
"人民的城市哈爾濱（附照片）","吳琪","群众","1948","第2卷 第18期","13-14","香港"
"莫斯科外長會議的問題","子倫","群众","1947","第7期","7-8，17","香港"
"短評：禽獸的行爲","群众","1947","第10期","12",NA,"香港"
"被俘兩美軍官供述：國美合作進行內戰情形","群众","1947","第13期","17",NA,"香港"
"論美國資產階級與外交政策","福斯特 端納","群众","1947","第29期","10-11","香港"
"從廣州看瓊崖（廣州通訊）","愉群","群众","1947","第39期","16-18","香港"
"思想漫步：和平方法能得到民主嗎？","默涵","群众","1947","第47期","7-8","香港"
"一千萬同胞的大難","紀鴻","群众","1947","创刊号","17","香港"
"辛亥革命中的革命武力問題","沈友谷","群众","1947","第37期","5-7","香港"
"茶亭雜話：罪人自白","汪老吉","群众","1947","第35期","21","香港"
"讀者與編者：張冲將軍抵哈消息傳到昆明後","李英蘭","群众","1947","第35期","23","香港"
"解放區民兵：（下）民兵原是當地人民的子弟，是保衛鄕土的戰士，每當年節，舉行歡宴，慰勞他們的辛苦：[照片]","群众","1947","第13期","11",NA,"香港"
"羣眾中來：老爺們在美國","地丁","群众","1947","第27期","17","香港"
"解放區縱橫行（四）","雲尼·李東白 安娜·史特朗","群众","1947","第30期","19-21","香港"
"覄信：本港明青女士：照來信看來，你的丈夫對你是一點愛情也沒有了……","群众","1947","第32期","22-23",NA,"香港"
"世界工聯與中國工人：世界工聯執委會及理事會會議經過","劉寧一","群众","1947","第22期","5-7","香港"
"論馬歇爾計劃的前途：徒杜魯門主義到馬歇爾計劃（下）","喬木","群众","1947","第24期","14-20","香港"
"大獨裁者的故事（續）：[漫畫多幅]","特偉","群众","1947","第39期","19-20","香港"
"記桂西民變（南寧通訊）","高陽","群众","1947","第40期","14","香港"
"往那裡去？：[畫圖]","蘆衣","群众","1947","第21期","7","香港"
"讀者與編者：寫給人民解放軍","玉帛","群众","1947","第44期","23","香港"
"信箱：三個和尙就沒有水喝麼？：來信：編輯先生：……有時候我覺得個人主義也并不一定是壞的……","馬化葦","群众","1947","第14期","22","香港"
"中共中央宣傳部長陸定一同志：斥國民黨中宣部“和談”聲明（附圖）","群众","1947","第2期","2-3",NA,"香港"
"破壞學運的特務訓練所","方子惠","群众","1947","第48期","19，22","香港"
"茶亭雜話：紅點黑點","汪老吉","群众","1947","第33期","17-18","香港"
"蔣介石如何出賣東北：爲“九·一八”十六周年特爲新華社而作","閻寶航","群众","1947","第35期","7","香港"
"劉鄧司令部發言人談鄂豫皖前綫两月來形勢：解放軍站穩脚跟和民衆緊密結合，蔣軍一團慌亂東奔西調窘態百出（新華社鄂豫皖前線一日電）","群众","1947","第41期","9-10",NA,"香港"
"從堵口到掘堤","黄誠","群众","1947","第32期","4-6","香港"
"這樣庶幾無生命之危：[漫畫]","M. K．","群众","1947","第13期","7","香港"
"解放軍總部發言人論膠東戰局","群众","1947","第39期","3",NA,"香港"
"社論：蔣介石加緊自掘墳墓","群众","1947","第24期","3",NA,"香港"
"周末漫談：虛者實之、自由份子、陞官圖","秦牧","群众","1947","创刊号","17","香港"
"耕者有其田是發展工商業的前提","許滌新","群众","1947","第40期","4-5","香港"
"短評：上海工人鬥爭","群众","1947","第36期","10",NA,"香港"
"中國人民解放軍南征部隊發佈口號","薛","群众","1947","第37期","1","香港"
"短評：勞資關係","群众","1947","第20期","3",NA,"香港"
"茶亭雜話：鸚鵡哀鳴","汪老吉","群众","1947","第40期","16","香港"
"信箱：蘇聯與美國來信：編者先生：五月十二日上海大公報社評“美蘇式合作與新帝國主義”讀了以後……","氷松","群众","1947","第18期","13-17","香港"
"困死與忙死（附圖）","朝新","群众","1947","第39期","4-5","香港"
"大反攻後的新形勢（附圖）","朝新","群众","1947","第36期","6-8","香港"
"自由獨立民主的中國萬歲","馬尼安 梁桓","群众","1947","第44期","15","香港"
"短評：僑胞的惡運","群众","1947","第2期","4",NA,"香港"
"辛亥革命三十六週年紀念日中國人民解放軍宣言：彭德懷副總司令：[照片]","群众","1947","第38期","1",NA,"香港"
"陷入泥淖的蔣介石：[漫畫]","群众","1947","第22期","20",NA,"香港"
"走出牢門，還要幹！：上海市學生運動報導之一","巨響","群众","1947","第22期","10-13","香港"
"有事和羣衆商量","陳伯達","群众","1947","第25期","7-10","香港"
"日貨又來了：[漫畫]","蘆衣","群众","1947","第29期","5","香港"
"美械演習：[漫畫]","米谷","群众","1947","第10期","6","香港"
"短評：杜斌丞先生被害","群众","1947","第38期","9",NA,"香港"
"讀者與信箱：報中敗類","李佬","群众","1947","第32期","23","香港"
"短評：騎馬者和拉韁者","群众","1947","第39期","6",NA,"香港"
"蝸樓隨筆：暗潮汹湧","任晦之","群众","1948","第2卷 第36期","18-19","香港"
"戰鬥故事：一個人繳了一連人槍（附圖）","羅村田","群众","1948","第2卷 第29期","21-22","香港"
"解放區的醫務人員","麥秀","群众","1948","第2卷 第32期","22","香港"
"“八路軍買，五塊錢六個！”：[漫畫]","MK","群众","1948","第2卷 第30期","23","香港"
"讀者與編者：上海周光耀先生：關於你的弟弟的情形，我們當儘可能設法打聽……","群众","1948","第2卷 第5期","19",NA,"香港"
"晋冀魯豫邊區政府施行土地法大綱補充辦法","群众","1948","第2卷 第2期","6",NA,"香港"
"揭穿蔣介石的牛皮","熊飛","群众","1948","第2卷 第14期","4-5","香港"
"論華南“經建”陰謀的破產","桐廬","群众","1948","第3卷 第1期","11-14","香港"
"蔣美之間：[漫畫]","特偉","群众","1948","第2卷 第1期","4","香港"
"茶亭雜話：悲慘的遺囑","汪老吉","群众","1948","第2卷 第10期","20","香港"
"論宜川大捷（解放軍總部發言人）","群众","1948","第2卷 第10期","1-2",NA,"香港"
"莫斯科談判與柏林危機","喬本","群众","1948","第2卷 第36期","8-9","香港"
"浠水來了兩種軍隊（武漢散記之二）","吳剛","群众","1948","第2卷 第28期","17-19","香港"
"華北解放區工商業會議","群众","1948","第2卷 第31期","9-10",NA,"香港"
"華北解放區形勢图","群众","1948","第2卷 第21期","14",NA,"香港"
"一年來蔣管區的物價波動","閃灼","群众","1948","第49期","21，26","香港"
"茶亭雜話：時流的逆轉","汪老吉","群众","1948","第2卷 第1期","16","香港"
"西北解放軍發表：撤出延安一週年戰績","群众","1948","第2卷 第13期","16",NA,"香港"
"廹害下的自衛鬥爭（上海通訊）","郭敏","群众","1948","第2卷 第18期","20-22","香港"
"“價錢可以商量”：[畫圖]","光天","群众","1948","第2卷 第3期","13","香港"
"茶亭雜話：貝文的焦躁","汪老吉","群众","1948","第2卷 第3期","27","香港"
"讀者與編者：把勝利的旗幟插到金陵","蔣澤","群众","1948","第2卷 第4期","24","香港"
"中共晉冀魯豫中央局對土改整黨與民主運動的指示","薛","群众","1948","第2卷 第9期","1-2","香港"
"爲召開新政協問題：毛主席電覆海外民主人士","毛澤東","群众","1948","第2卷 第31期","2","香港"
"活躍在京滬線上的人民武裝（無錫通訊）","蔭文","群众","1948","第50期","17","香港"
"海外孤兒：越南南部華僑（西貢通訊）","南英","群众","1948","第3卷 第1期","21-22","香港"
"“準備充足”：[漫畫]","文魁","群众","1948","第2卷 第35期","5","香港"
"中共東北中央局關於保護新收復城市的指示（一九四八年六月十日）","群众","1948","第2卷 第24期","6-7",NA,"香港"
"會稽山人民隊伍的成長（杭州通訊）","李英","群众","1948","第2卷 第19期","20-22","香港"
"開封來客一夕談","武思寒","群众","1948","第2卷 第29期","19-20","香港"
"友聲：孫中山到毛澤東（續完）","侯外廬","群众","1948","第2卷 第26期","13-14","香港"
"“幣改”給香港僑商的危害","趙汝忠","群众","1948","第2卷 第46期","13-14","香港"
"這樣的“自由主義”者：[漫畫多幅]","特偉","群众","1948","第2卷 第12期","17","香港"
"跋涉新民錦州間（北平通訊）","佚名","群众","1948","第2卷 第34期","23","香港"
"解放軍進入大別山：（上）進軍在大洪山上：[照片]","王中元 裴植","群众","1948","第2卷 第26期","1","香港"
"董必武同志向國際友人呼籲：制止蔣軍破壞黃河搶險工程","董必武","群众","1948","第2卷 第30期","18","香港"
"袁頭响叮噹（南昌通訊）","揚戈","群众","1948","第2卷 第31期","20","香港"
"雜話蔣朝（南京通訊）","趙世","群众","1948","第2卷 第8期","17-19","香港"
"歐洲各國共產黨情報局關於南斯拉夫共產黨狀况的决議","群众","1948","第2卷 第27期","2-4",NA,"香港"
"來件：華北十三院校學生七五慘案後援會抗議七五慘案宣言","群众","1948","第2卷 第28期","23",NA,"香港"
"蝸樓隨筆：“根本變化”與“變”的謠言","任晦之","群众","1948","第2卷 第28期","14","香港"
"解放淮海之戰","朝新","群众","1948","第2卷 第45期","19-20","香港"
"綏德黃家川初步整黨經驗","群众","1948","第2卷 第26期","9-10",NA,"香港"
"讀者與編者：眞愛國與假愛國","吳蘭","群众","1948","第3卷 第1期","25","香港"
"戰畧重鎮徐州","群众","1948","第2卷 第48期","15",NA,"香港"
"（下）晋冀察解放軍之砲兵隊：[照片]","群众","1948","第2卷 第3期","33",NA,"香港"
"茶亭雜話：認清罪魁禍首","汪老吉","群众","1948","第2卷 第2期","12","香港"
"時評：“金圓券”崩潰了","群众","1948","第2卷 第41期","10-12",NA,"香港"
"展開强大的春季攻勢（附圖）","朝新","群众","1948","第2卷 第10期","9-10","香港"
"茶亭雜話：當塲出彩","汪老吉","群众","1948","第2卷 第16期","17","香港"
"解放區的工人，是新社會的主人：出席參議會的工人代表：[照片]","夏","群众","1948","第2卷 第16期","1","香港"
"讀者與編者：憤怒的歌","顯實","群众","1948","第2卷 第21期","23","香港"
"我們要過年","郭敏","群众","1948","第2卷 第4期","18","香港"
"新生的石家莊","廖永清","群众","1948","第2卷 第3期","31","香港"
"茶亭雜話：要命的地方","汪老吉","群众","1948","第2卷 第9期","16","香港"
"從蘆田到吉田","曾叔元","群众","1948","第2卷 第42期","10-11","香港"
"來件：上海工人協會抗議蔣府蹂躪人權","群众","1948","第2卷 第31期","13",NA,"香港"
"血濺其美路（上海通訊）","郭敏","群众","1948","第2卷 第5期","18-19","香港"
"社論：爲實現華南行動綱領而奮鬥","夏","群众","1948","第2卷 第42期","1-2","香港"
"蓬勃發展的解放區工商業","蕭平","群众","1948","第2卷 第43期","17-18","香港"
"宋美齡的訪美","喬木","群众","1948","第2卷 第48期","12-13","香港"
"李立三同志在勞大報告：關於工運當前任務的總結","群众","1948","第2卷 第36期","2",NA,"香港"
"時評：警告蔣朝的焦土政策","群众","1948","第2卷 第48期","18",NA,"香港"
"蝸樓隨筆：“威信”比法幣貶值得更快","任晦之","群众","1948","第2卷 第25期","19-20","香港"
"讀者與編者：半封建半殖民地國家為什麽不能立刻實行社會主義","伍人 滌新","群众","1948","第2卷 第38期","23","香港"
"（上）活動於蘇皖邊境之水上遊擊隊：[照片]","群众","1948","第2卷 第3期","34",NA,"香港"
"論决定意義的勝利","朝新","群众","1948","第100期","12-14","香港"
"茶亭雜話：奴才的互怨","汪老吉","群众","1948","第2卷 第5期","17","香港"
"中共中原中央局頒佈：減租減息綱領","蔣","群众","1948","第2卷 第40期","1-2","香港"
"從美蘇换文到莫斯科談判","喬木 薛","群众","1948","第2卷 第34期","1-3","香港"
"“血不是水”：“一·四”浙大慘案紀詳（杭州通訊）","石康","群众","1948","第2卷 第1期","17-18","香港"
"美兵毒打小學生（南京通訊）","于時","群众","1948","第2卷 第41期","19-20","香港"
"林彪等電賀曾澤生：東北人民解放軍司令員林彪……","群众","1948","第2卷 第42期","16",NA,"香港"
"革命軍人必須遵守革命紀律，冀中軍區參謀長李波同志受警告處分","群众","1948","第2卷 第42期","19-20",NA,"香港"
"捷克人民怎樣取得勝利的？（布拉格通訊）（附照片）","吳拙申","群众","1948","第2卷 第11期","18-20","香港"
"澈底推翻封建制度紀念三八婦女節","蘇蕙","群众","1948","第2卷 第8期","6-7","香港"
"反對美帝扶日","卓芸 薛","群众","1948","第2卷 第20期","1-3","香港"
"蝸樓隨筆：象徵性的新聞片","任晦之","群众","1948","第2卷 第24期","16","香港"
"官僚資本的南遷與拍賣","懷庶","群众","1948","第2卷 第12期","16-17","香港"
"蝸樓隨筆：和謠","任晦之","群众","1948","第2卷 第29期","12","香港"
"新形勢下的知識分子問題","荃麟","群众","1948","第100期","18-20","香港"
"美帝軍事侵台實况（基隆通訊）","羅西","群众","1948","第2卷 第49期","17-18","香港"
"解放區的司法狀况（上）","史特朗","群众","1948","第2卷 第20期","16-17","香港"
"怒濤洶湧的學運：騎隊衝散遊行隊伍：[照片]","群众","1948","第2卷 第17期","19",NA,"香港"
"北平學生反扶日大示威：凱旋大隊回到北大“民主廣塲”：[照片]","群众","1948","第2卷 第24期","23",NA,"香港"
"蝸樓隨筆：X計劃的擴張","任晦之","群众","1948","第2卷 第32期","21","香港"
"有力的响應（東北通訊）（附照片）","宋曉云","群众","1948","第2卷 第22期","12","香港"
"蔣特在菲島的罪惡（馬尼刺通訊）","思郢","群众","1948","第2卷 第7期","20","香港"
"紀念“二二八”台灣民變","志中","群众","1948","第2卷 第7期","4-6","香港"
"東拼西凑：[漫畫]","米谷","群众","1948","第2卷 第24期","9","香港"
"南逃聲中看廣州（廣州通訊）","辛之","群众","1948","第2卷 第46期","16-18","香港"
"蝸樓隨筆：看不到的和感得到的","任晦之","群众","1948","第2卷 第27期","18","香港"
"劉伯承陳毅陳賡等電賀廖運周","劉伯承 鄧小平 陳毅","群众","1948","第2卷 第48期","14","香港"
"人民記者的鍛鍊","舒翰","群众","1948","第2卷 第34期","11-12","香港"
"和平謠言及政變問題","蕭愷","群众","1948","第2卷 第29期","3-7","香港"
"東北解放軍冬季攻勢戰果：殲敵十五萬六千，收復城市十八座","群众","1948","第2卷 第12期","10",NA,"香港"
"花旗蛇：[漫畫]","米谷","群众","1948","第2卷 第7期","3","香港"
"新華社社論：慶祝東南亞青年代表大會開幕","群众","1948","第2卷 第6期","1-2",NA,"香港"
"山東戰場形勢圖","群众","1948","第2卷 第22期","8",NA,"香港"
"新中國與舊中國：一邊是光明的新中國，在走向勝利：[漫畫多幅]","文魁","群众","1948","第2卷 第23期","17","香港"
"茶亭雜話：最後的“威風”","汪老吉","群众","1948","第2卷 第15期","19","香港"
"解放區的春耕熱潮","墨平","群众","1948","第2卷 第14期","19-20","香港"
"重要的問題在善於學習：介紹列寧論學習經濟工作","陳伯達","群众","1948","第2卷 第47期","3-6","香港"
"覄信：何志民先生：一、地主是指農村中的封建剝削階級……","群众","1948","第50期","25",NA,"香港"
"歲暮看戰塲","朝新","群众","1948","第3卷 第1期","16-17","香港"
"蝸樓隨筆：從“斗零”看時局","任晦之","群众","1948","第2卷 第24期","16","香港"
"讀者與編者：反美帝扶日進行曲（調寄“義勇軍進行曲”）","群众","1948","第2卷 第21期","23",NA,"香港"
"時評：祝華北人民政府成立","群众","1948","第2卷 第36期","7",NA,"香港"
"解放軍十二月份戰績：殲俘蔣軍十八萬人，攻佔城市七十六座，斃俘敵將級軍官十四名","群众","1948","第2卷 第4期","8",NA,"香港"
"茶亭雜話：“滚出去！”","汪老吉","群众","1948","第2卷 第22期","20","香港"
"台灣見聞","憬之","群众","1948","第2卷 第8期","17-19","香港"
"豪門八字開：[畫圖]","特偉","群众","1948","第2卷 第27期","16","香港"
"發展中的雲南民變武裝","庶民","群众","1948","第49期","20","香港"
"“幣制改革” 中的火併（上海通訊）","徐照林","群众","1948","第2卷 第37期","18","香港"
"讀者與編者：香港正報社發起萬元辦報基金樂捐運動","群众","1948","第2卷 第10期","23",NA,"香港"
"賣國親日路線的復活","懷湘","群众","1948","第2卷 第33期","7-8","香港"
"北平學生反扶日大示威：軍警第二次開槍，同學們鎭靜臥倒，無一逃跑：[照片]","群众","1948","第2卷 第24期","23",NA,"香港"
"蘇魯豫皖解放軍司令部發言人：論華東戰局的演變（新華社蘇魯豫皖前線十七日電）","群众","1948","第2卷 第3期","7-8",NA,"香港"
"茶亭雜話：親者與仇者","汪老吉","群众","1948","第2卷 第8期","20","香港"
"讀者與編者：孩子們也起來反抗了","戈軍","群众","1948","第2卷 第8期","23","香港"
"藝術的民族化與現代化的關係：關于“白毛女”的音樂論爭的一點意見","荃麟","群众","1948","第2卷 第28期","15-16","香港"
"疲於奔命：[漫畫]","米谷","群众","1948","第2卷 第29期","9","香港"
"爲保護中國領土主權而戰","林石父","群众","1948","第2卷 第48期","8-11","香港"
"茶亭雜話：展望","汪老吉","群众","1948","第49期","23","香港"
"南京通訊：南京敎授對時局宣言的內幕","一個敎授","群众","1948","第2卷 第13期","19-20","香港"
"華北工商業會議：規定合理税制與徵收辦法","群众","1948","第2卷 第33期","6",NA,"香港"
"解放軍六月份戰績：殲俘蔣軍十五萬餘，收復縣城二十二座","群众","1948","第2卷 第27期","8",NA,"香港"
"讀者與編者：覆信：一文先生：有關經濟的問題……","群众","1948","第2卷 第14期","23",NA,"香港"
"廿年江湖獨脚戲：[漫畫]","米谷","群众","1948","第2卷 第15期","2","香港"
"新華社社論：恢復和發展中等教育是當前重大政治任務","群众","1948","第2卷 第41期","13-14",NA,"香港"
"蝸樓隨筆：戰爭中的新事象","任晦之","群众","1948","第2卷 第42期","17","香港"
"反對美帝扶日與干涉敎育干涉敎育（上海通訊）","楚揚","群众","1948","第2卷 第22期","13-14","香港"
"晉冀魯豫中央局對太岳區黨委指示糾正左傾冒險主義的偏向","群众","1948","第2卷 第17期","5-6",NA,"香港"
"走向對全局决定性的勝利","朝新","群众","1948","第2卷 第41期","4-7","香港"
"慶祝全國解放區工代會的開幕","方方 姜","群众","1948","第2卷 第22期","1-2","香港"
"爲拯救法國的災難而鬥爭：法國共產黨中央委員會於四月十五日在占納維利埃城舉行會議後公佈的决議案","梁桓","群众","1948","第2卷 第18期","8-9","香港"
"爲反失學而鬥爭（上海通訊）","郭敏","群众","1948","第2卷 第9期","21","香港"
"雜談方言文學","茅盾","群众","1948","第2卷 第3期","15-16","香港"
"介紹我們的勞工補習夜校","小英","群众","1948","第2卷 第16期","6-8","香港"
"據江而守？：[漫畫]","石東","群众","1948","第100期","11","香港"
"蝸樓隨筆：貝文生氣的故事、江湖醫生的爭奪戰……","任晦之","群众","1948","第2卷 第23期","17-18","香港"
"任擇一條：[漫畫]","石東","群众","1948","第2卷 第42期","6","香港"
"美帝國主義對台灣的侵略","林以民","群众","1948","第2卷 第7期","5-6","香港"
"解放軍南下大反攻：（右）過黃泛區：[照片]","群众","1948","第2卷 第25期","1",NA,"香港"
"蔣朝的“幣改”完全潰敗了","許滌新","群众","1948","第2卷 第44期","6-8","香港"
"整頓我們的隊伍：聶榮臻同志在晋察冀邊區土地會議上的開幕詞","聶榮臻","群众","1948","第49期","8-9","香港"
"朱總司令覆電：人民解放軍朱總司令頃電覆吳化文軍長等通電稱……","朱德","群众","1948","第2卷 第42期","16","香港"
"蝸樓隨筆：答客問（一）：甲：看樣子，三次大戰是打不起來了……","任晦之","群众","1948","第2卷 第31期","14","香港"
"華北解放區的建立","朝新","群众","1948","第2卷 第21期","12-13","香港"
"讀者與編者：從新聞救國談起","黃敏之","群众","1948","第50期","24","香港"
"談庸俗","黄磷","群众","1948","第2卷 第49期","20","香港"
"民兵擺戰塲：[詩歌]","史行 次歐","群众","1948","第2卷 第15期","22-23","香港"
"從上海漲風說蔣朝經濟","徐照林","群众","1948","第2卷 第20期","11-13","香港"
"茶亭雜話：半中半美的","汪老吉","群众","1948","第2卷 第7期","19","香港"
"開門揖盜：[漫畫]","米谷","群众","1948","第2卷 第24期","14","香港"
"科學家與政治問題","曾昭掄","群众","1948","第2卷 第33期","12","香港"
"晋察冀邊區政府保護工商業指示","群众","1948","第2卷 第14期","3",NA,"香港"
"紀念孫中山消滅×××！","群众","1948","第2卷 第9期","15",NA,"香港"
"怎樣看李宗仁","蕭愷","群众","1948","第2卷 第22期","4-6","香港"
"騙不過老百姓的眼睛：[漫畫多幅]","米谷","群众","1948","第2卷 第28期","22","香港"
"記蔣管區全國郵工代表大會（上海通訊）","史慧","群众","1948","第2卷 第2期","10","香港"
"“幣制改革”與職工生活","懷庶","群众","1948","第2卷 第37期","13-14","香港"
"小談時局（上海通訊）","徐照林","群众","1948","第2卷 第43期","20-21","香港"
"動盪中的暹羅政局（曼谷通訊）","秋虹","群众","1948","第2卷 第44期","23，15-16","香港"
"歷代祖宗：[畫圖]","文魁","群众","1948","第2卷 第16期","10","香港"
"算一筆歷史賬","懷湘","群众","1948","第2卷 第26期","3-5，22","香港"
"英美工業合作之謎（倫敦通訊）","太阿","群众","1948","第2卷 第39期","22-23","香港"
"石家莊的妓女：遊戲：[照片]","群众","1948","第2卷 第25期","17",NA,"香港"
"國際婦女民主聯合會執委會關于中國及亞洲婦女的決定：自右至左：尤琴·考登夫人（國際婦聯主席）、陶樂列斯·伊巴露里（副主席）……：[照片]","群众","1948","第2卷 第29期","16",NA,"香港"
"短兵相接的反迫害鬥爭（昆明通訊）","張崑","群众","1948","第2卷 第30期","25-26，10","香港"
"“來呀！”：[漫畫]","米谷","群众","1948","第2卷 第26期","4","香港"
"中共中央發言人評民盟與國民黨革命委員會的新綱領","群众","1948","第2卷 第9期","2",NA,"香港"
"香港工人的反美帝扶日運動","魯保","群众","1948","第2卷 第25期","19-21","香港"
"要積極不要犯急性病（晋察冀日報一月九日社論）","群众","1948","第2卷 第5期","11",NA,"香港"
"友聲：實現華南人民利益的正確政策","丘哲","群众","1948","第2卷 第43期","9-10","香港"
"爭自治，反迫害！：記正大所謂侮辱“元首”事件","揚戈","群众","1948","第2卷 第18期","20-22","香港"
"“反帝爲主”的解說：修正“反帝反封建的分別與統一”一文的結論","方方","群众","1948","第2卷 第44期","15-16","香港"
"粉碎美蔣的和謠","懷湘","群众","1948","第2卷 第44期","9-11","香港"
"“紅軍為啥哩還不來？”（醴陵通訊）","張章","群众","1948","第2卷 第41期","23","香港"
"讀者與編者：一首小詩、覄信：越南福安先生：你的問題，需要請敎醫生……","左木","群众","1948","第2卷 第2期","17","香港"
"“收購”銀行商股的内幕（上海通訊）","徐照林","群众","1948","第2卷 第36期","22","香港"
"一個適應時地的正碓綱領（友聲）：讀“華南人民武裝當前行動綱領”之後","彭澤民","群众","1948","第2卷 第46期","17-18","香港"
"東北日報號召東北人民爲完全解放東北而戰","群众","1948","第2卷 第11期","12",NA,"香港"
"從開封之戰看人獸的分水嶺","韋芝","群众","1948","第2卷 第27期","11-13","香港"
"揭露李宗仁的眞面目","火盧","群众","1948","第2卷 第24期","13-15","香港"
"蔣介石的錯覺：[漫畫二幅]","米谷 M. K.","群众","1948","第2卷 第11期","6","香港"
"讀者與編者：大變化前夕的上海","魯聲濤","群众","1948","第2卷 第4期","24","香港"
"中共中央發言人爲黃河問題緊急呼籲（新華社陝北七月廿五日電）","群众","1948","第2卷 第30期","17-18",NA,"香港"
"法郎貶值與資本主義世界的矛盾","許滌新","群众","1948","第2卷 第5期","3-6","香港"
"華北山東西北解放區成立人民銀行發行統一貨幣","群众","1948","第2卷 第48期","2",NA,"香港"
"杜威失敗的意義何在","喬木","群众","1948","第2卷 第44期","12-14","香港"
"東北·華東解放軍秋季攻勢形勢图","群众","1948","第2卷 第37期","9",NA,"香港"
"茶亭雜話：付出的代價","汪老吉","群众","1948","第2卷 第16期","17","香港"
"斥僞自由主義者","赫勃特·厄伯斯克","群众","1948","第2卷 第15期","17-18，23","香港"
"中國人民的第一號公敵“人民公敵（畧三字）”第一章","陳伯達","群众","1948","第2卷 第45期","14-15","香港"
"請試新刀：[漫畫]","米谷","群众","1948","第2卷 第7期","10","香港"
"爲爭取民主而鬥爭","陶格里亞特 米蘭","群众","1948","第2卷 第15期","15-16","香港"
"粤桂邊境人民在血海中（粤桂南通訊）","林紹賢","群众","1948","第2卷 第45期","22-23","香港"
"暹華人民初步反攻的勝利（曼谷通訊）","秋虹","群众","1948","第2卷 第5期","22-23","香港"
"炮聲震撼石頭城（南京通訊）","温奇","群众","1948","第2卷 第39期","17-18","香港"
"全世界工人大團結：參加世界工聯執行局會議的中國解放區代表劉寧一氏：[照片]","群众","1948","第2卷 第16期","23",NA,"香港"
"晉察冀邊區農會臨時代表會告農民書","群众","1948","第2卷 第1期","7-8",NA,"香港"
"解放軍進入大別山：（上）進入大別山：[照片]","王中元 裴植","群众","1948","第2卷 第26期","1","香港"
"茶亭雜話：想發橫財者","汪老吉","群众","1948","第2卷 第18期","15-16","香港"
"上海工人協會電賀解放區職工代表大會","群众","1948","第2卷 第22期","3",NA,"香港"
"茶亭雜話：美國的暗雲","汪老吉","群众","1948","第2卷 第4期","20-21","香港"
"十人橋：堰頭鎮（宿遷西北八十里）……","黎明","群众","1948","第100期","27","香港"
"友聲：論中國官僚資本主義（續）","康仲平","群众","1948","第2卷 第39期","13-14","香港"
"饑餓的孤城：搶劫殺人、趕快投誠吧：[漫畫多幅]","群众","1948","第2卷 第40期","18，0",NA,"香港"
"華僑經濟與新民主主義建設","蔡馥生","群众","1948","第2卷 第36期","5-7","香港"
"東北全面解放近了：東北解放軍發言人總結一年戰績","群众","1948","第50期","9-10",NA,"香港"
"國際學聯代表在上海","學新","群众","1948","第2卷 第20期","19-21","香港"
"蔣宋出賣華南的新階段（廣州通訊）（附圖）","辛之","群众","1948","第2卷 第14期","13-14","香港"
"沒有“筆”的悲哀","默涵","群众","1948","第2卷 第15期","8","香港"
"社論：戳穿反動派的無耻造謠","夏","群众","1948","第2卷 第49期","1-2","香港"
"陳雲同志在勞大報告：中國職工運動的當前任務","琳","群众","1948","第2卷 第32期","1","香港"
"變·分化·出路（北平通訊）","穎梅","群众","1948","第2卷 第32期","18-20","香港"
"思想漫步：并無捷徑可走","懷湘","群众","1948","第49期","13","香港"
"露出了原形：思想漫步","懷湘","群众","1948","第2卷 第5期","15-16","香港"
"民主聖地延安光復：延安楊家嶺中共中央大禮堂：[照片]","群众","1948","第2卷 第18期","23",NA,"香港"
"蝸樓隨筆：赤裸的國王：南京的“幣改”早已經發展到硬搶硬奪……","任晦之","群众","1948","第2卷 第36期","20","香港"
"廣東反動派系的今昔","顏孫","群众","1948","第100期","21-24","香港"
"內蒙解放道路和黨的民族政策：在內蒙幹部會議上的講話：中共中央委員高崗同志：[照片]","群众","1948","第2卷 第48期","3",NA,"香港"
"華北大戰的前夕","朝新","群众","1948","第2卷 第49期","6-7","香港"
"撕破僞“自由份子”的面具：評中國社會經濟研究會","懷湘","群众","1948","第2卷 第14期","14-16","香港"
"是誰在製造天災？","古念良","群众","1948","第2卷 第38期","11-12","香港"
"民主聖地延安光復：一張有歷史意義的照片：在延安南門外的群衆大會上，前排自右至左：陳雲、李富春、林伯渠、毛澤東、王稼祥、吳玉章、王明、康生、海員工人的老前輩朱寶庭（已故）：[照片]","群众","1948","第2卷 第18期","23",NA,"香港"
"同濟大學的懷念晚會（上海通訊）","吳祺","群众","1948","第2卷 第11期","22-23","香港"
"走下坡的羅哈斯（馬尼刺通訊）","思郢","群众","1948","第2卷 第4期","22","香港"
"大北山軍民保護秋收（潮汕通訊）","廬堅","群众","1948","第100期","16-17","香港"
"從濟南解放看秋戰塲","朝新","群众","1948","第2卷 第38期","3-4","香港"
"土地改革中的幾個問題：中共中央委員任弼時同志：[照片]","群众","1948","第2卷 第12期","1",NA,"香港"
"蝸樓隨筆：這一塲賭","任晦之","群众","1948","第2卷 第43期","16","香港"
"黎明前的四川（重慶通訊）","長工","群众","1948","第2卷 第22期","21-23","香港"
"美蔣雙邊協定的分析","許滌新","群众","1948","第2卷 第28期","7-9","香港"
"來件：上海工人協會再次抗議蔣政府殘害上海職工宣言","群众","1948","第2卷 第20期","22",NA,"香港"
"中共中央電賀解放區工人代表大會（一九四八年七月廿九日）","群众","1948","第2卷 第30期","21",NA,"香港"
"借屍還魂的鬼把戲（上海通訊）","郭敏","群众","1948","第100期","30-31","香港"
"做一個人民解放軍的宣教工作者","木易","群众","1948","第3卷 第1期","23-24","香港"
"王孝和：英勇工人的典型：[畫圖]","米谷","群众","1948","第2卷 第40期","1","香港"
"茶亭雜話：悲鳴之聲","汪老吉","群众","1948","第2卷 第1期","16","香港"
"讀者與編者：關於五月學運的更正","群众","1948","第50期","24-25",NA,"香港"
"親自出馬：[畫圖]","米谷","群众","1948","第2卷 第22期","13","香港"
"中共中央電賀宜川大捷","群众","1948","第2卷 第9期","7",NA,"香港"
"全世界工人大團結：世界職工大會在捷克京城閉幕後，捷京工人大示威：[照片]","群众","1948","第2卷 第16期","23",NA,"香港"
"人民解放軍總部總結公報：第四號：俘斃蔣軍將級軍官名單","群众","1948","第2卷 第30期","9-10",NA,"香港"
"東北解放區土地改革概况","醒華","群众","1948","第50期","13-14","香港"
"揭穿所謂勤儉運動的大陰謀","蔡馥生","群众","1948","第2卷 第39期","7-8","香港"
"讀者與編者：我們要活得像一個人（國立浙江大學學行自治會人權保障委員會成立宣言）","群众","1948","第2卷 第1期","23",NA,"香港"
"李振亞同志永垂不朽","黎明","群众","1948","第2卷 第49期","11-12","香港"
"最後的晚__：[漫畫]","米谷","群众","1948","第2卷 第37期","5","香港"
"在崩潰的邊緣上，掙扎救不了命（南京通訊）","温奇","群众","1948","第2卷 第35期","15-17","香港"
"更大的掠奪與無限的膨脹","許滌新","群众","1948","第2卷 第45期","16-18","香港"
"人民解放軍總部總結公報：第二號：解放區两年發展統計","群众","1948","第2卷 第30期","7-8",NA,"香港"
"淮海解放戰形勢圖","群众","1948","第2卷 第45期","20",NA,"香港"
"戰鬥中的小故事（廣東中區前線通訊）","葉茵","群众","1948","第2卷 第46期","23","香港"
"南昌的形形色色（南昌通訊）","揚戈","群众","1948","第2卷 第14期","17-18","香港"
"藝術的民族化與現代化的關係（續完）：關於“白毛女”的音樂論爭的一點意見","荃麟","群众","1948","第2卷 第29期","17-18","香港"
"“七五”血案續聞（北平通訊）：無食無書的生活、他們準備集體坐牢","趙國棟","群众","1948","第2卷 第30期","25-26","香港"
"茶亭雜話：“大國”的悲哀","汪老吉","群众","1948","第2卷 第2期","12","香港"
"怒濤洶湧的學運：反饑餓大遊行，要求吃飽飯！：[照片]","群众","1948","第2卷 第17期","19",NA,"香港"
"“不要緊，老朋友，有我在，他們沒法聲張的！”：[畫圖]","米谷","群众","1948","第2卷 第21期","11","香港"
"灰暗的霧幕（曼谷通訊）","許之","群众","1948","第2卷 第49期","19","香港"
"就算和棋吧？：[漫畫]","文魁","群众","1948","第100期","10","香港"
"解放區的鐵路有多長（解放區報導）","林賽","群众","1948","第2卷 第9期","15，17-19","香港"
"陝北權威人士提出首要戰犯名單（新華社陝北二十五日電）","群众","1948","第3卷 第1期","5",NA,"香港"
"解放軍十月份戰績：殲俘蔣軍五十四萬（附圖）","群众","1948","第2卷 第49期","3-5",NA,"香港"
"中共中央唁電：本年九月，中國人民解放軍瓊崖縱隊副司令員李振亞同志在海南島東南陵……","群众","1948","第2卷 第49期","12",NA,"香港"
"石家莊的妓女：插秧歌：[照片]","群众","1948","第2卷 第25期","18",NA,"香港"
"獸機又臨頭上了（漢口通訊）","喬山","群众","1948","第2卷 第40期","19","香港"
"廣州的配糧（廣州通訊）","黄愼","群众","1948","第2卷 第49期","16","香港"
"茶亭雜話：“小屋子”","汪老吉","群众","1948","第2卷 第15期","19","香港"
"南共領導集團修改馬列主義學說：歐洲共產黨情報局機關刊專論","葉群","群众","1948","第2卷 第47期","19-21","香港"
"美貨在上海的影响（上海通訊）","徐照林","群众","1948","第2卷 第22期","18-19","香港"
"華瑩山的火種（重慶通訊）","古蒂","群众","1948","第2卷 第41期","21-22","香港"
"（中）被俘虜之蔣軍一部正排隊待飯：[照片]","群众","1948","第2卷 第3期","34",NA,"香港"
"國民黨的外交姿態：[漫畫三幅]","特偉","群众","1948","第2卷 第6期","13","香港"
"友聲：土地改革與民主統一戰線","譚平山","群众","1948","第2卷 第9期","12-15","香港"
"解放區的工人，是新社會的主人：爲前線將士裁製毛呢軍衣：[照片]","群众","1948","第2卷 第16期","1",NA,"香港"
"內蒙解放道路和黨的民族政策：在內蒙幹部會議上的講話（附照片）","高崗","群众","1948","第2卷 第48期","3-7","香港"
"茶亭雜話：光明在東方","汪老吉","群众","1948","第2卷 第4期","20","香港"
"越僑的慘痛生活（西貢通訊）","海天","群众","1948","第2卷 第30期","27","香港"
"日本國内情勢：日本共產黨第六次黨大會政治報告","德田球一 D.C.","群众","1948","第2卷 第31期","15-17","香港"
"東南亞青年大會通過：工人、農民、學生青年的要求憲章","群众","1948","第2卷 第13期","11",NA,"香港"
"東北解放區一九四八年經濟建設基本計劃大綱要點","群众","1948","第50期","7-8",NA,"香港"
"讀者與編者：偉大的人民領袖","郭紹虞","群众","1948","第2卷 第1期","23","香港"
"十月革命與中國","A·亞歷山大洛夫 煙波","群众","1948","第2卷 第43期","11-12","香港"
"畧論山東的夏季攻勢","朝新","群众","1948","第2卷 第24期","11-12","香港"
"時評：三位一體的蔣、美、日","群众","1948","第2卷 第23期","15-16",NA,"香港"
"變不出新花樣","懷湘","群众","1948","第2卷 第30期","19-21","香港"
"戰鬥小故事：一、不叫敵人過沙河","群众","1948","第2卷 第24期","5",NA,"香港"
"東北全部解放·加速全國勝利（社論）","群众","1948","第2卷 第44期","3-4",NA,"香港"
"讀者與編者：向西北人民解放軍致敬","王子強 李薪知","群众","1948","第2卷 第14期","22-23","香港"
"自衛軍山歌：[詩歌]","高敏夫","群众","1948","第2卷 第15期","22","香港"
"法軍在越北冬季攻勢的慘敗（附圖）","里昂","群众","1948","第2卷 第9期","10-11","香港"
"警惕美帝的变化侵畧","伍啓明","群众","1948","第2卷 第17期","15-16","香港"
"饑餓線上的故都學府（北平通訊）","王顧明","群众","1948","第2卷 第2期","13-14","香港"
"“各位同胞，一切都應貢獻給“國家”！”：[漫畫]","文魁","群众","1948","第2卷 第38期","13","香港"
"中國共産黨中央宣傳部：關於紀念“七一”和“七七”的通知","群众","1948","第2卷 第26期","2",NA,"香港"
"訪問起義之師（海豐通訊）：記一個軍統官佐率師起義（附照片）","烏門","群众","1948","第2卷 第47期","15-16","香港"
"金陵百醜圖（南京通訊）","子時","群众","1948","第2卷 第14期","9-10","香港"
"教授們活不下去了","思穎","群众","1948","第2卷 第15期","13-14","香港"
"北平大血案（北平通訊）","杜霞","群众","1948","第2卷 第27期","19-20","香港"
"晋中解放軍偉大勝利：一個月解放縣城十一座，殲敵四個軍部七個整師","群众","1948","第2卷 第28期","9",NA,"香港"
"蝸樓隨筆：戰謠","任晦之","群众","1948","第2卷 第29期","12","香港"
"讀者與編者：再前進（調寄“我們都是小火星”）","群众","1948","第2卷 第21期","23",NA,"香港"
"讀者與編者：北大女生座談：從女奴到女人","群众","1948","第2卷 第21期","23",NA,"香港"
"遼西走廊的爭奪戰","朝新","群众","1948","第2卷 第5期","15-16","香港"
"上海三次羣眾鬥爭（時評）","群众","1948","第2卷 第5期","2",NA,"香港"
"蝸樓隨筆：記住那些劊子手","任晦之","群众","1948","第2卷 第39期","21","香港"
"覄信：何志民先生：剩下兩個問題，答覆如下：一、土地分配後……","群众","1948","第2卷 第1期","23",NA,"香港"
"等待四大家族的圈圈：[畫圖]","文魁","群众","1948","第2卷 第27期","13","香港"
"延安解放與西北攻勢","朝新","群众","1948","第2卷 第16期","12","香港"
"茶亭雜話：今後如何","汪老吉","群众","1948","第2卷 第16期","17","香港"
"解放軍二月份戰績殲滅蔣軍十萬，克縣城卅六座","群众","1948","第2卷 第14期","9-10",NA,"香港"
"十萬大山的民兵戰（粤桂南通訊）","林紹賢","群众","1948","第2卷 第49期","13-14","香港"
"時評：血債只有用血來償還：抗議敵機的暴行","群众","1948","第2卷 第39期","12",NA,"香港"
"總統：[漫畫]","米谷","群众","1948","第2卷 第17期","3","香港"
"蔣經國走向失敗（上海通訊）","温奇","群众","1948","第2卷 第37期","15-17","香港"
"毛澤東的革命軍事思想：“中國革命戰爭的戰畧問題”等讀書筆記","蕭農","群众","1948","第2卷 第3期","24-26","香港"
"天亮之前（北平通讯）","維農","群众","1948","第2卷 第47期","22，16","香港"
"捷克人民怎樣取得勝利的？（布拉格通訊）：在胡薩銅象前群衆聆聽高特瓦爾德演講：[照片]","吳拙申","群众","1948","第2卷 第11期","19","香港"
"土地改革中的幾個問題：一九四八年一月十二日在西北野戰軍前綫委員會擴大會議上的講話（附照片）","任弼時 夏","群众","1948","第2卷 第12期","1-9","香港"
"友聲：孫中山到毛澤東：爲偉大的廿七年歷史創作而作（未完）","侯外廬","群众","1948","第2卷 第25期","7-8","香港"
"美國大選與進步黨","端納","群众","1948","第2卷 第31期","18-19","香港"
"華北臨時人民代表大會上薄一波同志報告施政方針","群众","1948","第2卷 第42期","13-14",NA,"香港"
"關於中國職工運動當前任務的决議案：第六次全國勞動大會八月一日通遏","群众","1948","第2卷 第46期","6-9",NA,"香港"
"反對新“日汪協定”","喬木","群众","1948","第2卷 第27期","6-7","香港"
"大巴山以內（重慶通訊）","巴波","群众","1948","第2卷 第30期","24-23","香港"
"淮海前線大歼滅戰圖","群众","1948","第2卷 第49期","7",NA,"香港"
"“綏靖會議”種種（南京通訊）","于時","群众","1948","第2卷 第12期","18-19","香港"
"破船上的海盜們（南京通訊）","温奇","群众","1948","第2卷 第32期","16-17","香港"
"平津解放軍約法八章：中國人民解放軍平津前綫司令部佈告（一九四八年十二月二十二日）","林彪 羅榮桓","群众","1948","第3卷 第1期","6","香港"
"愛國運動的新高漲（新華社社論）","琳","群众","1948","第2卷 第24期","1-2","香港"
"新華社記者評：蔣府”改革幣制“","群众","1948","第2卷 第34期","4",NA,"香港"
"蝸樓隨筆：美國影片與可口可樂","任晦之","群众","1948","第2卷 第26期","17","香港"
"千奇百怪的猪仔大會","尹潮聲","群众","1948","第2卷 第12期","14-15","香港"
"人民解放軍，兵强馬又壯：（上）在挺進中的我華北騎兵團：[照片]","蔣","群众","1948","第2卷 第3期","1","香港"
"階級關係與統一戰線","漢夫 琳","群众","1948","第2卷 第2期","1-3","香港"
"讀者與編者：又一臧大二子事件","郭軍","群众","1948","第2卷 第23期","22-23","香港"
"觧放軍春季攻势戰果图：[地圖]","群众","1948","第2卷 第13期","15",NA,"香港"
"日共為民主的日本而戰","Losio Kodzada","群众","1948","第2卷 第36期","16-17","香港"
"一九三三年的兩個文件：第二個文件：關於土地鬥爭中一些問題的决定","群众","1948","第2卷 第23期","2-8",NA,"香港"
"論蔣管區職工運動新動向","子明 薛","群众","1948","第2卷 第4期","1-4","香港"
"華北臨時人民代表大會上董必武致開幕詞","群众","1948","第2卷 第35期","1-2",NA,"香港"
"記清華園（北平通訊）","向日","群众","1948","第2卷 第45期","22-23","香港"
"”幣制改革“、物價、與人民生活","蔡馥生","群众","1948","第2卷 第34期","5-7","香港"
"讀者與編者：滾他媽（調寄“當田賣地要取她”）","群众","1948","第2卷 第21期","23",NA,"香港"
"大迫害開始了","卓芸","群众","1948","第2卷 第33期","9-10","香港"
"“正”“副”搭當：[畫圖]","米谷","群众","1948","第2卷 第22期","5","香港"
"徐向前將軍論臨汾戰役：徐向前將軍：[照片]","群众","1948","第2卷 第22期","7",NA,"香港"
"蔣政權還能革新嗎？","蕭愷","群众","1948","第2卷 第25期","9-11","香港"
"在烟幕下面進行的勾當：[畫圖]","特偉","群众","1948","第2卷 第3期","30","香港"
"蝸樓隨筆：幾付面孔","任晦之","群众","1948","第2卷 第35期","18","香港"
"美帝扶日眞相（未完）","群众","1948","第2卷 第33期","13-14",NA,"香港"
"時評：祝中國人民銀行的成立","群众","1948","第2卷 第48期","17",NA,"香港"
"茶亭雜話：自由主義者三題","汪老吉","群众","1948","第2卷 第7期","19","香港"
"時評：反對美蒋秘密賣國談判","群众","1948","第2卷 第4期","14-15",NA,"香港"
"讀者與編者：台灣人民要的是什麽","鄭谷城","群众","1948","第2卷 第4期","24","香港"
"全世界工人大團結：南斯拉夫青年鐵路落成，群衆熱烈慶祝：[照片]","群众","1948","第2卷 第16期","23",NA,"香港"
"美帝扶日眞相（續完）","群众","1948","第2卷 第35期","21-23",NA,"香港"
"香港工人對於“五一號召”的响應","魯保","群众","1948","第2卷 第22期","11，23","香港"
"徐向前將軍論臨汾戰役（附照片）","群众","1948","第2卷 第22期","7",NA,"香港"
"茶亭雜話：關店大跌價","汪老吉","群众","1948","第2卷 第18期","15","香港"
"“歡迎賞光參加……”：[漫畫]","文魁","群众","1948","第100期","9","香港"
"瀋陽外圍解放軍攻势图：[地圖]","群众","1948","第2卷 第7期","16",NA,"香港"
"保衛民主的學治會（北平通訊）","李洛","群众","1948","第2卷 第7期","17-18","香港"
"護工隊大檢閱（上海通讯）","朱阿毛","群众","1948","第2卷 第4期","13","香港"
"思想漫步：倒翻這個垃圾桶","懷湘","群众","1948","第2卷 第4期","14-15","香港"
"茶亭雜話：最後的奇想","汪老吉","群众","1948","第2卷 第9期","16","香港"
"歐遊漫記：捷克的工業國有和工人","寧一","群众","1948","第2卷 第1期","19-20","香港"
"杜魯門杜塞了和平之門：[漫畫]","米谷","群众","1948","第2卷 第20期","4","香港"
"時評：張羣在日本幹什麼？","群众","1948","第2卷 第34期","2",NA,"香港"
"“幣制改革”給予上海人民的是什麼（上海通訊）","徐照林","群众","1948","第2卷 第35期","13-14","香港"
"佈置爪牙統治學府（南昌通訊）","古力","群众","1948","第2卷 第34期","22-23","香港"
"華北臨時人民代表大會上：聶榮臻將軍的軍事報告","夏","群众","1948","第2卷 第36期","1","香港"
"瀋北大捷之後","朝新","群众","1948","第2卷 第2期","7","香港"
"爲什麽要平均分配土地","許滌新","群众","1948","第2卷 第6期","9-11","香港"
"解放軍接收瀋陽詳情","群众","1948","第2卷 第48期","11",NA,"香港"
"讀者與編者：由黑暗走向光明","徐 馬","群众","1948","第2卷 第48期","23","香港"
"時評：同情平津大學教授的反飢餓運動","群众","1948","第2卷 第43期","8",NA,"香港"
"全世界革命力量團結起來反對帝國主義的侵畧：給“持久和平與人民民主”雜誌紀念十月革命三十一週年專號所寫的論文（附照片）","毛澤東 蔣","群众","1948","第2卷 第44期","1-2","香港"
"事實勝於謠言","文山","群众","1948","第2卷 第49期","21","香港"
"（下）嚴寒裡，英武的解放軍用葦桿紮成“冰床”戰鬥在銀色的冰河上：[照片]","群众","1948","第2卷 第3期","34",NA,"香港"
"關於金圓券的幾個問題","李金__ 滌新","群众","1948","第2卷 第37期","13-14","香港"
"讀者與編者：覆信：彭雲先生：所謂“兩條戰線鬥爭”……","群众","1948","第100期","7",NA,"香港"
"人民解放軍總部總結公報：第三號：敵我兵力損失比較","群众","1948","第2卷 第30期","8",NA,"香港"
"蝸樓隨筆：候鳥","任晦之","群众","1948","第2卷 第37期","12","香港"
"年尾漲風緊（廣州通訊）","黃愼","群众","1948","第3卷 第1期","13-14","香港"
"“四·九”血案與大示威（北平通訊）","黎旭","群众","1948","第2卷 第15期","20-21","香港"
"蔣日的勾結","舒翰","群众","1948","第2卷 第15期","4-5","香港"
"“刑”憲：[畫圖]","文魁","群众","1948","第2卷 第16期","11","香港"
"一年來美國的侵華活動","王宗一","群众","1948","第2卷 第1期","9-10","香港"
"看戰局新動向","朝新","群众","1948","第2卷 第3期","18-20","香港"
"怒濤洶湧的學運：群衆高呼：“美國兵，滾出去！”：[照片]","群众","1948","第2卷 第17期","19",NA,"香港"
"解放區的工人，是新社會的主人：勞動英雄大會：[照片]","群众","1948","第2卷 第16期","1",NA,"香港"
"新中國在大步前進","許滌新","群众","1948","第100期","3-7","香港"
"老巴奪（解放區報導）","林賽","群众","1948","第2卷 第5期","20-21","香港"
"他們在向前挺進（續完）","史特朗 孫進一","群众","1948","第2卷 第1期","21-22","香港"
"孤島寡人：[漫畫]","蕭化","群众","1948","第2卷 第10期","19","香港"
"解放區的工人，是新社會的主人：兵工廠工人努力生産：[照片]","群众","1948","第2卷 第16期","1",NA,"香港"
"“油盡燈枯”的時候（上海通訊）","徐照林","群众","1948","第2卷 第47期","23","香港"
"吳化交將軍起義通電","群众","1948","第2卷 第42期","15-16",NA,"香港"
"從優勢到劣勢的蔣軍","懷湘","群众","1948","第2卷 第40期","3-5","香港"
"國際婦女民主聯合會執委會關於中國及亞洲婦女的决定（附照片）","江楓","群众","1948","第2卷 第29期","15-16，18","香港"
"石頭城上的“和平”迷霧（南京通訊）","温奇","群众","1948","第2卷 第29期","8-11","香港"
"茶亭雜話：關於孩子","汪老吉","群众","1948","第2卷 第20期","18","香港"
"美、日、蔣協同禮：[漫畫]","文魁","群众","1948","第2卷 第20期","3","香港"
"中央社的“捷”報：[畫圖]","米谷","群众","1948","第2卷 第27期","12","香港"
"血腥的牯嶺（南京通訊）","温奇","群众","1948","第2卷 第33期","15-16","香港"
"“幣制改革”前的上海市塲（上海通訊）","徐照林","群众","1948","第2卷 第33期","17","香港"
"消滅官僚資本：[畫圖]","米谷","群众","1948","第2卷 第3期","14","香港"
"開門請進！：[漫畫]","米谷","群众","1948","第2卷 第34期","10","香港"
"在晉綏幹部會議上的講話：有關晉綏工作和全國工作的問題（一九四八年四月一日）：毛澤東同志：[照片]","群众","1948","第2卷 第18期","2",NA,"香港"
"加强黨，成爲統一的全國人民民主政權的領導政黨：紀念“七一”","方方","群众","1948","第2卷 第25期","2-4","香港"
"蝸樓隨筆：不要笑得太早","任晦之","群众","1948","第2卷 第26期","17","香港"
"現實推他們前進（成都通訊）","未名","群众","1948","第2卷 第46期","21","香港"
"中國共產黨中央委員會關於南斯拉夫共產黨問題的决議（一九四八年七月十日）","夏","群众","1948","第2卷 第27期","1","香港"
"友聲：區別資產階級的大中小沒有必要嗎？（附表）","胡芮莨","群众","1948","第2卷 第27期","15-17","香港"
"東北行政委員會頒佈闗於教育工作的指示","群众","1948","第2卷 第47期","18",NA,"香港"
"華北大學的學習和生活（續）","以空","群众","1948","第3卷 第1期","18-20","香港"
"覄信：蕭華先生：你們遠在海外，對於土地法大綱和國內的土地改革運動這樣關心……","群众","1948","第49期","26",NA,"香港"
"燕京的“不愉快”事件（北平通訊）","燕人","群众","1948","第2卷 第16期","19-21","香港"
"讀者與編者：熱情的援助","曲力克 楊也人","群众","1948","第2卷 第16期","22","香港"
"要做革命行動家不做革命清談家：略論蔣管區當前群衆鬥爭","方方","群众","1948","第2卷 第17期","7-8","香港"
"四顧茫茫：[漫畫]","文魁","群众","1948","第2卷 第23期","20","香港"
"反對經驗主義","艾思奇 薛","群众","1948","第2卷 第28期","1-5","香港"
"打翻了熼缸（南京通訊）","于時","群众","1948","第2卷 第17期","18","香港"
"五月學運的新發展","何家仁","群众","1948","第2卷 第22期","15-17","香港"
"展望東北戰局","朝新","群众","1948","第2卷 第6期","13-14","香港"
"讀者與編者：支援祖國的兄弟戰友們","黄敏之","群众","1948","第2卷 第6期","21","香港"
"解放軍進入大別山：（下）戰士幫助大別山居民勞作：[照片]","王中元 裴植","群众","1948","第2卷 第26期","1","香港"
"第三屆聯合國大會","喬木","群众","1948","第2卷 第40期","6-7","香港"
"粮荒威脅下的天津（天津通訊）","李洛","群众","1948","第2卷 第42期","21-22","香港"
"東北人力物力分佈概圖：[地圖]","群众","1948","第2卷 第15期","9-10",NA,"香港"
"讀者與編者：揭露美帝的宗教侵略","湯鴻鈞","群众","1948","第2卷 第19期","19，10","香港"
"不離其宗：[漫畫]","米谷","群众","1948","第2卷 第30期","5","香港"
"廣東人民武裝的發展與現勢","藍川","群众","1948","第2卷 第38期","8-10","香港"
"民主聖地延安光復：在朱德總司令所住的窰洞門前，延安各界代表向總司令献旗：[照片]","群众","1948","第2卷 第18期","23",NA,"香港"
"太太和姨太太","費思","群众","1948","第2卷 第12期","9","香港"
"華北中等教育會議决定改善中等教育制度","群众","1948","第2卷 第41期","14-15",NA,"香港"
"中共中央電賀長春解放：長春解放……","群众","1948","第2卷 第42期","15",NA,"香港"
"茶亭雜話：援亦無用","汪老吉","群众","1948","第50期","19","香港"
"關於反帝反封建的問題","方方","群众","1948","第2卷 第40期","2","香港"
"反饑餓，反廹害！：[漫畫多幅]","特偉","群众","1948","第2卷 第15期","13-14","香港"
"時評：又一光輝的勝利：慶祝錦州解放","群众","1948","第2卷 第41期","9-10",NA,"香港"
"民族工商業家的出路在那裏？：爲商人節而作","許滌新","群众","1948","第2卷 第42期","7-9","香港"
"思想漫步：瞞病者必死","熊飛","群众","1948","第50期","15-16","香港"
"來件：南京大中學生“五二○”周年紀念大會：反扶日反賣國反廹害宣言","群众","1948","第2卷 第20期","23",NA,"香港"
"解放軍五月份戰績：殲敵十三萬七千餘，解放縣城六十一座","群众","1948","第2卷 第25期","12",NA,"香港"
"五月的物價浪潮","琴行","群众","1948","第2卷 第20期","12-13","香港"
"日本的新攻勢：[漫畫]","米谷","群众","1948","第2卷 第20期","2","香港"
"杜威的當選（美國通訊）","季方","群众","1948","第2卷 第27期","23","香港"
"讀者與編者：蔣軍特務殘殺傳敎士的苦肉計","陸人傑","群众","1948","第2卷 第8期","23","香港"
"讀者與編者：武漢點滴：前些時，蔣記經濟部長陳啓天到了漢口……","克明","群众","1948","第2卷 第7期","21","香港"
"茶亭雜話：“表演賽”","汪老吉","群众","1948","第2卷 第19期","9","香港"
"論國際主義與民族主義","劉少奇","群众","1948","第2卷 第45期","2-11","香港"
"自我批評：共產黨的銳利武器","譚幹","群众","1948","第2卷 第27期","5","香港"
"蝸樓隨筆：潘公展的“驚人暴露”","任晦之","群众","1948","第2卷 第26期","17","香港"
"蝸樓隨筆：今後一年間","任晦之","群众","1948","第2卷 第46期","15","香港"
"捷克人民怎樣取得勝利的？（布拉格通訊）：捷克總理高特瓦爾德在卡車上宣怖新閣組成：[照片]","吳拙申","群众","1948","第2卷 第11期","20","香港"
"“必須這樣寫!”：[漫畫]","米谷","群众","1948","第2卷 第35期","6","香港"
"毛主席、朱總司令弔唁馮玉祥之喪：中國國民黨革命委員會政治委員會主席馮玉神氏……","毛澤東 朱德","群众","1948","第2卷 第36期","17","香港"
"蝸樓隨筆：雜談“金圓券”","任晦之","群众","1948","第2卷 第33期","18","香港"
"蝸樓隨筆：两種軍隊","任晦之","群众","1948","第2卷 第36期","19-20","香港"
"蝸樓隨筆：閻錫山的自白","任晦之","群众","1948","第2卷 第25期","21","香港"
"“共產黨只要一來──”（重慶通訊）","沙牛","群众","1948","第2卷 第43期","22-23","香港"
"美蘇換文後的世界局勢","喬木","群众","1948","第2卷 第24期","8-10","香港"
"中共中央負貴人評軍事形勢：一年左右打垮反動政府（新華社陝北十四日電）","琳","群众","1948","第2卷 第45期","1","香港"
"中共中央嚴正聲明保護領土主權：願與各國建立平等友好關係，美國敵意行動應負後果責任","群众","1948","第2卷 第46期","4",NA,"香港"
"周恩來等唁電：周恩來、董必武、鄧穎超三同志頃致電……","周恩來 董必武 鄧颕超","群众","1948","第2卷 第36期","17","香港"
"東北解放區實行土地法大綱補充辦法","群众","1948","第2卷 第2期","5",NA,"香港"
"濰縣解放後膠東線形勢圖","群众","1948","第2卷 第18期","11",NA,"香港"
"日丹諾夫逝世訃聞：據塔斯社莫斯科三十一日電……","安得列夫 貝利亞 馬林科夫","群众","1948","第2卷 第35期","8","香港"
"解放軍逼近中的四川（成都通讯）","楊慧","群众","1948","第2卷 第4期","19","香港"
"四川的米價與民食（成都通訊）","宣之","群众","1948","第2卷 第23期","19-20","香港"
"北平學生反扶日大示威：軍警在東華門前攔阻學生：[照片]","群众","1948","第2卷 第24期","23",NA,"香港"
"北平學生反扶日大示威：示威大會：[照片]","群众","1948","第2卷 第24期","23",NA,"香港"
"中共中央宣傳部重印“左派幼稚病”第二章前言（一九四八年六月一日）","群众","1948","第2卷 第23期","9-10",NA,"香港"
"來件：華北東北十七院校河南同學哀悼開封十萬寃魂控訴大會宣言","群众","1948","第2卷 第27期","14",NA,"香港"
"上海通訊：血染花溪橋","伯力","群众","1948","第2卷 第18期","17-19","香港"
"論舊政協與新政協","漢夫 路","群众","1948","第2卷 第19期","1-3","香港"
"十足準備！：[漫畫]","米谷","群众","1948","第2卷 第34期","6","香港"
"中共晉冀魯豫中央局告全體黨員書：同志們：去年雙十節我黨中央頒佈了中國土地法大綱……","群众","1948","第2卷 第3期","5-6",NA,"香港"
"緬共領袖談：“緬甸獨立”問題","齊基","群众","1948","第2卷 第6期","15-17","香港"
"解放軍發言人評即墨事件","群众","1948","第2卷 第6期","4",NA,"香港"
"全世界工人大團結：南斯拉夫工人的運動會：[照片]","群众","1948","第2卷 第16期","23",NA,"香港"
"論對缺點的不調和性及布爾什維克的嚴肅性","斯列波夫 蘇瑛","群众","1948","第2卷 第20期","14-15","香港"
"蝸樓隨筆：新民報的被封","任晦之","群众","1948","第2卷 第27期","18","香港"
"全國勞動大會關於蔣區工運報告的决議","群众","1948","第2卷 第34期","7",NA,"香港"
"華東人民解放軍全年戰績：殲俘蔣軍三十餘萬人，斃俘旅以上軍官七十四名（新華社蘇魯豫皖前線十九日電）","群众","1948","第2卷 第3期","8-9",NA,"香港"
"衰翁問卦：“怎麽第三次大戰還不爆發？”：[畫圖]","文魁","群众","1948","第2卷 第33期","10","香港"
"美軍直接進攻中國人民","群众","1948","第2卷 第6期","4",NA,"香港"
"知識份子的道路","韋芝","群众","1948","第2卷 第19期","14-15","香港"
"蔣軍破壞黃河搶險工程的罪行","雲賓","群众","1948","第2卷 第30期","16-18","香港"
"國際主義和中國民族解放運動","沈友谷","群众","1948","第2卷 第32期","8-11","香港"
"“鄉村教師”觀後感","荃麟","群众","1948","第2卷 第37期","10-11","香港"
"再虛心來學習毛主席的報告","方方","群众","1948","第2卷 第11期","4-6","香港"
"解放軍三月份戰績：殲敵十六萬五千餘，攻克城市五十七座","群众","1948","第2卷 第18期","10-11",NA,"香港"
"喂飽乾兒子，打賞乾孫子（扶日援蔣）：[畫圖]","特偉","群众","1948","第2卷 第22期","15","香港"
"援助越南獨立運動","简樸","群众","1947","第3期","11-12","香港"
"“緊急措施”：[漫畫]","建","群众","1947","第14期","17","香港"
"短評：“幫忙”得太起勁了","群众","1947","第6期","2",NA,"香港"
"信箱：下鄉以後怎麼辦？","駿民","群众","1947","第29期","6-7","香港"
"物價與工潮（上海通訊）","懷庶","群众","1947","第15期","18-19","香港"
"讀者與編者：豈止惡感而已","宋三","群众","1947","第31期","17","香港"
"人民解放軍的創造者毛澤東同志和朱德同志：[照片二幅]","蔣","群众","1947","第28期","1","香港"
"告國民黨空軍同學同事書","劉善本","群众","1947","第30期","13","香港"
"野火燒不盡（連環漫畫）","特偉","群众","1947","第42期","16，0","香港"
"歐洲漫記：一部眞正人民的憲法","寧一","群众","1947","第45期","19-20，9","香港"
"中共權威人士論目前時局（附圖）","安莫 琳","群众","1947","第19期","1-2","香港"
"社論：堅持兩項主張！","路","群众","1947","创刊号","4","香港"
"解放區工商貸欵","趙自申","群众","1947","第10期","15","香港"
"大反攻的風暴卽將來臨（七月上半月戰局述評）","群众","1947","第26期","7",NA,"香港"
"菲島近事（馬尼刺通訊）：健鬥的菲民軍","思郢","群众","1947","第46期","16","香港"
"誰敢輕視中國人民（烟台通訊）","莫明翰","群众","1947","第30期","14-16","香港"
"誰戰勝誰？","群众","1947","第30期","7-8",NA,"香港"
"學習魯迅先生的硬骨頭","范文瀾","群众","1947","第38期","11","香港"
"短評：李濟深將軍的光榮","群众","1947","第17期","17",NA,"香港"
"“官生”“民死”：[漫畫]","群众","1947","第9期","5",NA,"香港"
"新籌安會：評蔣政府府改組（新華社社論）","薛","群众","1947","第14期","1","香港"
"東北新面貌（噔爾濱通訊）","肖林","群众","1947","第33期","16","香港"
"紀念“八四”烈士：葉挺將軍：[照片]","群众","1947","第10期","17",NA,"香港"
"翻了身的工人：解放了的工人，努力搶修車頭：[照片]","群众","1947","第14期","12",NA,"香港"
"這祇是脫離了人民的原故","田荒","群众","1947","第30期","5","香港"
"讀者與信箱：請問如何“節約”","金燦然","群众","1947","第32期","22","香港"
"短評：遮掩醜態的做作","群众","1947","第13期","3-4",NA,"香港"
"社論：魏德邁來做什麽？","夏","群众","1947","第27期","1-2","香港"
"努力奮鬥，迎接勝利：紀念中國共產黨創立二十六週年（新華社社論）","夏","群众","1947","第23期","1-2","香港"
"論杜魯門主義的破產：從杜魯門主義到馬歇爾計劃（上）","喬木","群众","1947","第23期","15-19","香港"
"“妙計”救不了失敗","劉白羽","群众","1947","第23期","12","香港"
"人民觧放軍大舉反攻（新華社社論）：陳賡將軍：[照片]","群众","1947","第34期","4",NA,"香港"
"長沙也不平靜了（長沙通訊）","雨琳","群众","1947","第20期","20","香港"
"短評：沒有信心的“王牌”","群众","1947","创刊号","12",NA,"香港"
"短評：暴行案並未了結","湘","群众","1947","创刊号","12","香港"
"“萬無一失”：[畫圖]","群众","1947","第3期","4",NA,"香港"
"搶米以後（成都通訊）","志偉","群众","1947","第18期","19","香港"
"短評：黄禮民受勳","群众","1947","第25期","6",NA,"香港"
"短評：國際人權保障運動","群众","1947","第21期","2",NA,"香港"
"謠言診斷錄（解放區報導）：“林彪之死”及其他","林賽","群众","1947","第47期","20-21","香港"
"紀念“八四”烈士：王若飛同志：[照片]","群众","1947","第10期","17",NA,"香港"
"“中國之命運”在美國（美國通訊）","未名","群众","1947","第6期","5-8","香港"
"軍事“進文”，政治“刼搜”：[漫畫]","米谷","群众","1947","第6期","3","香港"
"郝鵬舉事件的敎訓（延安解放日報社論）","群众","1947","第4期","9-10",NA,"香港"
"天南地北：逼得人瘋狂","群众","1947","创刊号","14",NA,"香港"
"讀者與編者：麻醉劑治不了饑餓","林覺民","群众","1947","第47期","22-23","香港"
"被捕學生怎樣了（上海通訊）","張笛","群众","1947","第29期","17-18","香港"
"人民解放軍總部公佈：五月份俘獲蔣軍將級軍官名錄","群众","1947","第23期","10",NA,"香港"
"歐遊漫記：鉄托和新南斯拉夫：鐵托將軍：[照片]","群众","1947","第32期","15",NA,"香港"
"屠殺與縱容（上海通訊）","維農","群众","1947","第34期","16","香港"
"評美帝經濟與軍事援蔣（新華社陝北九日電）","群众","1948","第2卷 第14期","8",NA,"香港"
"華南人民給他準備了後事：[漫畫多幅]","米谷","群众","1948","第2卷 第13期","17","香港"
"柬寳電影公司的鬥爭（日本通訊）","成竅","群众","1948","第2卷 第37期","21-22","香港"
"蝸樓隨筆：眼前報","任晦之","群众","1948","第2卷 第34期","21","香港"
"解放區積極展開兒童福利工作","雲賓","群众","1948","第2卷 第36期","23","香港"
"論日韓蔣同盟中的經濟合作","劉芳華","群众","1948","第2卷 第37期","3-5","香港"
"新華社記者評述：東北解放軍冬季攻勢","群众","1948","第2卷 第12期","11",NA,"香港"
"山西崞縣是怎樣：進行土地改革的？","譚政文 薛","群众","1948","第2卷 第13期","1-8","香港"
"關于解放區的小孩子","群众","1948","第2卷 第31期","4",NA,"香港"
"時評：反對“中日韓聯盟”","群众","1948","第2卷 第32期","9-10",NA,"香港"
"論美帝扶日的陰謀","鐵生 薛","群众","1948","第2卷 第15期","1-3","香港"
"四北戰塲解放軍春攻季勢圖（一九四八年四月二十五日製）","群众","1948","第2卷 第16期","16",NA,"香港"
"讀者與編者：我們的血决不白流","群众","1948","第2卷 第2期","17",NA,"香港"
"董必武同志向中外人士呼籲救濟陝北災民","董必武 路","群众","1948","第2卷 第10期","1","香港"
"茶亭雜話：一百年前的鬼","汪老吉","群众","1948","第2卷 第10期","20","香港"
"勞大致電海外華僑：衷心歡迎海外工友及工商界人士，到解放區參加工業建設","群众","1948","第2卷 第36期","3-4",NA,"香港"
"記“南開”慘案（天津通訊）","北鴻","群众","1948","第2卷 第15期","21","香港"
"撒謊能挽救經濟崩潰嗎？","許滌新 琳","群众","1948","第2卷 第14期","1-3","香港"
"茶亭雜話：華萊士的聲音","汪老吉","群众","1948","第2卷 第14期","12","香港"
"新華社社論：舊中國在滅亡，新中國在前進","群众","1948","第2卷 第21期","3-4",NA,"香港"
"人民死敵走向滅亡","熊飛","群众","1948","第2卷 第20期","9-10","香港"
"“卅七來卅七……唉呀，算不下去了！”：[漫畫]","米谷","群众","1948","第2卷 第1期","12","香港"
"讀者與編者：元旦献辭","左木","群众","1948","第49期","26","香港"
"濟南外圍戰經過","群众","1948","第2卷 第38期","10",NA,"香港"
"軍統攫取了福建（福州通訊）","金碧","群众","1948","第2卷 第42期","23","香港"
"陝北觀察家斥胡適派的卑鄙叫囂","群众","1948","第2卷 第41期","17",NA,"香港"
"華北人民政府施政方針","群众","1948","第2卷 第42期","12",NA,"香港"
"六技：[漫畫多幅]","特偉","群众","1948","第50期","18","香港"
"北方大學：解放區見聞之二","方思","群众","1948","第2卷 第28期","20","香港"
"漲風震撼了京滬（上海通訊）","徐照林","群众","1948","第2卷 第25期","15-16","香港"
"友·聲：新式土劣晏陽初","方與嚴","群众","1948","第2卷 第13期","19-20","香港"
"蝸樓隨筆：核心","任晦之","群众","1948","第2卷 第37期","12","香港"
"真空商店：[漫畫]","米谷","群众","1948","第2卷 第37期","16","香港"
"解放軍南下大反攻：（上）翻山越嶺，向皖西挺進：[照片]","群众","1948","第2卷 第25期","1",NA,"香港"
"中共中央關於在老區與半老區進行土地改革工作與整黨工作的指示（一九四八年二月二十二日）","薛","群众","1948","第2卷 第8期","1-3","香港"
"注意床下！：[漫畫]","米谷","群众","1948","第2卷 第8期","16","香港"
"茶亭雜話：人民的燈塔","汪老吉","群众","1948","第2卷 第20期","18","香港"
"七十一個老闆的商店（解放區報導）","林賽","群众","1948","第2卷 第2期","15-16","香港"
"消滅壟斷資本與建設新民主主義經濟","許滌新","群众","1948","第50期","1，4-5","香港"
"曁南血案（上海通讯）","伯力","群众","1948","第2卷 第16期","18","香港"
"讀者與編者：幕CC串演的醜劇：僞全國總工會","白丁","群众","1948","第2卷 第16期","22","香港"
"英、法、比、荷、盧五國共產黨聯合宣言：爲反對英、法、比、荷、盧五國政府簽訂布魯塞爾五國軍事協定而發（英法比荷盧五國共産黨聯名簽署）","群众","1948","第2卷 第18期","7",NA,"香港"
"茶亭雜話：爛班子","汪老吉","群众","1948","第2卷 第22期","20","香港"
"中國勞動協會祝賀解放區職工代表大會","群众","1948","第2卷 第22期","3",NA,"香港"
"新中國與舊中國：一邊是黑暗的舊中國，在走向滅亡：[漫畫多幅]","文魁","群众","1948","第2卷 第23期","18","香港"
"石家莊的妓女：上課：[照片]","群众","1948","第2卷 第25期","18",NA,"香港"
"蓬勃發展的解放區教育事業","吳强","群众","1948","第2卷 第38期","18","香港"
"人民解放軍去年下半年綜合戰績：殲蔣軍七十五萬八千，俘將級軍官七十六名","蔣","群众","1948","第2卷 第5期","1","香港"
"台灣的特務和監牢（台北通訊）","巧軍","群众","1948","第2卷 第38期","21-22","香港"
"東北人民解放軍奮戰一年：殲俘蔣軍廿八萬餘，攻佔縣城六十五座（新華社東北三日電）","群众","1948","第50期","10",NA,"香港"
"茶亭雜話：地下火燒開了","汪老吉","群众","1948","第2卷 第5期","17","香港"
"人民歌頌毛澤東","賀敬之","群众","1948","第50期","6","香港"
"華北解放區的當前任務（華北人民日報創刊號社論）","群众","1948","第2卷 第24期","3-5",NA,"香港"
"茶亭雜話：一塲悲喜劇","汪老吉","群众","1948","第2卷 第19期","8-9","香港"
"茶亭雜話：華萊士的挑戰","汪老吉","群众","1948","第2卷 第20期","18","香港"
"亞洲民族两條路線的鬥爭（印度通訊）：記奥蒂會議","敏陣","群众","1948","第2卷 第25期","22-23","香港"
"讀者與信箱：」水豐河怒吼了","嚣邦","群众","1948","第2卷 第24期","20","香港"
"茶亭雜話：“第三方面”","汪老吉","群众","1948","第2卷 第3期","27","香港"
"美帝扶日真相（續）","群众","1948","第2卷 第34期","15-17",NA,"香港"
"樸素踏實的新作風（東北通訊）","蔡的","群众","1948","第2卷 第4期","23","香港"
"來件：全國學聯爲反對美帝扶植日本告全國同學書","群众","1948","第2卷 第20期","22-23",NA,"香港"
"論蔣區的經濟大崩潰","許滌新","群众","1948","第2卷 第25期","13-16","香港"
"金陵即景：[漫畫多幅]","米谷","群众","1948","第2卷 第44期","19-20","香港"
"蔣軍就是災難","志新","群众","1948","第2卷 第46期","19-20","香港"
"中國解放區工聯籌委會通告：召開全解放區工人代表大會","劉寧一","群众","1948","第2卷 第11期","14","香港"
"記印共大會（新德里通訊）","任平","群众","1948","第2卷 第12期","20-21","香港"
"土改與保護工商業（解放區報導）","姜凡","群众","1948","第2卷 第10期","21-22","香港"
"一頂袁世凱戴過的帽子：[漫畫]","特偉","群众","1948","第2卷 第13期","10","香港"
"美帝援蔣初步統計","群众","1948","第2卷 第11期","7-8",NA,"香港"
"讀者與編者：迫害人民的新花樣","群众","1948","第2卷 第23期","22",NA,"香港"
"論新政協的道路","連貫","群众","1948","第2卷 第21期","7-8","香港"
"讀者與編者：報告兩個消息：先生：現在報告兩個內幕消息希望貴刊發表……","景崧","群众","1948","第2卷 第24期","20","香港"
"中共東北中央局頒佈：關於東北知識分子的决定","群众","1948","第2卷 第4期","5",NA,"香港"
"加強團結，迎接勝利","龔澎","群众","1948","第2卷 第8期","7-8","香港"
"新社會的建設者","北鴻","群众","1948","第2卷 第24期","19-20","香港"
"解放軍南下大反攻：（上）大平原上解放軍向南前進：[照片]","路","群众","1948","第2卷 第25期","1","香港"
"中共中央電賀東北完全解放","群众","1948","第2卷 第44期","10",NA,"香港"
"時評：上海又被出賣了","群众","1948","第2卷 第44期","13",NA,"香港"
"人民解放戰爭兩週年的總結和第三年的任務（新華社社論）","路","群众","1948","第2卷 第30期","1-5","香港"
"列寧的在民主革命中無產階級領導權思想：“两個策畧”的讀書筆記","沈友谷","群众","1948","第2卷 第2期","8-9","香港"
"大江北岸","朝新","群众","1948","第2卷 第4期","9-10","香港"
"思想漫步：大公報的“中間路線”","卓芸","群众","1948","第2卷 第3期","21-23","香港"
"中共容许宗敎自由","Kenneth Wood 胡光","群众","1948","第2卷 第4期","16-17","香港"
"從上海四大運動中可以看出甚麼來","子明","群众","1948","第2卷 第9期","3-5，9","香港"
"論蔣管區的敎育危機和敎師運動","飛海","群众","1948","第2卷 第10期","11-14","香港"
"同鄉雜記：“難道窮人永世窮？”","蕭村","群众","1948","第2卷 第10期","17-19","香港"
"两種軍隊：蔣介石的軍隊，人民的軍隊：[漫畫多幅]","特偉","群众","1948","第2卷 第11期","11-12","香港"
"讀者與編者：梧州的大屠殺","蕭幸","群众","1948","第2卷 第12期","22","香港"
"德國問題和四强會議","鐵生","群众","1948","第2卷 第30期","11-12","香港"
"揭開秋季攻勢的序幕","朝新","群众","1948","第2卷 第37期","8-9","香港"
"蝸樓隨筆：廢物","任晦之","群众","1948","第2卷 第37期","12","香港"
"全面戰爭與全國勝利","連貫 夏","群众","1948","第2卷 第31期","1-4","香港"
"社論：論解放濟南的意義","薛","群众","1948","第2卷 第38期","1-2","香港"
"解放軍南下大反攻：（上）南下大軍强渡黃河：[照片]","群众","1948","第2卷 第25期","1",NA,"香港"
"戰鬥小故事：三、早晚也要當俘虜","群众","1948","第2卷 第24期","5",NA,"香港"
"人民解放軍，兵強馬又壯：（上）民衆鼓掌歡迎解放軍進城：[照片]","群众","1948","第2卷 第3期","1",NA,"香港"
"茶亭雜話：聽他們自己說","汪老吉","群众","1948","第2卷 第4期","21","香港"
"鬥爭的火熖更明亮了（閩中通訊）","犁青","群众","1948","第49期","18-19","香港"
"到處是波濤洶湧的攻勢","朝新","群众","1948","第2卷 第1期","11-12","香港"
"魔鬼的音樂：[漫畫]","文魁","群众","1948","第2卷 第17期","8","香港"
"茶亭雜話：凑不起的班子","汪老吉","群众","1948","第2卷 第21期","15-16","香港"
"論城市經濟的改造","許滌新","群众","1948","第2卷 第10期","6-8","香港"
"友聲：讀了中共五一口號以後","馬敘倫","群众","1948","第2卷 第20期","6-8","香港"
"蔣介石盜賣中國的新廿一條","陳伯達","群众","1948","第2卷 第10期","3-5","香港"
"蝸樓隨筆：山崩水潰之局","任晦之","群众","1948","第2卷 第41期","18","香港"
"蝸樓隨筆：手忙脚亂的“部署”","任晦之","群众","1948","第2卷 第39期","21","香港"
"論蔣區的搶購風潮","懷庶","群众","1948","第2卷 第40期","17","香港"
"印尼革命的新階段","烟波","群众","1948","第2卷 第40期","12-13","香港"
"茶亭雜話：好消息在後面","汪老吉","群众","1948","第2卷 第11期","21","香港"
"印尼獨立鬥爭的新階段（新華社一日社論）","群众","1948","第2卷 第9期","8-9",NA,"香港"
"茶亭雜話：黑日","汪老吉","群众","1948","第2卷 第10期","20","香港"
"洛陽之戰：戰役經過及戰果：殲俘蔣軍一萬八千餘","群众","1948","第2卷 第11期","9",NA,"香港"
"茶亭雜話：自供","汪老吉","群众","1948","第2卷 第20期","18","香港"
"曼谷通訊：湄南河的黑浪：暹羅摧殘華僑教育的眞相","葉萌","群众","1948","第2卷 第20期","19-21","香港"
"召開人民代表大會的决定","群众","1948","第2卷 第29期","6",NA,"香港"
"慶祝濟南解放的偉大勝利（新華社社論）","薛","群众","1948","第2卷 第39期","1","香港"
"談出身","黃磷","群众","1948","第2卷 第39期","15-16","香港"
"永生的堅强（上海通訊）","意和","群众","1948","第2卷 第39期","19-20","香港"
"延安，我們囘來了！：[畫圖多幅]","特偉","群众","1948","第2卷 第16期","13-15","香港"
"茶亭雜話：醜劇最高潮","汪老吉","群众","1948","第2卷 第16期","17","香港"
"烽火燃遍閩粤邊（大埔通訊）","蕭林","群众","1948","第49期","19-20","香港"
"中國學聯代表團在緬甸（仰光通訊）","王嘉","群众","1948","第2卷 第11期","22-23","香港"
"國大“袋”表：[漫畫]","文魁","群众","1948","第2卷 第12期","14","香港"
"歐遊漫記：關於新民主主義國家政策的見聞錄：劉寧一同志與匈牙利副總理：[照片]","群众","1948","第50期","20",NA,"香港"
"東北解放區一九四八年經濟建設方針","群众","1948","第50期","8",NA,"香港"
"中共東北中央局關於東北一九四八年農業生產的總結與一九四九年農業生產任務的决定","群众","1949","第3卷 第2期","9-14",NA,"香港"
"錦州之役俘獲的蔣軍軍官：前蔣軍九十三軍暫二十師副師長趙明義：[照片]","陳正清","群众","1949","第3卷 第3期","11","香港"
"全國婦女聯合會籌備委員會紀念“八三”婦女節通告","群众","1949","第3卷 第10期","9-10",NA,"香港"
"向鄧頴超同志學習：鄧頴超同志：[照片]","群众","1949","第3卷 第10期","17",NA,"香港"
"錦州之役俘獲的蔣軍軍官：楊宏光：前蔣軍第六兵團中將副司令官：[照片]","陳正清","群众","1949","第3卷 第3期","12","香港"
"有○的是李視察官，有△的是羅壽安及其妻，領小孩的為六十一師師長鄧士富：[照片]","群众","1949","第3卷 第4期","12",NA,"香港"
"往那裡逃？：[漫畫]","阿來","群众","1949","第3卷 第8期","12","香港"
"北海銀行負責人解釋新幣發行三個問題","群众","1949","第3卷 第11期","11",NA,"香港"
"這就是李宗仁的“誠意”：[畫圖]","米谷","群众","1949","第3卷 第10期","2","香港"
"“五一”中國留日學生慶祝祖國人民勝利大遊行：遊行隊伍：[照片]","群众","1949","第3卷 第22期","12",NA,"香港"
"鄭洞國抵哈：[照片]","鄭景康","群众","1949","第3卷 第4期","11","香港"
"記世界和平大會（巴黎通訊）（附照片）","浩波","群众","1949","第3卷 第20期","20-21","香港"
"人民銀行南總經理談發行新幣問題","群众","1949","第3卷 第4期","15",NA,"香港"
"錦州攻堅戰：右上：錦州舊城之敵人砲兵陣地，爲我砲火轟毁：[照片]","群众","1949","第3卷 第6期","19",NA,"香港"
"渡江第一月：南下的第四野戰軍機械化部隊：[照片]","群众","1949","第3卷 第22期","10",NA,"香港"
"不要打亂原來的企業機構","陳伯達","群众","1949","第3卷 第11期","7-11","香港"
"粤東戰局與華南新形勢","彰風","群众","1949","第3卷 第30期","4-7","香港"
"陶賴昭鐵橋的重建：鐵橋修復後的雄姿：[照片]","群众","1949","第3卷 第37期","11",NA,"香港"
"解放區婦女的光榮：積極生產支援前綫：（上右）安東紡織廠女工在工作中：[照片]","群众","1949","第3卷 第14期","12",NA,"香港"
"中蘇友好協會籌委會在平成立（新華社北平十七日電）","群众","1949","第3卷 第30期","14-16",NA,"香港"
"為英艦紫石英號事件：解放軍總部發言人發表聲明","群众","1949","第3卷 第19期","6",NA,"香港"
"中國新民主主義文化的產生和發展：紀念五四運動三十週年","林石父","群众","1949","第3卷 第19期","3-5，13","香港"
"論“勝利和發展中的困難”","杜埃","群众","1949","第3卷 第39期","9-10","香港"
"廣東軍閥有多少力量","未茗","群众","1949","第3卷 第10期","23","香港"
"錦州攻堅戰：不投降就消滅他，靑年舘不肯繳槍的匪軍下場：[照片]","群众","1949","第3卷 第6期","19",NA,"香港"
"美帝對於東南亞同盟的設計","棉之","群众","1949","第3卷 第38期","6-8","香港"
"堅持八項和平條件","林石父","群众","1949","第3卷 第8期","10-13","香港"
"一年來廣東軍事鬥爭態勢：三、宋子文將一蹶不振","藍川","群众","1949","第3卷 第4期","7","香港"
"華北人民政府公佈對外貿易管理辦法","群众","1949","第3卷 第13期","10-11",NA,"香港"
"中共中央電賀南京太原解放：（一）南京解放、中共中央特於五一節通電祝賀……","群众","1949","第3卷 第19期","2",NA,"香港"
"世界和平力量是多麽强大：兼論四國協議","鐵生","群众","1949","第3卷 第20期","18-19，5","香港"
"英美的鬥爭與華府會議","思慕","群众","1949","第3卷 第37期","8-9","香港"
"美國的大學（紐約通訊）","季方","群众","1949","第3卷 第15期","21-23","香港"
"新政協籌備會成立大會剪影：出席大會之農民代表：[照片]","群众","1949","第3卷 第30期","9",NA,"香港"
"時評：慶祝第二艦隊起義","群众","1949","第3卷 第21期","10",NA,"香港"
"川大的罷教與尊師（成都通訊）","楚石","群众","1949","第3卷 第15期","21-23","香港"
"渡江第一月（附照片）","朝新","群众","1949","第3卷 第22期","9-10","香港"
"鉄証：看誰在共人之妻？……：[漫畫多幅]","米谷","群众","1949","第3卷 第22期","19","香港"
"解放長春之戰：（上）解放後的長春市：[照片]","群众","1949","第3卷 第15期","11",NA,"香港"
"解放軍的“土飛機”","曹來","群众","1949","第3卷 第22期","20-21","香港"
"决不容許外國侵畧中國的領土：西藏（新華社社論）","群众","1949","第3卷 第37期","14",NA,"香港"
"論美英遠東的“平行政策”","寒梅","群众","1949","第3卷 第39期","6-8","香港"
"華南青年當前行動綱領（草案）","群众","1949","第3卷 第19期","7-8",NA,"香港"
"新政協籌備會成立大會剪影：大會第四天，沈鈞儒，鄧初民等臨時動議向毛主席朱總司令致敬，大會全體一致起立。毛主席起立答禮：[照片]","群众","1949","第3卷 第30期","9",NA,"香港"
"中國人民解放軍粤贛湘邊、閩粤贛邊、桂滇黔邊縱隊成立宣言","群众","1949","第3卷 第4期","3",NA,"香港"
"人民記者與當前新聞工作的任務","杜埃","群众","1949","第3卷 第36期","7","香港"
"時評：華南鐵路員工的反饑餓鬥爭","群众","1949","第3卷 第4期","17",NA,"香港"
"錦州之役俘獲的蔣軍軍官：賀奎：前蔣軍冀熱遼邊區副司令官兼遼西行署主任（中將）：[照片]","陳正清","群众","1949","第3卷 第3期","12","香港"
"時評：評大湖敵據點的和平解决","群众","1949","第3卷 第11期","17",NA,"香港"
"堆積如山的戰利品：（左下）俘虜成羣：[照片]","群众","1949","第3卷 第19期","11",NA,"香港"
"為什麽我們必須實行批評與自我批評（東北日報社論）","群众","1949","第3卷 第19期","20-21",NA,"香港"
"天津人民熱烈歡送大軍南下：天津南下工作團舉行入團式：[照片]","群众","1949","第3卷 第20期","11",NA,"香港"
"天津人民熱烈歡送大軍南下：天津東站運輸段職工們唱“擁護共產黨”：[照片]","群众","1949","第3卷 第20期","11",NA,"香港"
"東北公營企業，戰時暫行勞動保險條例：東北行政委員會頒佈：東北公營企業戰時暫行勞動保險條例","群众","1949","第3卷 第3期","15-16",NA,"香港"
"評孫科内閣的塌台（新華社陝北十日電）","群众","1949","第3卷 第12期","3",NA,"香港"
"論北大西洋公約","鐵生","群众","1949","第3卷 第8期","18-19","香港"
"中國共產黨中央委員會關於建立中國新青團的决議（一九四九年一月一日）","群众","1949","第3卷 第3期","3-4",NA,"香港"
"日本的民主鬥爭","(日)德田球一 艾廸","群众","1949","第3卷 第35期","12-13","香港"
"“南路解放區報導之二：雷州半島的民兵戰","南軍","群众","1949","第3卷 第22期","22","香港"
"粵東解放區減租減息實施狀况（贛江通訊）","白虹","群众","1949","第3卷 第36期","18","香港"
"華北大學的學習和生活（續完）","以空","群众","1949","第3卷 第2期","19-20","香港"
"共產黨和工人政黨的思想敎育工作","吳多文","群众","1949","第3卷 第38期","15，8","香港"
"中國新青團籌委名單","群众","1949","第3卷 第9期","16",NA,"香港"
"天津人民熱烈歡送大軍南下：津市廣東中學參加南下工作團的同學：[照片]","群众","1949","第3卷 第20期","11",NA,"香港"
"友聲：革命進程申應有的警惕","張六村","群众","1949","第3卷 第6期","13-14","香港"
"巴黎布拉格與紐約的成就","舒翰","群众","1949","第3卷 第21期","6-7","香港"
"偉大的淮海解放戰","朝新","群众","1949","第3卷 第4期","13-14","香港"
"哈爾濱文化界批評蕭軍的思想（哈爾濱通訊）","柳晨","群众","1949","第3卷 第6期","34-35","香港"
"西北反動統治基本上滅亡了","方亢","群众","1949","第3卷 第39期","13-14","香港"
"城市紀律八大守則：（轉載火線畫報）：[漫畫多幅]","群众","1949","第3卷 第13期","10-12",NA,"香港"
"論接管工作的準備","彰風","群众","1949","第3卷 第36期","5","香港"
"新政協籌備會成立大會剪影：各代表陸續進入會塲：[照片]","群众","1949","第3卷 第30期","9",NA,"香港"
"“重要的問題在善於學習”一文的補正","群众","1949","第3卷 第2期","21-23",NA,"香港"
"錦州攻堅戰：（左）東北人民解放軍强大砲兵，正向蔣軍陣地轟擊：[照片]","群众","1949","第3卷 第6期","17",NA,"香港"
"廣西統治者的經濟搜刮與爭奪","方正","群众","1949","第3卷 第12期","10-13","香港"
"繼續進攻，澈底消滅殘敵","方方","群众","1949","第3卷 第35期","2","香港"
"“五一”中國留日學生慶祝祖國人民勝利大遊行：留日學生與日共中央劇校女同學圍着毛主席肖像合唱國際歌：[照片]","群众","1949","第3卷 第22期","12",NA,"香港"
"不懷好心的一群：[漫畫]","米谷","群众","1949","第3卷 第2期","3","香港"
"毛主席、朱總司令向全國約法八章","毛澤東 朱德 夏","群众","1949","第3卷 第19期","1","香港"
"解放長春之戰：（下）我軍在長春外圍的砲兵陣地：[照片]","群众","1949","第3卷 第15期","11",NA,"香港"
"嚴防美帝的新聞侵畧","劉尊棋","群众","1949","第3卷 第9期","12-13，21","香港"
"甲子墟的經濟改造（陸豐通訊）","許霈","群众","1949","第3卷 第37期","22","香港"
"錦州之役俘獲的蔣軍軍官：張作相：前蔣軍東北“剿總”政務委員會副主任委員：[照片]","陳正清","群众","1949","第3卷 第3期","12","香港"
"堆積如山的戰利品：（上）繳獲敵人的坦克車：[照片]","群众","1949","第3卷 第19期","11",NA,"香港"
"建立友誼邦交的前提","林石父","群众","1949","第3卷 第20期","15-17","香港"
"湖南農民用血肉寫着新的歷史（長沙通訊）","高鷹","群众","1949","第3卷 第9期","20-21","香港"
"從社會經濟基礎看暹羅政局（續）","秋虹","群众","1949","第3卷 第11期","20-21","香港"
"中國新民主主義靑年團團章（一九四九年四月十七日團的第一次全國代表大會通過）","群众","1949","第3卷 第20期","6-8",NA,"香港"
"中國共產黨七屆二中全會完滿閉幕（新華社石家莊廿四日電）（附照片）","群众","1949","第3卷 第14期","1-2",NA,"香港"
"新政協籌備會成立大會剪影：中國國民黨革命委員會常務委員會主席李濟深講話：[照片]","群众","1949","第3卷 第30期","9",NA,"香港"
"中共東北局對新區土改指示","群众","1949","第3卷 第2期","11-12",NA,"香港"
"各民主黨派嚴斥白皮書","群众","1949","第3卷 第35期","11，13",NA,"香港"
"錦州之役俘獲的蔣軍軍官：前蔣軍一八四師副師長舒秉權：[照片]","陳正清","群众","1949","第3卷 第3期","11","香港"
"錦州之役俘獲的蔣軍軍官：前蔣軍第十兵站少將總監黃炳寰：[照片]","陳正清","群众","1949","第3卷 第3期","11","香港"
"錦州之役俘獲的蔣軍軍官：前蔣軍五十五師少將副師長梁炳芳：[照片]","陳正清","群众","1949","第3卷 第3期","11","香港"
"“和平”合唱的裡外（上海通訊）","蕭蘊","群众","1949","第3卷 第3期","21-22","香港"
"解放長春之戰：（下右）六十軍軍長曾澤生將軍認灣大勢，在長春外圍與我軍接洽起義：[照片]","群众","1949","第3卷 第15期","12",NA,"香港"
"何應欽說：“現在，我們是同志 ！”：[漫畫]","米谷","群众","1949","第3卷 第12期","6","香港"
"反動派從慘敗、瓦解到滅亡","顏孫","群众","1949","第3卷 第37期","5-6","香港"
"人民解放軍總部公佈：人民解放戰爭第三年戰績及三年戰績總結：第一號公報：消滅敵軍兵力及繳獲總結（新華社北平十五日電）","路","群众","1949","第3卷 第30期","1-2","香港"
"放下武器的新七軍軍長是李鴻因病，專備救護車接他這是下車後抬上救護車，後面是他的岳母：[照片]","群众","1949","第3卷 第4期","11",NA,"香港"
"記世界和平大會（巴黎通訊）：中國出席世界和平大會代表團團長郭沫若先生在天津車站演講：[照片]","群众","1949","第3卷 第20期","21",NA,"香港"
"三位婦女領袖的簡歷：蔡暢、鄧穎超、張琴秋","曹來","群众","1949","第3卷 第5期","11-12","香港"
"瀋陽軍管會主任陳雲同志在工人代表會上的講話","群众","1949","第3卷 第11期","12-15",NA,"香港"
"蔣李雙簧：[漫畫]","米谷","群众","1949","第3卷 第5期","2","香港"
"東北公營企業，戰時暫行勞動保險條例：東北行政委員會頒佈：東北行政委員會命令（勞字第一號）（中華民國三十七年十二月十七日）","林楓 張學思 高崇民","群众","1949","第3卷 第3期","14-15","香港"
"中國新青團籌委會通告","群众","1949","第3卷 第9期","16",NA,"香港"
"讀者與編者：關于毛澤東思想","群众","1949","第3卷 第21期","21-22",NA,"香港"
"中華全國學生聯合會章程：中華全國學生第十四屆代表大會三月五日通過","群众","1949","第3卷 第13期","15-16",NA,"香港"
"關於蔣介石的“引退”","逖甫","群众","1949","第3卷 第5期","5-6","香港"
"解放區怎樣改造三流子","小雲","群众","1949","第3卷 第38期","18-19","香港"
"世界工聯執委會决定召開亞洲職工代表大會：五月間在北__籌備召開","群众","1949","第3卷 第8期","24",NA,"香港"
"時評：新的時代新的任務：祝全國學生代表大會開幕","群众","1949","第3卷 第10期","19",NA,"香港"
"錦州之役俘獲的蔣軍軍官：前蔣軍八十八師師長黃文徽：[照片]","陳正清","群众","1949","第3卷 第3期","11","香港"
"緬甸的“獨立”災難（仰光通訊）","旅人","群众","1949","第3卷 第9期","22-23","香港"
"社論：南北兄弟隊伍的會師：慶祝福州贛州解放","夏","群众","1949","第3卷 第35期","1","香港"
"解放長春之戰：（中）我軍在長春外圍封鎖敵人：[照片]","群众","1949","第3卷 第15期","11",NA,"香港"
"毛主席重要聲明（附照片）","毛澤東 路","群众","1949","第3卷 第4期","1-2","香港"
"錦州攻堅戰：戰略重鎭錦州城的全景：[照片]","王純德","群众","1949","第3卷 第6期","16","香港"
"論北大西洋公約","鐵生","群众","1949","第3卷 第9期","14-15","香港"
"從社會經濟基礎看暹羅政局（續完）","秋虹","群众","1949","第3卷 第12期","22-23，21","香港"
"“纸上談”二題：談急躁、談不得要領","林林","群众","1949","第3卷 第39期","22","香港"
"長春我軍紀律嚴明：[漫畫多幅]","古元","群众","1949","第3卷 第4期","10","香港"
"天津青年的學習熱潮：（上）解放天津戰役烈士紀念塔：[照片]","群众","1949","第3卷 第21期","11",NA,"香港"
"林彪大軍進軍江南：林彪將軍召開高級將領軍事會議：[照片]","群众","1949","第3卷 第22期","11",NA,"香港"
"學聯籌委會通告：召開全國學生代表大會（三月一日）","群众","1949","第3卷 第8期","26",NA,"香港"
"堆積如山的戰利品：（上）攻佔敵人飛機塲，繳獲飛機和炸彈：[照片]","群众","1949","第3卷 第19期","11",NA,"香港"
"錦州之役俘獲的蔣軍軍官：范漢傑：前蔣軍東北“剿總”副總司令兼錦州指揮所主任，冀熱遼邊區司令部中將司令官：[照片]","陳正清","群众","1949","第3卷 第3期","12","香港"
"人民解放軍總部公佈：人民解放戰爭第三年戰績及三年戰績總結：第三號公報：敵我兵力消長損失比較","群众","1949","第3卷 第30期","3",NA,"香港"
"錦州之役俘獲的蔣軍軍官：前蔣軍第六兵團參謀長殷開本：[照片]","陳正清","群众","1949","第3卷 第3期","11","香港"
"天津青年的學習熱潮：（左）新華書店門市部：[照片]","群众","1949","第3卷 第21期","11",NA,"香港"
"時評：碧瑤會議的陰謀","群众","1949","第3卷 第30期","14-15",NA,"香港"
"“聯共黨史簡明敎程”與經濟科學的發展（續）","G·柯志洛夫 高梁","群众","1949","第3卷 第15期","16-18","香港"
"解决勞資爭議的正確途徑（新華社社論）","群众","1949","第3卷 第38期","9-10",NA,"香港"
"上海軍管會頒佈私營企業勞資爭議調處程序暫行辦法","群众","1949","第3卷 第38期","11",NA,"香港"
"解放區婦女的光榮：積極生產支援前綫：（上）集體下地刨揸子：[照片]","群众","1949","第3卷 第14期","11",NA,"香港"
"臨清事件與國營商業（新華社社論）","群众","1949","第3卷 第5期","18-21",NA,"香港"
"新政協籌備會成立大會剪影：産業界民主人士陳叔通講話：[照片]","群众","1949","第3卷 第30期","9",NA,"香港"
"馬列主義創造性的一個範例：共產黨情報局對“關于南斯拉夫共產黨狀况的决議”發表一年後的檢討（附圖）","張彥","群众","1949","第3卷 第35期","16-17，19","香港"
"在鬥爭中成長的世界民主青年聯盟","黃作梅","群众","1949","第3卷 第38期","3-5","香港"
"慶祝美洲和平大會開幕（新華社短評）","群众","1949","第3卷 第38期","4",NA,"香港"
"劉寧一同志在世界職工聯合會執行局會議上的發言：痛斥破壞世界工聯會的陰謀（附照片）","群众","1949","第3卷 第8期","23-24，35",NA,"香港"
"波、保兩國邁向社會主義","舒翰","群众","1949","第3卷 第8期","28-29","香港"
"美國新戰爭經濟（續）","(美)艾倫","群众","1949","第3卷 第8期","30-31","香港"
"葉劍英在各界代表大會上關於北平半年來接管與施政工作報告摘要（新華社北平廿三日電）","薛","群众","1949","第3卷 第36期","1-4","香港"
"林彪大軍進軍江南：火箭砲部隊待命出發：[照片]","群众","1949","第3卷 第22期","11",NA,"香港"
"華南解放軍奉准成立粤中及粵桂邊兩縱隊：吳有恒梁廣分任司令員，粤桂邊解放軍公佈戰績","群众","1949","第3卷 第30期","17",NA,"香港"
"蘭州解放：西北解放戰爭現階段的形勢","方亢","群众","1949","第3卷 第36期","9-10","香港"
"孫科的妙計：[畫圖]","米谷","群众","1949","第3卷 第11期","5","香港"
"讀“論黨委制”提要","張柳生","群众","1949","第3卷 第12期","15-16","香港"
"國民黨死硬派由“呼籲和平”變為呼籲戰爭","群众","1949","第3卷 第9期","5",NA,"香港"
"香港文化界：擁護保衛世界和平大會宣言","歐陽子倩 周太玄 張天翼","群众","1949","第3卷 第15期","15","香港"
"毛主席電覆傅作義：毛澤東主席對於傳作義四月一日通電發出覆電……","毛澤東","群众","1949","第3卷 第15期","3","香港"
"東北的機械農塲","小雲","群众","1949","第3卷 第37期","20-21","香港"
"西北戰局急轉直下","方亢","群众","1949","第3卷 第37期","7","香港"
"新政協籌備會成立大會剪影：中國共產黨中央委員會主席毛澤東講話：[照片]","群众","1949","第3卷 第30期","9",NA,"香港"
"中國各民黨派反對北大西洋公約的聯合聲明","群众","1949","第3卷 第15期","2",NA,"香港"
"中國新青團籌委會通告","群众","1949","第3卷 第8期","20",NA,"香港"
"中共中央决定和談代表及時間地點","群众","1949","第3卷 第14期","3",NA,"香港"
"畧評梁潄溟的保皇思想","少峯","群众","1949","第3卷 第6期","7-8","香港"
"享受不盡的盛會（海豐通訊）","烏門","群众","1949","第3卷 第2期","22-23","香港"
"解放軍十二月份戰績","群众","1949","第3卷 第4期","8-9",NA,"香港"
"錦州攻堅戰：解放軍正往縱深發展，尖刀似的插進敵人的心臟：[照片]","群众","1949","第3卷 第6期","18",NA,"香港"
"林彪大軍進軍江南：大軍在挺進：[照片]","群众","1949","第3卷 第22期","11",NA,"香港"
"天津人民熱烈歡送大軍南下：河北女師同學自製碘酒慰勞南下大軍：[照片]","群众","1949","第3卷 第20期","11",NA,"香港"
"錦州之役俘獲的蔣軍軍官：前蔣軍五十五師少將師長安守仁：[照片]","陳正清","群众","1949","第3卷 第3期","11","香港"
"新華廣播電台改訂播音時間節目","群众","1949","第3卷 第2期","14",NA,"香港"
"眞正的愛國主義與國際主義相結合：關於法共及其他各國共產黨的聲明","舒翰","群众","1949","第3卷 第13期","8-9","香港"
"任何外國政府無權干涉中國内政：中共發言人嚴正聲明","群众","1949","第3卷 第8期","3",NA,"香港"
"林彪大軍進軍江南：迫擊砲部隊待命出發：[照片]","群众","1949","第3卷 第22期","11",NA,"香港"
"嚴防美帝的新聞侵畧","劉尊棋","群众","1949","第3卷 第8期","16-17","香港"
"論自我敎育和改造敵人","林石父","群众","1949","第3卷 第30期","8，10-11","香港"
"五評白皮書（新華社社論）","群众","1949","第3卷 第37期","13",NA,"香港"
"東北人民政府三年來工作","林楓","群众","1949","第3卷 第37期","16-17","香港"
"蘇聯政府致送對南國照會覆文（新華社轉引塔斯社莫斯科廿日電）","群众","1949","第3卷 第36期","15-17",NA,"香港"
"時評：歡迎陳嘉庚先生囘國","群众","1949","第3卷 第21期","10",NA,"香港"
"劉陳鄧諸將軍電慰蕪湖起義官兵","劉伯承 陳毅 鄧小平","群众","1949","第3卷 第11期","15","香港"
"長征故事：一·衝過烏江天險，巧計奪取金沙江、二·經過倮倮區（未完）（附圖）","群众","1949","第3卷 第12期","17-19",NA,"香港"
"日本工人運動的攻防戰","思慕","群众","1949","第3卷 第15期","9-10，18","香港"
"一年來廣東軍事鬥爭態勢：一、人民武裝勝利的一年","藍川","群众","1949","第3卷 第4期","5","香港"
"解放華南之戰與當前緊急任務","彰風","群众","1949","第3卷 第35期","3-4","香港"
"抗繳“安家米”（廣州通訊）","張華","群众","1949","第3卷 第15期","20","香港"
"墨經的邏輯思想","守素","群众","1949","第3卷 第6期","29-30","香港"
"北平人民抗議美兩記者造謠","群众","1949","第3卷 第8期","25-26",NA,"香港"
"廣東經濟的輪廓","廣志","群众","1949","第3卷 第6期","23-24","香港"
"僞幣完全崩潰了","李維德","群众","1949","第3卷 第20期","9-10","香港"
"解放南中國的序幕揭開了","懷湘 路","群众","1949","第3卷 第21期","1-2","香港"
"評蕭軍的社會觀與人性論：是唯心主義還是唯物主義？","張如心","群众","1949","第3卷 第21期","16-20","香港"
"中國人民的勝利與世界和平","郭沫若","群众","1949","第3卷 第22期","13-15","香港"
"青年團的任務與工作：一九四九年四月十二日在新青團大會上的報告","馮文彬 薛","群众","1949","第3卷 第20期","1-5","香港"
"關於華北貿易","許滌新","群众","1949","第3卷 第14期","15-16","香港"
"廣東的粮食問題","王江","群众","1949","第3卷 第2期","15-16","香港"
"中國共產黨發言人評南京行政院决議","群众","1949","第3卷 第5期","1-2",NA,"香港"
"吳玉章同志畧歷","群众","1949","第3卷 第2期","17-18",NA,"香港"
"李宗仁的眞貨色（新華社陝北二十七日電）","群众","1949","第3卷 第10期","4",NA,"香港"
"澈底粉碎蔣匪陰謀、加速廣東全境解放","彰風","群众","1949","第3卷 第37期","1-2","香港"
"“六千萬”士兵的大檢：[漫畫]","米谷","群众","1949","第3卷 第3期","2","香港"
"華北人民政府公佈區外滙兑暫行辦法","群众","1949","第3卷 第13期","12",NA,"香港"
"馬列主義的經典著作：斯大林全集第十一卷出版（新華社北平七日電轉引塔斯社莫斯科訊）","群众","1949","第3卷 第38期","14",NA,"香港"
"展開擁護新中國的羣眾運動：預祝人民政治協商會議的勝利與成功","彰風","群众","1949","第3卷 第39期","3-4","香港"
"吳老談婚姻道德","亞記","群众","1949","第3卷 第2期","18","香港"
"莫斯科新時代雜誌評全蘇和平大會","群众","1949","第3卷 第36期","4",NA,"香港"
"錦州之役俘獲的蔣軍軍官：盧濬泉：前蔣軍第六兵團中將司令官：[照片]","陳正清","群众","1949","第3卷 第3期","12","香港"
"論中國城鄉關係的發展規律","林石父","群众","1949","第3卷 第15期","6-8","香港"
"北平歡迎民主人士大會上林彪將軍講和平問題","蔣","群众","1949","第3卷 第11期","1","香港"
"李宗仁想走那條路？：與蔣介石同歸於盡，還是走傅作義的道路？","蕭愷","群众","1949","第3卷 第5期","7-8","香港"
"爲爭取更多的局部和平起義而鬥爭","彰風","群众","1949","第3卷 第22期","6-8","香港"
"時評：團結救災","群众","1949","第3卷 第30期","15-16",NA,"香港"
"錦州攻堅戰：上圖爲十四日下午遠望錦州城內重點爆破之煙火：[照片]","群众","1949","第3卷 第6期","16",NA,"香港"
"福建沿海之戰與解放台灣","郇勞","群众","1949","第3卷 第36期","6","香港"
"從艱苦鬥爭中壯大的粵桂邊縱隊和粵桂邊區（粵桂邊通訊）","南軍","群众","1949","第3卷 第38期","16-17，10","香港"
"關於中國民族獨立自主與國際關係問題答客問","林石父","群众","1949","第3卷 第14期","6-9","香港"
"六評白皮書：中國人之所以應當感謝美國資產階級發言人艾奇孫……（新華社社論）","群众","1949","第3卷 第39期","15-17",NA,"香港"
"天津人民熱烈歡送大軍南下：南開女生紛紛報名投考南下工作團：[照片]","群众","1949","第3卷 第20期","11",NA,"香港"
"中國新靑團工作綱領","群众","1949","第3卷 第20期","7-8",NA,"香港"
"“五一”中國留日學生慶祝祖國人民勝利大遊行：留日學生及中華日報社同人高呼“中國人民解放萬歲！”：[照片]","群众","1949","第3卷 第22期","12",NA,"香港"
"“滾到海裡去！”：[漫畫]","米谷","群众","1949","第3卷 第8期","13","香港"
"擁護毛主席：[詩歌]","石維駿","群众","1949","第3卷 第9期","21","香港"
"堅持八項和平條件","林石父","群众","1949","第3卷 第9期","6-9","香港"
"中國新青團籌委名單","群众","1949","第3卷 第8期","20",NA,"香港"
"又一賣國勾當：梧州開放","德華","群众","1949","第3卷 第12期","11-12","香港"
"粉碎反動派的政治陰謀：論蔣介石的“元旦文告”","逖甫","群众","1949","第3卷 第2期","5-6","香港"
"全世界進步輿論：擁護蘇致南覆文（新華社北平廿六日電）","群众","1949","第3卷 第36期","16",NA,"香港"
"蘇聯真理報評“華盛頓談判”","群众","1949","第3卷 第39期","20",NA,"香港"
"全世界和平力量動員起來粉碎戰爭挑撥者的陰謀（新華社社論）","薛","群众","1949","第3卷 第13期","1-2","香港"
"天津人民熱烈歡送大軍南下：河北女師同學趕做慰問袋，慰勞南下大軍：[照片]","群众","1949","第3卷 第20期","11",NA,"香港"
"時評：起來，保衛世界和平！","群众","1949","第3卷 第14期","14",NA,"香港"
"中國在嘲笑紙老虎","Arthur Cleeg 李家榆","群众","1949","第3卷 第21期","8-9","香港"
"評國民黨對於戰爭責任問題的幾種答案（新華社社論）","琳","群众","1949","第3卷 第9期","1-3","香港"
"堆積如山的戰利品：（下）大批重機槍：[照片]","群众","1949","第3卷 第19期","11",NA,"香港"
"錦州攻堅戰：後續部隊繼續往縱深發展，把守敵切成一塊一塊：[照片]","群众","1949","第3卷 第6期","18",NA,"香港"
"兄弟們！向太陽、向自由！：浙大五同學出獄記（杭州通訊）","紀于","群众","1949","第3卷 第8期","34-35","香港"
"錦州之役俘獲的蔣軍軍官：前蔣軍九十三軍暫十八師師長景陽：[照片]","陳正清","群众","1949","第3卷 第3期","11","香港"
"減租減息在平原","夷白","群众","1949","第3卷 第13期","23","香港"
"中共中央發佈慶祝平津解放口號","群众","1949","第3卷 第6期","10",NA,"香港"
"解放軍救了古勞圍（粤中前線通訊）","麥秀","群众","1949","第3卷 第30期","17-18","香港"
"企業管理民主化是改進生產重要的保証（東北日報社論）","群众","1949","第3卷 第13期","13-14",NA,"香港"
"薛岳財政危機空前嚴重","桐廬","群众","1949","第3卷 第15期","13-15","香港"
"“聯共黨史簡明敎程”與經濟科學的發展（待續）","G·柯志洛夫 高梁","群众","1949","第3卷 第14期","17-19","香港"
"中國人民政治協商會議卽將開幕：周恩來總結籌備工作","群众","1949","第3卷 第39期","2",NA,"香港"
"血汗築成的戰壕","吕梁","群众","1949","第3卷 第3期","22","香港"
"讀者與編者：關於中國革命的戰畧","李金表","群众","1949","第3卷 第21期","22","香港"
"中國學運的當前任務：中華全國學生第十四届代表大會通過","路","群众","1949","第3卷 第12期","1-3","香港"
"時評：日本的選舉與中國","群众","1949","第3卷 第5期","8",NA,"香港"
"日共的躍進與日本大選","思慕","群众","1949","第3卷 第5期","16-17，23","香港"
"傅作義將軍通電：四月一日傅作義將軍發表通電……","群众","1949","第3卷 第15期","3",NA,"香港"
"中國婦女運動當前的方針任務","鄧穎超","群众","1949","第3卷 第20期","12-14","香港"
"全國青年代表大會宣言","群众","1949","第3卷 第21期","4",NA,"香港"
"拆穿反動派的新騙局","許滌新","群众","1949","第3卷 第10期","7-8","香港"
"中共發言人重要談話：提出和談具體步驟","琳","群众","1949","第3卷 第6期","1-2","香港"
"新華社信箱：關於城市房產房租的性質和政策","群众","1949","第3卷 第35期","18-19",NA,"香港"
"女英雄李秀蘭：[漫畫多幅]","米谷","群众","1949","第3卷 第15期","19","香港"
"解放區婦女翻身了","郭鳳","群众","1949","第3卷 第10期","15-16","香港"
"新政協籌備會成立大會剪影：無黨派民主人士郭沫若講話：[照片]","群众","1949","第3卷 第30期","9",NA,"香港"
"四評白皮書（新華社社論）","群众","1949","第3卷 第37期","10，12",NA,"香港"
"共產黨改造了我的思想：吳玉章同志：[照片]","群众","1949","第3卷 第3期","10",NA,"香港"
"美共領袖被審事件與美國共產黨","張端納","群众","1949","第3卷 第6期","27-28","香港"
"爭取眞正的民主的和平","瀚若 薛","群众","1949","第3卷 第8期","2-3","香港"
"待解放區要抵制僞“銀元券”（新華社短評）（新華社北平十四日電）","群众","1949","第3卷 第30期","5-6",NA,"香港"
"解放長春之戰：（左）輕機槍封鎖敵人逃走：[照片]","群众","1949","第3卷 第15期","12",NA,"香港"
"新華社評：何應欽偽內閣面臨最後考驗（新華社陝北廿二日電）","群众","1949","第3卷 第14期","7",NA,"香港"
"民革會民促會南方發言人聯合聲明","群众","1949","第3卷 第22期","5",NA,"香港"
"長征故事：五、爬雪山過草地：在冕寧，迷矇的就可以望見大雪山……","群众","1949","第3卷 第14期","20-21",NA,"香港"
"論經濟工作者在工作中的黨性","左爾寧 伊","群众","1949","第3卷 第11期","14-15","香港"
"新華社前線記者報導：江南軍事發展形勢","群众","1949","第3卷 第21期","3",NA,"香港"
"英印人民反對陰謀侵吞西藏（新華社北平二日電）","群众","1949","第3卷 第37期","15",NA,"香港"
"天津人民熱烈歡送大軍南下：天津各界歡迎南下某部大軍：[照片]","群众","1949","第3卷 第20期","11",NA,"香港"
"爲了新聞的正確與純潔","李衛明","群众","1949","第3卷 第9期","10-11","香港"
"一個覺醒了的鄉村","烏門","群众","1949","第3卷 第8期","32-33","香港"
"由“苦撑”到“待死”：評余薛主粤","桐廬","群众","1949","第3卷 第8期","9","香港"
"英國工人日報主編勞斯德逝世（附照片）","群众","1949","第3卷 第9期","17",NA,"香港"
"高寡婦送旗子：[畫圖多幅]","米谷","群众","1949","第3卷 第14期","10","香港"
"錦州攻堅戰：圖爲保證錦州燃料工廠的我軍：[照片]","群众","1949","第3卷 第6期","19",NA,"香港"
"美帝加强軍事干涉的新動向","喬木","群众","1949","第3卷 第8期","4-6","香港"
"錦州攻堅戰：在錦州被我繳獲的完整敵機：[照片]","群众","1949","第3卷 第6期","18",NA,"香港"
"“滾到海裡去！”：[漫畫]","米谷","群众","1949","第3卷 第9期","9","香港"
"科學共產主義的經典創作（續完）","蘇·尤琴 辛","群众","1949","第3卷 第4期","21-22，8-9","香港"
"解放區的鐵路交通","曹來","群众","1949","第3卷 第4期","19-20","香港"
"記淡水之捷（惠陽通訊）","茵明","群众","1949","第3卷 第5期","22-23","香港"
"東北秋季攻勢中：俘敵將級軍官名單","群众","1949","第3卷 第3期","13",NA,"香港"
"論城鄕關係：兼及南方的任務","荃麟","群众","1949","第3卷 第22期","16-18，8","香港"
"新政協籌備會成立大會剪影：大會臨時主席周恩來宣佈籌委會成立開幕：[照片]","群众","1949","第3卷 第30期","9",NA,"香港"
"林彪大軍進軍江南：挖工事：[照片]","群众","1949","第3卷 第22期","11",NA,"香港"
"新政協籌備會成立大會剪影：海外華僑民主人士陳嘉庚講話：[照片]","群众","1949","第3卷 第30期","9",NA,"香港"
"台灣的痛苦和希望（台北通訊）","文飛","群众","1949","第3卷 第6期","32-33，14","香港"
"迅速召開各界人民代表會議（新華社社論）","蔣","群众","1949","第3卷 第39期","1-2","香港"
"中共中央電賀吳玉章同志七十誕辰（附照片）","群众","1949","第3卷 第2期","17",NA,"香港"
"陳毅將軍在上海各界代表會議上關於上海市軍管會和人民政府六、七兩月工作報告（未完）","群众","1949","第3卷 第35期","14-15，2",NA,"香港"
"陶賴昭鐵橋的重建：鐵橋被毀後情形：[照片]","群众","1949","第3卷 第37期","11",NA,"香港"
"新華社時評：斥北大西洋公約（新華社陝北廿二日電）","群众","1949","第3卷 第14期","13-14",NA,"香港"
"解放軍去年下半年戰績總結","群众","1949","第3卷 第6期","15，20",NA,"香港"
"全國民主婦女聯合會籌備委員會通告","群众","1949","第3卷 第5期","11-12",NA,"香港"
"北江的伏擊戰（北江通訊）","向陽","群众","1949","第3卷 第3期","23","香港"
"中國新青團團章草案","群众","1949","第3卷 第3期","5-6",NA,"香港"
"爲眞正的民主的永久的和平而奮鬥","方方 夏","群众","1949","第3卷 第10期","1-2","香港"
"人民解放軍一月份戰績：殲編蔣軍六十三萬，俘敵師級上校以上軍官一百二十三名","群众","1949","第3卷 第10期","5-6，21",NA,"香港"
"“生活指數”逼死人（上海通訊）","徐照林","群众","1949","第3卷 第4期","23","香港"
"科學共產主義的經典創作（未完）","蘇·尤琴","群众","1949","第3卷 第3期","19-20","香港"
"天津青年的學習熱潮：（左）南開大學敎職學員研究“新民主主義論”：[照片]","群众","1949","第3卷 第21期","11",NA,"香港"
"南京慘案與和平談判（新華社社論）","琳","群众","1949","第3卷 第15期","1-2","香港"
"解放區婦女的光榮：積極生產支援前綫：（下）安東紡織廠女工努力生産：[照片]","群众","1949","第3卷 第14期","11",NA,"香港"
"林彪大軍進軍江南：逐屋爭奪：[照片]","群众","1949","第3卷 第22期","11",NA,"香港"
"錦州攻堅戰：七二部把錦州線西北突破後，突擊部隊蜂擁爬上城去：[照片]","群众","1949","第3卷 第6期","18",NA,"香港"
"錦州之役俘獲的蔣軍軍官：盛家興：前蔣軍九十三軍中將軍長：[照片]","陳正清","群众","1949","第3卷 第3期","12","香港"
"南路解放區報導之一：軍隊向前進","南軍","群众","1949","第3卷 第20期","22，17","香港"
"淮海前綫司令部發言人論淮海之戰","群众","1949","第3卷 第5期","9-10",NA,"香港"
"蔣季會談後的菲島華僑災難（烏尼拉通訊）","若因","群众","1949","第3卷 第36期","19","香港"
"眞和平與假和平的考騐：評偽行政院的改組與和平談判","懷湘","群众","1949","第3卷 第14期","3，5","香港"
"反動派的幻想與打算","朝新","群众","1949","第3卷 第12期","8-9","香港"
"中共中央電賀全國婦大開幕（一九四九年三月廿三日）","群众","1949","第3卷 第14期","9",NA,"香港"
"新華社評論：蔣“政府”已陷土崩瓦解","群众","1949","第3卷 第9期","4-5",NA,"香港"
"破船上的海盗們：[漫畫]","文魁","群众","1949","第3卷 第4期","14","香港"
"解放長春之戰：（下左）投降的鄭洞國（前）及其參謀長秦友梅（後）：[照片]","群众","1949","第3卷 第15期","12",NA,"香港"
"林彪大軍進軍江南：衝入院內，消滅敵人：[照片]","群众","1949","第3卷 第22期","11",NA,"香港"
"法西斯野獸胡作胡為：“爭取持久和平與人民民主週報”社論","群众","1949","第3卷 第39期","18-19",NA,"香港"
"日本的共產主義運動","宮本顯治 仲川","群众","1949","第3卷 第6期","25-26","香港"
"解放區婦女的光榮：積極生產支援前綫：哈爾濱市道理區區長對努力生產的婦女勞動英雄給獎：[照片]","群众","1949","第3卷 第14期","12",NA,"香港"
"陳毅將軍關於上海市軍管會和人民政府六、七兩月工作報告（續完）（新華社十二日電）","群众","1949","第3卷 第36期","13-14",NA,"香港"
"加强學習，鞏固勝利","蘇素","群众","1949","第3卷 第37期","18","香港"
"記鳳凰戰鬥（韓江通訊）","泓夫","群众","1949","第3卷 第12期","14-16","香港"
"蔣死黨招募日軍的前因後果","顏孫","群众","1949","第3卷 第39期","11-12","香港"
"粤贛湘邊解放區的迎軍支前熱潮（九連山通訊）","烏門","群众","1949","第3卷 第39期","23，17","香港"
"新政協籌備會成立大會剪影：中國民主同盟常委會負責委員沈鈞儒講話：[照片]","群众","1949","第3卷 第30期","9",NA,"香港"
"第二批戰犯名單","群众","1949","第3卷 第6期","3",NA,"香港"
"暹羅的政局及其國際關係","李魚","群众","1949","第3卷 第6期","31-33","香港"
"向鄧穎超同志學習（附照片）","文華","群众","1949","第3卷 第10期","17-18","香港"
"華南解放軍四月份戰果初步統計","群众","1949","第3卷 第22期","3",NA,"香港"
"華南民主婦聯會籌委會宣言","群众","1949","第3卷 第22期","3-5",NA,"香港"
"經濟建設一定可以成功","許滌新","群众","1949","第3卷 第12期","5-7","香港"
"中共發言人對和談問題談話","群众","1949","第3卷 第6期","4",NA,"香港"
"將革命進行到底（親華社社論）：一九四九年新年献詞","路","群众","1949","第3卷 第2期","1-4","香港"
"所謂“昆明事變”","茜里 薛","群众","1949","第3卷 第38期","1-2","香港"
"紀念“三八”婦女節","龔澎","群众","1949","第3卷 第10期","9-10","香港"
"國民黨官僚資本的逃亡","王烽","群众","1949","第3卷 第36期","11-12","香港"
"陶賴昭鐵橋的重建：工程隊在架橋上工作：[照片]","群众","1949","第3卷 第37期","11",NA,"香港"
"西藏事變真相（新華社北平二日電）","群众","1949","第3卷 第37期","15",NA,"香港"
"朝着團結統一勝利的方向：讀中共中央建團决議以後","仲冰","群众","1949","第3卷 第3期","7-8","香港"
"錦州之役俘獲的蔣軍軍官：前蔣軍少將副師長王子才：[照片]","陳正清","群众","1949","第3卷 第3期","11","香港"
"時評：反對美國釋放日本侵華罪犯","群众","1949","第3卷 第2期","4",NA,"香港"
"英國工人日報主編勞斯德逝世（附照片）","群众","1949","第3卷 第8期","21-22",NA,"香港"
"畧論目前世界形勢中的若干特點","喬木","群众","1949","第3卷 第5期","13-15，21","香港"
"天津人民熱烈歡送大軍南下：津市大中學生投考南下工作團試塲之—角：[照片]","群众","1949","第3卷 第20期","11",NA,"香港"
"馮文彬在華東青年工作會議上，關於青年團工作的報告","群众","1949","第3卷 第39期","21，19",NA,"香港"
"“五一”中國留日學生慶祝祖國人民勝利大遊行：遊行隊伍集合：[照片]","群众","1949","第3卷 第22期","12",NA,"香港"
"論“一邊倒”","林石父","群众","1949","第3卷 第35期","5-7","香港"
"中國共產黨七屆二中全會完滿閉幕（新華社石家莊廿四日電）：毛澤東主席與朱德總令司：[照片]","群众","1949","第3卷 第14期","2",NA,"香港"
"中共華東局碓定今後宣教方針（新華社上海七日電）","群众","1949","第3卷 第38期","12",NA,"香港"
"江漢見聞","趙揚","群众","1949","第3卷 第14期","22-23","香港"
"解放區婦女的光榮：積極生產支援前綫：（上左）佳木斯婦女送軍衣：[照片]","群众","1949","第3卷 第14期","12",NA,"香港"
"新政協籌備會成立大會剪影：大會通過籌備會組織條例並選舉常__：[照片]","群众","1949","第3卷 第30期","9",NA,"香港"
"反對美國對日“不宣而和”的陰謀（新華社短評）","群众","1949","第3卷 第37期","6",NA,"香港"
"新政協籌備會成立大會剪影：解放軍總司令朱德講話：[照片]","群众","1949","第3卷 第30期","9",NA,"香港"
"美帝擴張政策的新階段","鐵生","群众","1949","第3卷 第35期","8-9","香港"
"威脅美英的經濟危機","鐵生","群众","1949","第3卷 第30期","12-13","香港"
"林彪大軍進軍江南：戰鬥結束，打掃戰塲：[照片]","群众","1949","第3卷 第22期","11",NA,"香港"
"評蔣介石“下台”","蔣","群众","1949","第3卷 第5期","1","香港"
"臨清市國營商店搶購事件","群众","1949","第3卷 第5期","19-20",NA,"香港"
"人民解放軍總部公佈：人民解放戰爭第三年戰績及三年戰績總結：第二號公報：解放國土面積、人口、城市、鐵路統計","群众","1949","第3卷 第30期","2-3",NA,"香港"
"注意蔣黨新戰爭陰謀（新華社短評）","群众","1949","第3卷 第11期","3",NA,"香港"
"論革命與和平","林石父","群众","1949","第3卷 第11期","4-6","香港"
"瓊崖解放軍三年戰績總結","群众","1949","第3卷 第11期","16",NA,"香港"
"中原臨時人民政府成立（新華社中原十二日電）","群众","1949","第3卷 第12期","4",NA,"香港"
"天津人民熱烈歡送大軍南下：津市南開中學學生分級學習，準備投考南下大軍工作團：[照片]","群众","1949","第3卷 第20期","11",NA,"香港"
"京滬杭區的大圍殲戰","朝新","群众","1949","第3卷 第19期","12-13","香港"
"華南青年大團結大進軍：祝華南青年聯合會籌委會成立","仲冰","群众","1949","第3卷 第19期","9-10","香港"
"天津青年的學習熱潮：（左上）南開大學學生每晚忙編壁報，組織各種學習：[照片]","群众","1949","第3卷 第21期","11",NA,"香港"
"在鬥爭中覺醒、團結（長沙通訊）","殷勤","群众","1949","第3卷 第13期","19","香港"
"談丢掉幻想","吳廣","群众","1949","第3卷 第37期","19","香港"
"一行人物：[漫畫]","米谷","群众","1949","第3卷 第5期","1","香港"
"天津青年的學習熱潮：（左中）南開大學生因書籍不够，把“新民主主義論”，張貼壁上供同學閱讀：[照片]","群众","1949","第3卷 第21期","11",NA,"香港"
"時評：沒有譭謗中國人民的自由","群众","1949","第3卷 第8期","27",NA,"香港"
"蔣的打算：[畫圖]","米谷","群众","1949","第3卷 第11期","3","香港"
"從華盛頓會議談美帝","鐵生","群众","1949","第3卷 第39期","5，20","香港"
"新華社社論：評英艦參戰事件","群众","1949","第3卷 第19期","6",NA,"香港"
"爭取國際和平的大浪潮","鐵生","群众","1949","第3卷 第11期","18-19","香港"
"强渡黄河","胡征","群众","1947","第27期","12-13","香港"
"關於警察的故事（上海學運報導之四）","巨響","群众","1947","第27期","24-25","香港"
"延安數十里外五萬軍民舉行祝捷大會，周恩來彭德懷發表演說（附照片）","群众","1947","第18期","6-7",NA,"香港"
"短評：美國侵略到華南","群众","1947","第18期","2-3",NA,"香港"
"顧前不顧後：[漫畫]","文魁","群众","1947","第10期","2","香港"
"勝利的四月","朝新","群众","1947","第15期","5-6","香港"
"孩子詩人苗得雨","魯夫","群众","1947","第4期","18-19","香港"
"爲了自己也爲了人民（昆明通訊）","史量","群众","1947","第36期","18","香港"
"“請進來”：[漫畫]","卜化人","群众","1947","创刊号","18","香港"
"華東人民解放軍總部公布：華東戰傷半年來戰績統計：六個月共組織了十次大殲滅戰戰役","群众","1947","第24期","4-5",NA,"香港"
"人民解放軍與土地改革","默涵","群众","1947","第42期","17-18","香港"
"短評：美蔣“救濟”協定","群众","1947","第34期","10",NA,"香港"
"“總動員令”在菲島華僑中（馬尼刺通訊）","施南","群众","1947","第29期","18","香港"
"讀者與編者：北平師院“一一·六”血案經過","群众","1947","第43期","23-24",NA,"香港"
"茶亭雜話：“勿忘珍珠港”","汪老吉","群众","1947","第46期","18","香港"
"“綏靖”進曲行：[畫圖多幅]","特偉","群众","1947","第44期","12","香港"
"短評：拖也無用","群众","1947","第4期","6",NA,"香港"
"追懷四·八烈士","友谷","群众","1947","第10期","19","香港"
"閻錫山王國的末日（西安通訊）","楊潤卿","群众","1947","第15期","18-19","香港"
"這叫做“言論自由”：[漫畫]","葉菲","群众","1947","第19期","6","香港"
"一條尾巴：[畫圖]","文魁","群众","1947","第21期","18","香港"
"解放軍發言人談：膠東戰塲新形勢，澈底粉碎了蔣軍全面防禦體系（新華社華東前線二十七日電）","群众","1947","第45期","13",NA,"香港"
"法國反動派陰謀的總暴露（河內通訊）","丹禾","群众","1947","第39期","16-18","香港"
"九月份解放軍戰績：蔣軍被殲逾十一萬，生俘將級軍官十三名（新華社陝北二十八日電）","群众","1947","第41期","8",NA,"香港"
"短評：美軍强姦犯竟無罪","群众","1947","第30期","6",NA,"香港"
"短評：蔣軍竟掘堤了","群众","1947","第32期","12",NA,"香港"
"覆信：成都天依先生：關於歷史，經濟、哲學方面……","群众","1947","第36期","22",NA,"香港"
"讀者與編者：海員的呼聲","群众","1947","第36期","21",NA,"香港"
"茶亭雜話：心之黑","汪老吉","群众","1947","第45期","18","香港"
"韓漢英：瓊崖的新劊子手（廣州通訊）","愉群","群众","1947","第46期","23","香港"
"覄信：本港唐三敏先生：來信收到多日，請原諒我們今天才答覆……","群众","1947","第44期","23",NA,"香港"
"短評：華僑的熱情支援","群众","1947","第43期","9",NA,"香港"
"茶亭雜話：“美國之聲”","汪老吉","群众","1947","第46期","18","香港"
"我們沒有鬆懈“上海市學生運動報導之三","巨響","群众","1947","第25期","24-25","香港"
"中共中央傳令嘉獎劉鄧兩將軍所部南下大軍戰績","群众","1947","第28期","4",NA,"香港"
"群衆中來：囘國不易出國也難","陳子安","群众","1947","第2期","9-10","香港"
"信箱：爲甚麽自殺？","趙應時","群众","1947","第2期","15","香港"
"大的戰事在前面","朝新","群众","1947","第7期","6","香港"
"短評：特務横行的南京","群众","1947","第13期","4-5",NA,"香港"
"天羅地網的民兵戰","蕭關","群众","1947","第13期","9-10","香港"
"東北行政委員會林楓主席報告：東北解放區的政權建設（新華社東北九日電）","群众","1947","第34期","6-7",NA,"香港"
"短評：四川搶米鬥爭擴大","群众","1947","第24期","1",NA,"香港"
"強盜式的公開搶掠（上海通訊）","懷庶","群众","1947","第47期","14-13","香港"
"華僑航業被摧殘（海防通訊）","丹木","群众","1947","第31期","22","香港"
"劉伯承將軍吟詩記魯西戰鬥","群众","1947","第36期","9",NA,"香港"
"“再鼓一把勁，爬過山頂去！”：記解放區人民的立功運動","時鈴","群众","1947","第25期","21-23","香港"
"短評：何物陶希聖","群众","1947","第41期","12",NA,"香港"
"謠言診斷錄（解放區報導）：一條褲子的故事","林賽","群众","1947","第47期","19-20","香港"
"王鳳喜是怎樣被殺死的？（上平通訊）","吳海雲","群众","1947","第10期","6-7","香港"
"大獨裁者的故事：[畫圖四幅]","特偉","群众","1947","第34期","17-18","香港"
"“調劑耕地”的經騐（潮汕通訊）","山民","群众","1949","第3卷 第13期","20-22","香港"
"人民解放軍總部發表七月份戰績：殲俘蔣軍十萬人，解放縣城七十座（新華社北平廿二日電）","群众","1949","第3卷 第36期","8",NA,"香港"
"錦州攻堅戰：群衆爭看解放軍的標語佈告：[照片]","群众","1949","第3卷 第6期","19",NA,"香港"
"論歷史敎訓和歷史創造","林石父","群众","1949","第3卷 第6期","9-12","香港"
"大蹈步向前的一年：一九四八年華南群衆鬥爭形勢","翰宗","群众","1949","第3卷 第6期","21-22","香港"
"“民主個人主義”的本質","杜埃","群众","1949","第3卷 第37期","3-4","香港"
"堆積如山的戰利品：（下）輕機槍堆積如柴：[照片]","群众","1949","第3卷 第19期","11",NA,"香港"
"馬克思主義與美國“例外論”","威康·福斯特","群众","1949","第3卷 第19期","14-19","香港"
"林彪大軍進軍江南：解决戰鬥，繳械捉俘虜：[照片]","群众","1949","第3卷 第22期","11",NA,"香港"
"馬歇爾調處的眞相：新華社評美白皮書","群众","1949","第3卷 第35期","10",NA,"香港"
"陶賴昭鐵橋的重建：工人們於額外時間致力重建工作，使鐵橋得以迅速修復……：[照片多幅]","群众","1949","第3卷 第37期","11",NA,"香港"
"解放區婦女的光榮：積極生產支援前綫：（右）婦女放哨，盤查行人：[照片]","群众","1949","第3卷 第14期","12",NA,"香港"
"解放區婦女的光榮：積極生產支援前綫：哈市道理區得獎的婦女勞動英雄：[照片]","群众","1949","第3卷 第14期","12",NA,"香港"
"敵人的朋友：[漫畫]","米谷","群众","1949","第3卷 第3期","1","香港"
"隨鄭到哈的軍官及其家屬：[照片]","群众","1949","第3卷 第4期","12",NA,"香港"
"和鄭洞國一起到哈爾濱的軍官家屬，上汽車準備去宿舍：[照片]","群众","1949","第3卷 第4期","12",NA,"香港"
"我們對於時局的意見","群众","1949","第3卷 第5期","3-4",NA,"香港"
"中共中原中央局建議召開臨時代表會議，成立中原人民政府","群众","1949","第3卷 第5期","9-10",NA,"香港"
"錦州攻堅戰：（左上）錦州第一道外壕工事：[照片]","群众","1949","第3卷 第6期","17",NA,"香港"
"錦州攻堅戰：右下：爲我砲火擊毁的匪軍坦克：[照片]","群众","1949","第3卷 第6期","19",NA,"香港"
"堆積如山的戰利品：（左中）繳獲美式大卡車：[照片]","群众","1949","第3卷 第19期","11",NA,"香港"
"全國學生代表大會籌委會成立","群众","1949","第3卷 第8期","25",NA,"香港"
"解放長春之戰：（右）我勝利大軍浩浩蕩蕩開入長春市：[照片]","群众","1949","第3卷 第15期","12",NA,"香港"
"中共華南中央分局負責人闡明：目前華南時局及有關各項政策","蔣","群众","1949","第3卷 第22期","1-2","香港"
"蔣介石還有多少兵？","夏合德","群众","1949","第3卷 第2期","7-8","香港"
"北平軍管會發佈關於房屋問題的規定","葉劍英 譚政","群众","1949","第3卷 第22期","20-21","香港"
"多列士的演講","群众","1949","第3卷 第21期","12-15",NA,"香港"
"瓊崖人民的參軍熱潮（琼崖通訊）","一之","群众","1949","第3卷 第19期","22","香港"
"敵人不投降就消滅它","方方","群众","1949","第3卷 第6期","5-6","香港"
"美國干涉中國內政的新政策","廖蓋隆","群众","1949","第3卷 第8期","7-8","香港"
"美國的新聞道德","葉籟士","群众","1949","第3卷 第10期","11-12","香港"
"人民隊伍攻下了湖寮（大埔通訊）","李文","群众","1949","第3卷 第10期","22-23","香港"
"記國際婦聯大會：一個代表的印象","(蘇)M·瑪卡羅娃 珊","群众","1949","第3卷 第10期","13-14","香港"
"從社會經濟基礎看暹羅政局（未完）","秋虹","群众","1949","第3卷 第10期","20-21","香港"
"如此這般的鬼把戲：[畫圖]","米谷","群众","1949","第3卷 第10期","1","香港"
"共產黨改造了我的思想（附照片）","吳玉章","群众","1949","第3卷 第3期","9-10","香港"
"劃地為界？：[漫畫]","普文","群众","1949","第3卷 第8期","2","香港"
"為了新聞的正確與純潔","李衛明","群众","1949","第3卷 第8期","14-15","香港"
"評何應欽組閣","群众","1949","第3卷 第13期","2",NA,"香港"
"警告殺人犯（新華社短評）","群众","1949","第3卷 第10期","6",NA,"香港"
"美國的新戰爭經濟（續完）","(美)艾倫","群众","1949","第3卷 第9期","18-19","香港"
"林彪總部宣佈改編北平蔣傅軍方案","群众","1949","第3卷 第11期","2-3",NA,"香港"
"恢復和發展中的天津工商業","曹來","群众","1949","第3卷 第12期","20-21","香港"
"上海軍管會公佈闗於復業復工糾紛處理暫行辦法","群众","1949","第3卷 第38期","11-12",NA,"香港"
"中國人民一定要解放台灣（新華社時評）","群众","1949","第3卷 第13期","3",NA,"香港"
"論蔣介石與李宗仁（新華社陝北廿一日電）","群众","1949","第3卷 第10期","3-4",NA,"香港"
"堆積如山的戰利品：（左上）繳獲野砲：[照片]","群众","1949","第3卷 第19期","11",NA,"香港"
"錦州之役俘獲的蔣軍軍官：前蔣軍七十九師副師長陳星樵：[照片]","陳正清","群众","1949","第3卷 第3期","11","香港"
"陝北觀察家評論馬歇爾的可恥結局","群众","1949","第3卷 第4期","16",NA,"香港"
"錦州攻堅戰：（右上）蔣軍在錦州城，設有深溝高壘近代化的工事……：[照片]","群众","1949","第3卷 第6期","17",NA,"香港"
"天津青年的學習熱潮：（上）新華書店內群眾爭購革命書刊：[照片]","群众","1949","第3卷 第21期","11",NA,"香港"
"新華社記者評論中國戰犯求和","薛","群众","1949","第3卷 第3期","1-2","香港"
"新華社時評：評蘇美英法四國協議","群众","1949","第3卷 第21期","5",NA,"香港"
"錦州之役俘獲的蔣軍軍官：前蔣軍國防部少將視察官董致和：[照片]","陳正清","群众","1949","第3卷 第3期","11","香港"
"擁護二中全會","方方","群众","1949","第3卷 第15期","4-5","香港"
"開展華南的婦女工作","余慧","群众","1949","第3卷 第10期","11-12","香港"
"布爾什維克報紙底偉大力量","格列布湼夫 宋允一","群众","1949","第3卷 第3期","17-18","香港"
"全國婦代大會通電：中國婦婦第一次全國代表大會一日通過大會通電……","群众","1949","第3卷 第15期","14",NA,"香港"
"陝北觀察家指出：南京以和備戰","群众","1949","第3卷 第6期","3-4",NA,"香港"
"天津青年的學習熱潮：（左下）群眾參觀木刻照片展覽：[照片]","群众","1949","第3卷 第21期","11",NA,"香港"
"天津青年的學習熱潮：（右）新華書店門市部內羣眾爭閲革命書刊：[照片]","群众","1949","第3卷 第21期","11",NA,"香港"
"往那裡逃？：[漫畫]","阿米","群众","1949","第3卷 第9期","8","香港"
"經濟恐慌的陰影在美國（紐約通訊）","季方","群众","1949","第3卷 第13期","21-22","香港"
"世界新形勢與鬥爭新階段","喬木","群众","1949","第3卷 第13期","4-7","香港"
"長征故事（續）","群众","1949","第3卷 第13期","17-18",NA,"香港"
"武漢工廠職工工作兩個典型實例（新華社漢口八日電）","群众","1949","第3卷 第38期","13",NA,"香港"
"粵漢路餓工的鬥爭（廣州通訊）","辛之","群众","1949","第3卷 第4期","18","香港"
"慶祝華南人民解放軍三個縱隊的成立","方方","群众","1949","第3卷 第4期","4","香港"
"一年來廣東軍事鬥爭態勢：二、宋子文的計劃逐個被粉碎","藍川","群众","1949","第3卷 第4期","5-7","香港"
"錦州攻堅戰：被我擊毁的美造飛機：[照片]","群众","1949","第3卷 第6期","18",NA,"香港"
"痛悼媽媽同志","阿芳","群众","1949","第3卷 第21期","13-15","香港"
"錦州之役俘獲的蔣軍軍官：前蔣軍新八軍參謀長李文昭：[照片]","陳正清","群众","1949","第3卷 第3期","11","香港"
"天南地北：歌謠兩句","群众","1947","第2期","10",NA,"香港"
"記燕大近事（北平通訊）：一、自由的勝利","魯光","群众","1947","第38期","17","香港"
"歷史的懲罰","董必武","群众","1947","第38期","4","香港"
"茶亭雜話：騙中騙","汪老吉","群众","1947","第31期","20","香港"
"短評：抗議渝滬特務無耻暴行","群众","1947","第3期","2",NA,"香港"
"菲島近事（馬尼刺通訊）：却以華僑作箭巴","思郢","群众","1947","第46期","16","香港"
"美國兩年來對日管制政策","群众","1947","第33期","2",NA,"香港"
"社論：論國民黨的經濟崩潰","群众","1947","第4期","1",NA,"香港"
"一個苦女子的經歷","賀葦","群众","1947","第6期","12-13","香港"
"友聲：論劃時代的土地改革","狄超白","群众","1947","第41期","13-15","香港"
"蒋介石的買賣：[畫圖]","蘆衣","群众","1947","第18期","5","香港"
"一幕滑稽劇（北平通訊）","閔登沁","群众","1947","第10期","16","香港"
"保衛和平的鬥爭開始了","喬木","群众","1947","第14期","5-7","香港"
"婦女們的活動（解放區縱横行）","史特朗","群众","1947","第46期","21-22，20","香港"
"短評：尾崎荒謬絕論","群众","1947","第24期","1",NA,"香港"
"漫談“香港小姐”事","默涵","群众","1947","第29期","14","香港"
"中共中央負責人談話","群众","1947","第6期","2",NA,"香港"
"舉足無措：[漫畫]","__衣","群众","1947","第31期","7","香港"
"中共中央西北局電賀石家莊大捷（新華社西北十五日電）（附圖）","群众","1947","第43期","3",NA,"香港"
"詩人與詩片斷","陳閑","群众","1947","第46期","17","香港"
"茶亭雜話：人心惟危","汪老吉","群众","1947","第33期","18","香港"
"短評：悼續範亭先生","群众","1947","第35期","8",NA,"香港"
"滇西近影（昆明通訊）","史剛","群众","1947","第9期","15-16","香港"
"在一個新興的國家裡（南斯拉夫通訊）（附照片）","寧一","群众","1947","第28期","18-19","香港"
"社論：反對開放對日貿易!","琳","群众","1947","第29期","1-2","香港"
"讀者與信箱：讀不起書","郭益民","群众","1947","第32期","22-23","香港"
"讀者與編者：新兵的反抗","李直","群众","1947","第31期","17","香港"
"仇恨會帶來更大的勇氣（杭州通訊）","徐良","群众","1947","第43期","17-18","香港"
"茶亭雜話：“味微苦”而己","汪老吉","群众","1947","第42期","20","香港"
"救國必須滅蔣：“九一八”十六周年新華社社論","群众","1947","第35期","5-6",NA,"香港"
"“武裝旅行”的結果：[漫畫多幅]","蘆衣","群众","1947","第15期","5-6","香港"
"讀者與編者：人心所向","沈英","群众","1947","第44期","22-23","香港"
"讀者與編者：是而可忍？","莫季銘 王燦","群众","1947","第31期","17","香港"
"又來一次經濟欺騙！","許滌新","群众","1947","第31期","3-5","香港"
"活生生的敎育（柳州通訊）（附圖）","余心","群众","1947","第26期","16","香港"
"“六一”死難烈士出殯記（漢口通訊）","雪映","群众","1947","第24期","22","香港"
"短評：並非“洗手不管”","群众","1947","第2期","4",NA,"香港"
"延安東北告捷（人民解放軍總部發言人談話）","群众","1947","第10期","4",NA,"香港"
"友聲：畧論中國土地改革","李伯球","群众","1947","第43期","12","香港"
"讀者與編者：旅法華僑反對賣國借款宣言","群众","1947","第35期","22",NA,"香港"
"大獨裁者的故事：[漫畫多幅]","特偉","群众","1947","第35期","3-4","香港"
"讀者與編者：逼人爲娼","群众","1947","第36期","21",NA,"香港"
"短評：孫科談話","群众","1947","第35期","8",NA,"香港"
"讓農民自己動手解放自己","沈友谷","群众","1947","第41期","17-19","香港"
"百貨職工的再一次試煉（上海通訊）","姜刃","群众","1947","第42期","23","香港"
"野火燒不盡（南寧通訊）","諸葛陽","群众","1947","第45期","23","香港"
"歐遊漫記：英國的煤荒和礦工","寧一","群众","1947","第46期","19-20","香港"
"記武大“六一”慘案（武漢通訊）（附照片）","熊一平","群众","1947","第21期","13-14","香港"
"讀者與編者：替死而己","王先成","群众","1947","第31期","18","香港"
"讀書雜記：新勢力與舊勢力","封風","群众","1947","第33期","20","香港"
"短評：張冲將軍到了解放區","群众","1947","第32期","12",NA,"香港"
"短評：死心塌地的賣","群众","1947","第30期","6",NA,"香港"
"在學國自衛戰線上（人民解放軍總部發言人談話）","群众","1947","第10期","6-7",NA,"香港"
"讀者與編者：上海法電工潮經過","勞生","群众","1947","第38期","23","香港"
"爭取勝利的迅速到來","卓芸","群众","1947","第21期","7-9","香港"
"請每個中國人主持公道：重慶國立女子師範全體學生抗議暴行呼籲","群众","1947","第21期","15",NA,"香港"
"讀者與編者：上海工人協會宣言","群众","1947","第37期","22",NA,"香港"
"古城的恐怖與憤怒（北平通訊）","王顧明","群众","1947","第42期","19-20","香港"
"有蔣介石就没有民主","天高","群众","1947","第45期","13-15","香港"
"在是非之間沒有“超然”","巴人","群众","1947","第47期","7-8","香港"
"風雲人物：[漫畫]","群众","1947","第7期","22",NA,"香港"
"我們越工作我們越饑餓（上海通讯）","瑞琳","群众","1947","第43期","17-18","香港"
"覄信：怎樣劃分農村中的幾個階層？","群众","1947","第41期","23",NA,"香港"
"略論馬克斯主義革命在世界上的發展：本文作者朱巴同志：[照片]","群众","1947","第41期","3",NA,"香港"
"“這個政府，就要垮台！”（北平通訊）：關於北平學生反迫害運動（附照片）","頴梅","群众","1947","第44期","19-20","香港"
"孫殿英投敵秘密（豫北前綫通訊）（附圖）","李普","群众","1947","第17期","17","香港"
"人民觧放軍大舉反攻（新華社社論）：彭德懷副總司令：[照片]","群众","1947","第34期","1",NA,"香港"
"天才指揮家劉伯承將軍（附照片）","荀寰","群众","1947","第6期","19-20","香港"
"請差欽大臣細查：[漫畫]","非子","群众","1947","第30期","17","香港"
"混亂黑暗的上海市塲（上海通訊）","阿梁","群众","1947","第7期","17-18","香港"
"恐怖的古城（北平通訊）","吳海雲","群众","1947","第7期","19-20","香港"
"人民是壓不住，殺不盡的！","卓芸","群众","1947","第19期","5-6","香港"
"讀者與編者：昏庸可笑的“參議會”","群众","1947","第36期","21-22",NA,"香港"
"從民謠看民心","秦牧","群众","1947","第35期","17-18","香港"
"短評：蔣朝內部動搖","群众","1947","第36期","10",NA,"香港"
"春江怒潮似的攻勢：新華社記者報導魯豫皖一月來戰况","群众","1947","第41期","7",NA,"香港"
"短評：走向光明罷","群众","1947","第37期","14-15",NA,"香港"
"囘到我的故鄉大别山","陳橋鶴","群众","1947","第37期","17-18","香港"
"活不下去了（長沙通訊）","顆","群众","1947","第41期","20-21","香港"
"致讀者：親愛的讀者諸君……","群众","1947","第31期","18",NA,"香港"
"讀者與編者：慰勞解放軍","群众","1947","第43期","24",NA,"香港"
"瞬息萬變的戰局","朝新","群众","1947","第45期","11-12","香港"
"“這個政府，就要垮臺！”（北平通訊）：關於北平學生反迫害運動：被殺害的于子三的遺體：[照片]","群众","1947","第44期","19",NA,"香港"
"法國人眼中的馬歇爾“援歐計劃”：[漫畫]","群众","1947","第32期","8",NA,"香港"
"掩__了的窟窿：[漫畫]","安尼","群众","1947","第35期","2","香港"
"以實行“耕者有其田”來紀念孫中山先生","陳其瑗","群众","1947","第42期","12-15","香港"
"短評：抗議釋放日本重要戰犯","群众","1947","第33期","6",NA,"香港"
"醜劇：[漫畫]","葉菲","群众","1947","第20期","5","香港"
"罪惡，醜劇！（上海通訊）","王先","群众","1947","第9期","21","香港"
"請君一“飽”眼福：[漫畫]","米谷","群众","1947","第9期","6","香港"
"“狗急跳牆”蒋軍進攻延安","方方","群众","1947","第9期","2","香港"
"新中國知識份子的典型：紀念鄒、陶、聞、李四位先生（附圖、照片）","沈友谷","群众","1947","第25期","11-13","香港"
"新中國知識份子的典型：紀念鄒、陶、聞、李四位先生：李公樸先生：[照片]","群众","1947","第25期","12",NA,"香港"
"讀者與編者：南京種種：編者先生：……說到我到南京一個半月來所得的印象……","辛上","群众","1947","第41期","22-23","香港"
"讀者與編者：粉碎蒲立特建議","石磐","群众","1947","第40期","22","香港"
"往那裏去？：[漫畫]","文魁","群众","1947","第17期","8","香港"
"論魯南戰局","舒翰","群众","1947","第4期","7-8","香港"
"民主力量與反動力量的鬥争（續完）","杜克洛 梁桓","群众","1947","第17期","18-20","香港"
"罷教，罷課，普遍蔣管區！","群众","1947","第17期","6-8",NA,"香港"
"解放區街頭詩：堅壁清野","林山","群众","1947","第32期","21","香港"
"短評：美貨加上日貨","群众","1947","第21期","2",NA,"香港"
"讀者與編者：爲于子三同學被捕慘死之聲明","群众","1947","第43期","23",NA,"香港"
"記上海三大報的被封（上海通訊）","張望新","群众","1947","第20期","16","香港"
"茶亭雜話：“顯有漸增之勢”","汪老吉","群众","1947","第41期","5-6","香港"
"英國經濟的出路","(英)P·杜德 以沛","群众","1947","第4期","14-15","香港"
"茶亭雜話：上帝在那裏","汪老吉","群众","1947","第48期","17","香港"
"短評：趕快救災","群众","1947","第22期","5-6",NA,"香港"
"從魯南看全局（附圖）","懷湘","群众","1947","第3期","5-7，12","香港"
"誰統治著美國","卓芸","群众","1947","第4期","12-13，11","香港"
"論五月戰局","朝新","群众","1947","第19期","12-13","香港"
"印荷戰爭與華僑","章雨","群众","1947","第32期","9-11","香港"
"晋·冀·魯·豫人民解放軍四月份攻势圖","群众","1947","第15期","7",NA,"香港"
"短評：營救王任叔","群众","1947","第31期","6",NA,"香港"
"延安總部公佈：愛國自衛戰爭的幾項重要統計","群众","1947","第4期","11",NA,"香港"
"美國工人的生活和鬥爭（美國通訊）","嚴嘉仁","群众","1947","第14期","15-17","香港"
"短評：領空大出賣","群众","1947","第21期","2",NA,"香港"
"讀者與編者：本港雪河先生：最近，“正報”上面有幾篇文章……","群众","1947","第42期","9",NA,"香港"
"人民解放軍總部發表十個月的自衛戰績公報","群众","1947","第18期","8-9",NA,"香港"
"解放區街頭詩：男兒做事有主張","群众","1947","第32期","21",NA,"香港"
"百里已行九十：[漫畫]","群众","1947","第10期","22",NA,"香港"
"人民解放軍總部發表公報：一年來殲敵分期統計：開始四個月蔣軍損失二十九萬九千人，十一月至今年二月殲敵四十一萬四千……","群众","1947","第28期","10-11",NA,"香港"
"一幕日記：走狗的活劇（杭州通訊）","丹若","群众","1947","第39期","23","香港"
"解放區民兵：（上）解放區人民熱烈參軍，為保衛自已的家鄉和利益而戰，父母送兒，妻子送郎，都堆着滿面笑容，他們一致感到自已的行動是無比的光榮：[照片]","群众","1947","第13期","11",NA,"香港"
"“把鬍子剃掉，不是一名壯丁嗎？”：[畫圖]","安尼","群众","1947","第40期","3","香港"
"讀者與編者：那來的財產？","羅銘","群众","1947","第34期","21","香港"
"解放區民兵：（中)在小村落的山坡上，一面銅鑼，一根木棒，一個民兵在放防空哨，守望着晋察冀的天空","群众","1947","第13期","11",NA,"香港"
"秋到滬江（上海通訊）","沈啓文","群众","1947","第33期","23","香港"
"內蒙古的自治運動（塞北通訊）","孟銘","群众","1947","第30期","15-16","香港"
"祝蒙陰大捷：新華社二十日時評","群众","1947","第18期","5",NA,"香港"
"讀者與信箱：奴才之奴才","襄君","群众","1947","第32期","22","香港"
"請告訴我們：對于本刊的意見","群众","1947","第13期","23",NA,"香港"
"李濟深將軍對時局意見","群众","1947","第7期","13",NA,"香港"
"美國的共和黨（美國通訊）","劉友棠","群众","1947","第21期","18-19","香港"
"走下坡路的蔣介石：[畫圖]","安尼","群众","1947","第44期","1","香港"
"煤礦工人罷工後的美國勞工運動（美國通訊）","季芳","群众","1947","第7期","15，18","香港"
"蘇聯與世界：紀念十月革命三十年","喬木 路","群众","1947","第41期","1-2","香港"
"茶亭雜話：樂觀家","汪老吉","群众","1947","第31期","20","香港"
"日貨湧進來了","懷庶","群众","1947","第31期","15-16","香港"
"人民觧放軍大舉反攻（新華社社論）：葉劍英參謀長：[照片]","群众","1947","第34期","2",NA,"香港"
"東北人民解放軍夏季攻勢圖","群众","1947","第20期","15",NA,"香港"
"短評：僑胞的支援","群众","1947","第20期","1-2",NA,"香港"
"國民黨反動派摧殘文化罪行實錄（一九四七年春季二月─四月）","群众","1947","第15期","15-17",NA,"香港"
"美國自絕於世界（上）","喬木","群众","1947","第28期","13-17","香港"
"紀念“五一”與中國工人的解放鬥爭","方方","群众","1947","第14期","10-13","香港"
"紅槍女將李蘭英","孫明","群众","1947","第21期","22-23","香港"
"網是撒下了！：[漫畫]","葉菲","群众","1947","第17期","13","香港"
"北平“五·二○”幾個鏡頭（北平通訊）","化葦","群众","1947","第20期","19-20","香港"
"疾風掃落葉：十月二十三日至二十九日一週综合戰况（新華社陝北廿九日電）","群众","1947","第41期","5-6",NA,"香港"
"孫科原形畢露：六月廿九日新華社時評","群众","1947","第23期","11",NA,"香港"
"短評：嚴重抗議","群众","1947","第46期","9",NA,"香港"
"跨過黄河：[畫圖]","蘆衣","群众","1947","第27期","11","香港"
"張君勱曾琦之流支持得住嗎？：[漫畫]","陳康","群众","1947","第15期","3","香港"
"讀者與編者：發起旅歐華僑和平民主促成會宣言","群众","1947","第39期","22",NA,"香港"
"杜魯門向世界人民挑戰","舒翰","群众","1947","第9期","13","香港"
"香港漁民的血淚生活","馨遠","群众","1947","第40期","18-19","香港"
"這條“妙計”也不中用：[畫圖]","葉菲","群众","1947","第23期","12","香港"
"歐遊漫記两過匈牙利","寧一","群众","1947","第37期","12-13","香港"
"交大學生赴京請願記（上海通訊）","予均","群众","1947","第17期","6-8","香港"
"讀者與編者：裝窮比賽","阿九","群众","1947","第33期","21","香港"
"茶亭雜話：太遲、太遲了","汪老吉","群众","1947","第44期","16","香港"
"“孩子最兇”","秦似","群众","1947","第19期","10","香港"
"短評：怎樣活下去","群众","1947","第3期","2-3",NA,"香港"
"短評：美軍駐地禁止遊行","群众","1947","第2期","4",NA,"香港"
"茶亭雜話：戰報公式舉例","汪老吉","群众","1947","第43期","10-11","香港"
"紀念“七一”，學習毛澤東思想毛澤東同志：[照片]","群众","1947","第23期","4",NA,"香港"
"蔣介石從此走下坡路","朝新","群众","1947","第13期","6","香港"
"八面山上（續完）（附圖）","佚名","群众","1947","第2期","16-18","香港"
"新社會的報信人和耕耘者：紀念高爾基逝世十一週年","公望","群众","1947","第21期","11-12","香港"
"人民無權，獨夫集權：偽憲法的叚面目（附圖）","李維漢","群众","1947","第2期","5-8","香港"
"半升米","葛琴","群众","1947","第26期","19-23","香港"
"他們怎麼”撤退“的？（上海通訊）","群众","1947","第7期","2",NA,"香港"
"耕田人翻身的故事：（一）幾千年來，我們的老祖宗都是這樣被騎著過日子的……：[畫圖多幅]","特偉","群众","1947","第46期","6","香港"
"茶亭雜話：大家叫上帝了","汪老吉","群众","1947","第48期","17","香港"
"公務員，淚漣漣","群众","1947","第29期","20",NA,"香港"
"短評：救救孩子","群众","1947","第10期","12",NA,"香港"
"掀起了土地改革的高潮（附照片）","葛洛","群众","1947","第37期","10-11","香港"
"中國土地法大綱（中國共産黨全國土地會議一九四七年九月十五日通過）","群众","1947","第39期","1-2",NA,"香港"
"人民觧放軍大舉反攻（新華社社論）：朱德總司令：[照片]","群众","1947","第34期","1",NA,"香港"
"大變化的一年","朝新","群众","1947","第26期","14-15","香港"
"天南地北：嚇人的數字","群众","1947","第2期","10",NA,"香港"
"社論：中國人民莊嚴的聲明","琳","群众","1947","第3期","1","香港"
"美蔣宋的政治陰謀","漢夫 琳","群众","1947","第45期","1","香港"
"我們的爸爸陶先生","阿高","群众","1947","第25期","14-16","香港"
"茶亭雜話：“謹掬哀忱”","汪老吉","群众","1947","第38期","19","香港"
"論大反攻諸問題","舒翰","群众","1947","第42期","7-9","香港"
"換湯不換藥：[漫畫]","蘆衣","群众","1947","第14期","1","香港"
"江南農村中的高利貸（蘇州通訊）","馬東明","群众","1947","第28期","22-23","香港"
"茶亭雜話：是這樣的買賣","汪老吉","群众","1947","第41期","6","香港"
"真正是“吃光運動”：[漫畫]","M. K.","群众","1947","第19期","3","香港"
"記武大“六一”慘案：剛回祖國的台灣同學陳如覺君：[照片]","群众","1947","第21期","14",NA,"香港"
"北平助學動運勝利成功（北平通訊）","吳天","群众","1947","第36期","17","香港"
"醜劇：一張換一張、再加上一票……：[漫畫多幅]","特偉","群众","1947","第43期","9-11","香港"
"解放區新聞界：評論魏德邁離華聲明","群众","1947","第32期","3",NA,"香港"
"覄信：青山梁志勤先生：一，中國新民主主義革命……","群众","1947","第47期","23",NA,"香港"
"茶亭雜話：“誰先弱”的問題","汪老吉","群众","1947","第36期","11","香港"
"歐遊漫記：法國工人與第四共和（下）","寜一","群众","1947","第42期","21-22","香港"
"對蔣介石違約實行黃河堵口，董必武發麦聲明","群众","1947","第10期","9",NA,"香港"
"向中國人民致敬（附手稿）","加香","群众","1947","第14期","14","香港"
"論印尼的抗暴自衛戰爭","東方晦之","群众","1947","第27期","5-6","香港"
"中共發言人指斥加拿大助蔣內戰","群众","1947","第35期","10",NA,"香港"
"短評：魏德遭侮辱中國人民","群众","1947","第39期","6",NA,"香港"
"紫金山上看暮秋（南京通訊）","許穆","群众","1947","第44期","17-18","香港"
"評解放右家莊之捷：聶榮臻將軍：[照片]","群众","1947","第43期","2",NA,"香港"
"茶亭雜話：另一種偏向","汪老吉","群众","1947","第34期","17","香港"
"讀者與編者：把台胞當作賊","張文田","群众","1947","第34期","22","香港"
"容縣圍攻與廣西日報（桂林通訊）","黃思勸","群众","1947","第14期","16-17","香港"
"有“辦法”！：[漫畫]","蘇飛","群众","1947","第38期","13","香港"
"菲島近事（馬尼刺通訊）：誰是被鄙親的","思郢","群众","1947","第46期","16-17","香港"
"大反攻的號角響了！（晋冀魯豫人民日報十二日社論）","群众","1947","第26期","10-11",NA,"香港"
"歐遊漫記：捷克的土地政策和農民","寧一","群众","1947","第40期","11-13","香港"
"介紹新民主雜誌","群众","1947","第9期","23",NA,"香港"
"關於蘇聯的幣制改革","許滌新","群众","1947","第48期","9-10，16","香港"
"解放區民兵：（下）操練中的晋察冀民兵：[照片]","群众","1947","第13期","11",NA,"香港"
"最近蘇聯文藝界的思想鬥爭（續完）","荃麟","群众","1947","第6期","21-22","香港"
"短評：中國人民决不認賬","群众","1947","第19期","12",NA,"香港"
"把農民隊伍組織好：彭眞同志在晋察冀邊區農會臨时代表會講話摘要（新華社晋察冀七日電）","路","群众","1947","第47期","1","香港"
"短評：有計劃的陰謀","群众","1947","第15期","2",NA,"香港"
"大獨裁者的故事：[漫畫多幅]","特偉","群众","1947","第33期","17-18","香港"
"短評：抗議解聘愛國教授","群众","1947","第24期","1",NA,"香港"
"人民解放軍二十週年：新華社紀念“八一”節社論","群众","1947","第28期","1-3",NA,"香港"
"董必武離京返延前聲明","群众","1947","第7期","2",NA,"香港"
"讀報：[木刻]","夏風","群众","1947","第19期","14","香港"
"加深認識，加倍努力！","卓芸 薛","群众","1947","第36期","1-3","香港"
"讀者與編者：上海反動“總工會”籌欵碰壁記","李阿毛","群众","1947","第47期","22","香港"
"讀者與編者：苦難中的小上海","企新","群众","1947","第39期","22","香港"
"三大攻勢開始了（附圖）","朝新","群众","1947","第37期","8-9","香港"
"東北戰塲又活躍了","朝新","群众","1947","第17期","15-16","香港"
"信箱：不能升學·生活枯燥","林堅","群众","1947","第3期","21-23","香港"
"奪取封建文藝的堡壘：從“劉巧團圓”談起","周而復","群众","1947","第30期","11-12，4","香港"
"茶亭雜話：僞装得更好的路子","汪老吉","群众","1947","第47期","15","香港"
"短評：祝全國學聯成立","群众","1947","第26期","3-4",NA,"香港"
"中國與英國","克雷格","群众","1947","第27期","14-15","香港"
"短評：以人民為馴羊","群众","1947","第6期","2",NA,"香港"
"論大反攻","懷湘","群众","1947","第33期","9-12，5","香港"
"無辜的受難羣（北平通訊）","張香山","群众","1947","第2期","14","香港"
"短評：“群眾”創刊十週年","群众","1947","第46期","9",NA,"香港"
"訪李濟琛將軍","陸詒","群众","1947","第6期","18","香港"
"在東北前綫","羅烽","群众","1947","第20期","22-23","香港"
"論國民黨的財政危機","許滌新","群众","1947","创刊号","15-16","香港"
"中國人民解放軍總部頒佈當前時局口號：中國人民解放軍口號：（一）打倒×××，建立新中國……","群众","1947","第38期","3",NA,"香港"
"石家莊之捷","朝新","群众","1947","第43期","4-5","香港"
"北大的請願與胡適（北平通訊）","穎梅","群众","1947","第40期","12-13","香港"
"人民解放軍總部發表公報：一年來城市得失比較：開始四個月解放區失城一○五座，去年十一月至今年二月得失相抵……","群众","1947","第28期","11",NA,"香港"
"毛澤東論世界局勢：史特朗女士：[照片]","群众","1947","第19期","8",NA,"香港"
"一年來的解放區土地改革","于光遠","群众","1947","第3期","13-14","香港"
"这是一個猪羊大會：[詩歌]","敏夫","群众","1947","第2期","13","香港"
"短評：魏德邁來華","群众","1947","第25期","6",NA,"香港"
"短評：蔣美合作製造黃災","群众","1947","第23期","14",NA,"香港"
"茶亭雜話：當心緩兵之計","汪老吉","群众","1947","第44期","16","香港"
"短評：抵抗侵畧一定勝利","群众","1947","第42期","2",NA,"香港"
"“新天方夜谭”(伊朗亚塞拜然省要求自治，魔瓶中阴谋层出不穷，德黑兰政府摇摇欲倒):[画图]","莫斯","时代杂志","1945","第5卷 第24期","封3","上海"
"关于希特勒与墨索里尼的死","时代杂志","1945","第5卷 第2期","13-14",NA,"上海"
"全世界爱好自由民族向苏联电贺胜利:英皇乔治六世致史大林，加里宁贺电","乔治六世","时代杂志","1945","第5卷 第4期","10","上海"
"苏联对旧金山会议表明态度:莫洛托夫在旧金山对记者团发表谈话","莫洛托夫","时代杂志","1945","第5卷 第4期","11-12","上海"
"庆祝伟大光明的胜利","守巧夫","时代杂志","1945","第5卷 第3期","11-12","上海"
"世界之窗:在这样的狂澜中还捕得到鱼吗?:[画图]","时代杂志","1945","第5卷 第19期","封3",NA,"上海"
"郭沫若续继的苏联考察","时代杂志","1945","第5卷 第14期","23",NA,"上海"
"红场胜利阅兵观礼记:柯聂夫元帅:[照片]","时代杂志","1945","第5卷 第10期","5",NA,"上海"
"西班牙:希特勒掠夺者的助手(未完)","伊巴鲁里","时代杂志","1945","第5卷 第17期","15-17","上海"
"苏联十月社会主义革命纪念祝词:郭沫若先生演词:奉行国父遗教:向苏联看齐!","郭沫若","时代杂志","1945","第5卷 第19期","8-10","上海"
"西行漫记(2):红军进入德国之后沿途所见(未完)","戈尔巴朵夫 库尔干诺夫","时代杂志","1945","第5卷 第2期","23-26","上海"
"抗议的尸体","Pen","时代杂志","1945","第5卷 第11期","10","上海"
"苏联勋章奖章:战功奖章:[照片]","时代杂志","1945","第5卷 第6期","封2",NA,"上海"
"在旧金山联合国会议上","时代杂志","1945","第5卷 第4期","20",NA,"上海"
"国际一角:“朋友，请进去吧!”(认识真正的伟大友爱):[画图]","米谷","时代杂志","1945","第5卷 第21期","封3","上海"
"国际一周间:意国的政潮","阿尔古斯","时代杂志","1945","第5卷 第22期","7-8","上海"
"苏维埃的大炮在消灭着敌人:[照片]","时代杂志","1945","第5卷 第2期","封3",NA,"上海"
"在华日军投降签字仪式:3.在华日军派遣军总司令冈村将军代表日本签署降书与之并坐者为小林大将，今井少将等:[照片]","时代杂志","1945","第5卷 第17期","封2",NA,"上海"
"海军人民委员长致红海军命令:命令第一一○号(一九四五年七月二十二日莫斯科):同志们，红海军人员……","库士聂卓夫","时代杂志","1945","第5卷 第14期","1页","上海"
"国际一角:纳粹在欧洲的两种不同遭遇:[画图]","米谷","时代杂志","1945","第5卷 第21期","封3","上海"
"苏德战争开始的那一天:络绎不绝的兵车从苏联各处各地开到前线去:[照片]","时代杂志","1945","第5卷 第9期","封2",NA,"上海"
"苏联的母亲英雄:“母亲英雄”勋章:[照片]","时代杂志","1945","第5卷 第7期","封2",NA,"上海"
"庆祝苏联建国二十八周年纪念","邵力子","时代杂志","1945","第5卷 第19期","6-7","上海"
"联合国为什么胜利","时代杂志","1945","第5卷 第3期","9-10",NA,"上海"
"全世界爱好自由民族向苏联电贺胜利:蒂托元帅贺电","蒂托","时代杂志","1945","第5卷 第4期","10","上海"
"为什么要尊敬战争罪犯","阿尔古斯","时代杂志","1945","第5卷 第5期","18-20","上海"
"苏联二十八年来的对外政策(未完)","达伊金","时代杂志","1945","第5卷 第19期","19-22","上海"
"苏联勋章奖章:列宁格勒保卫战奖章:[照片]","时代杂志","1945","第5卷 第6期","封3",NA,"上海"
"介绍:战时苏联新闻片:四辑“战时苏联新闻集”","时代杂志","1945","第5卷 第7期","21",NA,"上海"
"史大林画传(下):内战与干涉战争时代的史大林:[画图]","时代杂志","1945","第5卷 第25期","封3",NA,"上海"
"夏令运动在苏联:织工联合会“鱼雷”足球队夺获“莫斯科杯”:[照片]","时代杂志","1945","第5卷 第8期","封2",NA,"上海"
"苏联国歌:[歌曲]","时代杂志","1945","第5卷 第6期","4",NA,"上海"
"胜利日在上海:虹口区日本人的街头食堂:[照片]","时代杂志","1945","第5卷 第18期","封3",NA,"上海"
"国际一周:希腊前外长说明引退理由","时代杂志","1945","第5卷 第15期","16",NA,"上海"
"红军进入德土:红军炮队在黑夜中对德军阵地作猛烈的轰击:[照片]","时代杂志","1945","第5卷 第1期","封2",NA,"上海"
"国际一角:联合国宪章生效之后:[画图]","伊戈斯","时代杂志","1945","第5卷 第20期","封3","上海"
"苏联全貌:苏联首都莫斯科红场:[照片]","时代杂志","1945","第5卷 第2期","15",NA,"上海"
"苏联全国在欢迎得胜归来的战士们","西蒙诺夫","时代杂志","1945","第5卷 第15期","21","上海"
"红军争夺柏林之战:坦克部队向德京进攻:[照片]","时代杂志","1945","第5卷 第14期","封2",NA,"上海"
"国际一周:丹麦近况","时代杂志","1945","第5卷 第7期","11",NA,"上海"
"苏联全貌:南方乔治亚共和国的首都特比利斯:[照片]","时代杂志","1945","第5卷 第2期","16",NA,"上海"
"莫斯科胜利阅兵典礼:苏联最高副总司令树柯夫元帅发表演说(附照片)","树柯元","时代杂志","1945","第5卷 第10期","1页，4","上海"
"南斯拉夫元帅蒂托:蒂托元帅:[照片]","时代杂志","1945","第5卷 第17期","23",NA,"上海"
"国际一周:波兰流亡份子继续恐怖活动","时代杂志","1945","第5卷 第15期","16",NA,"上海"
"苏联勋章奖章:光荣勋章:[照片]","时代杂志","1945","第5卷 第6期","封2",NA,"上海"
"史大林六秩晋六寿诞(一九四五年十二月二十一日):[彩图]","时代杂志","1945","第5卷 第25期","封1",NA,"上海"
"法西斯西班牙的检讨","时代杂志","1945","第5卷 第12期","12-13",NA,"上海"
"苏联勋章奖章:红旗勋章:[照片]","时代杂志","1945","第5卷 第6期","封2",NA,"上海"
"季米特洛夫荣获列宁勋章","时代杂志","1945","第5卷 第10期","7",NA,"上海"
"在东普鲁士(待续)","爱伦堡","时代杂志","1945","第5卷 第8期","23-24","上海"
"苏维埃社会主义共和国联邦国徽:[画图]","时代杂志","1945","第5卷 第23期","封1",NA,"上海"
"苏联海军扬威海外:苏联英雄克洛尼特军曹，以强渡德聂泊尔河而闻名，他曾以手溜弹炸毁敌人三个机关枪巢，一辆坦克，并且勇敢地与敌作肉搏战:[画图]","时代杂志","1945","第5卷 第13期","封2",NA,"上海"
"国际一角:电铃坏了!(门上写着“南斯拉夫”):[画图]","时代杂志","1945","第5卷 第23期","封2",NA,"上海"
"旧金山会议圆满结束:苏联首席代表演词","时代杂志","1945","第5卷 第10期","11-12",NA,"上海"
"点将录(1):苏联元帅树柯夫(附照片)","时代杂志","1945","第5卷 第1期","27",NA,"上海"
"铲除德军残余全视英美努力","别斯巴洛夫","时代杂志","1945","第5卷 第5期","20-21","上海"
"保加利亚公布选举法","时代杂志","1945","第5卷 第8期","7",NA,"上海"
"苏联勋章奖章:高级军事勋章:[照片]","时代杂志","1945","第5卷 第5期","封2",NA,"上海"
"国际一周:建立法国工党为团结法国人民的要素","时代杂志","1945","第5卷 第8期","16",NA,"上海"
"国际一周:关于旧金山会议","时代杂志","1945","第5卷 第9期","15",NA,"上海"
"波兰反动派的徒劳无益的阴谋","时代杂志","1945","第5卷 第4期","14",NA,"上海"
"史大林画传(上):一九一八年二月，史大林和伏罗希洛夫领导人民保卫察里邨(即今史大林格勒)，抵抗外国干涉军和白卫军:[画图]","时代杂志","1945","第5卷 第25期","封2",NA,"上海"
"格罗米柯发表辟谣声明","时代杂志","1945","第5卷 第8期","19",NA,"上海"
"国际一周:论旧金山会方与波兰新政府","时代杂志","1945","第5卷 第11期","16",NA,"上海"
"夏令运动在苏联:苏联角力巨人奥斯曼，阿勃杜拉赫曼(身高三公尺七公分，体重134公斤或约三百镑)，旁立者为体重较轻的角力士:[照片]","时代杂志","1945","第5卷 第8期","封2",NA,"上海"
"未来的海员:学童们热中地听工程师讲述发动机的机构:[照片]","时代杂志","1945","第5卷 第7期","封3",NA,"上海"
"到柏林之路(未完)","葛洛斯曼","时代杂志","1945","第5卷 第5期","22-24","上海"
"苏联勋章奖章:卫国战争奖章，奖予有功于卫国战争之人:[照片]","时代杂志","1945","第5卷 第5期","封2",NA,"上海"
"苏联勋章奖章:卫国战争游击战士奖章:[照片]","时代杂志","1945","第5卷 第6期","封3",NA,"上海"
"国际一周:改组后的英内阁","时代杂志","1945","第5卷 第7期","10",NA,"上海"
"苏美两国互相需要","时代杂志","1945","第5卷 第8期","4-5",NA,"上海"
"国际一周:意社共两党退出内阁","时代杂志","1945","第5卷 第6期","15-16",NA,"上海"
"国际一周间:纽伦堡大审","阿尔古斯","时代杂志","1945","第5卷 第21期","8-9","上海"
"十月革命与文化革命(续完):列宁论文化与文化革命","史米尔诺夫","时代杂志","1945","第5卷 第20期","21-23","上海"
"高尔基生活片断:高尔基与一九一七年革命的参加者谈话:[照片]","时代杂志","1945","第5卷 第8期","封3",NA,"上海"
"国际一周:改组波兰临时政府问题","时代杂志","1945","第5卷 第8期","15",NA,"上海"
"国际一周:南斯拉夫亡命者的破坏活动","时代杂志","1945","第5卷 第8期","16",NA,"上海"
"苏联勋章奖章:西伐斯托波尔保卫奖章:[照片]","时代杂志","1945","第5卷 第6期","封3",NA,"上海"
"苏联的特色:文化生活在苏联:莫斯科快艇俱乐部会员举行快艇竞赛:[照片]","时代杂志","1945","第5卷 第19期","18",NA,"上海"
"用胜利去光辉领袖的念纪:[诗歌]","库马赤","时代杂志","1945","第5卷 第1期","8","上海"
"苏联后方:民众一切力量献给最后胜利:新阿尔泰工厂自动枪制造部全为电汽设备，工作者多为妇女:[照片]","时代杂志","1945","第5卷 第1期","封3",NA,"上海"
"悼史迁尔巴柯夫:真理报五月十一日社论(附图)","时代杂志","1945","第5卷 第4期","19-20",NA,"上海"
"特写:柏林之战:投降后一小时","时代杂志","1945","第5卷 第3期","16-17",NA,"上海"
"降书签署前与降书的签署:联苏元帅树柯夫:[照片]","时代杂志","1945","第5卷 第3期","6",NA,"上海"
"社会主义国家的宪法(下期续完)","时代杂志","1945","第5卷 第24期","9-10",NA,"上海"
"扑灭希特勒幕后人物的活动!","时代杂志","1945","第5卷 第14期","9-10",NA,"上海"
"苏联的母亲英雄:安娜·伊凡诺芙娜假日在儿子群中:休假中的少尉，集体农场主席，事务主任，残废军人和耕种机手:[照片]","时代杂志","1945","第5卷 第7期","封2",NA,"上海"
"列宁格勒人休假日在聂伐河畔休息:[照片]","时代杂志","1945","第5卷 第15期","封1",NA,"上海"
"苏联经济制度中的货币与交换(续完)","阿特拉斯 朱声扬","时代杂志","1945","第5卷 第23期","17-20","上海"
"国际一角:好一个“评判”员:[画图]","米谷","时代杂志","1945","第5卷 第21期","封3","上海"
"国际一角:纽伦堡大审之前……:[画图]","伊戈斯","时代杂志","1945","第5卷 第20期","封3","上海"
"托尔高会师:两位师长在美苏军官簇拥之下向司令部进发:[画图]","时代杂志","1945","第5卷 第15期","封2",NA,"上海"
"论三国柏林会议公告:真理报八月四日社论","时代杂志","1945","第5卷 第16期","1页，4-5",NA,"上海"
"高尔基生活片断:高尔基在工厂里对工人演讲:[照片]","时代杂志","1945","第5卷 第8期","封3",NA,"上海"
"希特勒党徒罪大恶极的暴行之一:玛伊达纳克死营:曝露的遗迹:[照片]","时代杂志","1945","第5卷 第10期","封3",NA,"上海"
"特写:柏林市街战:六支致命短剑","时代杂志","1945","第5卷 第1期","21-22",NA,"上海"
"特写:柏林市街战:步步依照计划","时代杂志","1945","第5卷 第1期","23",NA,"上海"
"国际一周:罗斯福夫人攻击美国的恐惧病患者","时代杂志","1945","第5卷 第7期","9-10",NA,"上海"
"英勇红军和他们的领导者","守巧夫","时代杂志","1945","第5卷 第7期","4-5","上海"
"法西斯蒂全体性间谍组织","查斯拉夫基斯","时代杂志","1945","第5卷 第21期","21-22","上海"
"史大林对波兰问题发表意见:答英国泰晤士报记者问","史大林","时代杂志","1945","第5卷 第5期","7","上海"
"德国土地上的红军战迹:德兵不再抵抗，成千成万地投降为俘，以冀保全自己的生命:[照片]","时代杂志","1945","第5卷 第4期","封2",NA,"上海"
"阿根廷:战争纵火者的巢穴","时代杂志","1945","第5卷 第5期","12-13",NA,"上海"
"特写:柏林市街战:斯普莱河血战","时代杂志","1945","第5卷 第2期","21-22",NA,"上海"
"胜利日在莫斯科和上海(一九四五年五月九日):莫斯科天空闪耀着近千道探照灯的光芒.当天晚上有千尊大炮鸣放胜利礼炮:[照片]","时代杂志","1945","第5卷 第10期","封2",NA,"上海"
"在列宁的旗帜之下:列宁诞生七十五周年纪念(一八七○年四月二十二日)","波诺马列夫","时代杂志","1945","第5卷 第1期","6-8","上海"
"苏联海军扬威海外:苏联海军施放鱼雷:[照片]","时代杂志","1945","第5卷 第13期","封3",NA,"上海"
"文化消息:挪苏协会举行第一次大会","时代杂志","1945","第5卷 第13期","20",NA,"上海"
"文化消息:梵蒂冈开除道坦大主教","时代杂志","1945","第5卷 第13期","21",NA,"上海"
"法国最近的政局:法国人民拥护全权立宪会议","时代杂志","1945","第5卷 第13期","10-11",NA,"上海"
"国际一周:世界职工大会将在九月揭幕","时代杂志","1945","第5卷 第13期","16",NA,"上海"
"高尔基研究:我怎样学习写作(未完)","施维卓夫 高尔基","时代杂志","1945","第5卷 第12期","28-29","上海"
"史大林画传(上):巴东监狱第六号狱室.史大林第一次被捕后就监禁在这里:[画图]","时代杂志","1945","第5卷 第25期","封2",NA,"上海"
"“元首”死了，他的仆从还在活动!:国际局势检讨","守巧夫","时代杂志","1945","第5卷 第6期","8-9","上海"
"工业与战争:苏联获胜原因之一(未完)","史迁宾","时代杂志","1945","第5卷 第4期","23-24","上海"
"复兴被破坏的城乡:苏城被德军破坏甚重.这是莫奇廖城的居民恢复自己的城市:[照片]","时代杂志","1945","第5卷 第4期","封3",NA,"上海"
"意大利近况","托里亚契","时代杂志","1945","第5卷 第5期","13-14","上海"
"解放后的苏维埃土地:苏维埃土地从战火中更生了.开春以来，田野里开始工作.强大的曳引机在翻拨着泥土，预备播种:[照片]","时代杂志","1945","第5卷 第3期","封3",NA,"上海"
"特写:柏林之战:德军投降即景","时代杂志","1945","第5卷 第3期","17",NA,"上海"
"关于俘虏回国问题:苏联人民委员长苏维埃俘虏回国事务全权委员戈里柯夫上将对塔斯社记者的谈话(附照片)","时代杂志","1945","第5卷 第3期","13-14",NA,"上海"
"苏联纪行(五)","郭沫若","时代杂志","1945","第5卷 第23期","23-26","上海"
"黄浦江中拥挤得连鱼类也都挨不下了:[画图]","时代杂志","1945","第5卷 第22期","封2",NA,"上海"
"到柏林之路:(二)维斯拉和奥德尔间(未完)","葛洛斯曼","时代杂志","1945","第5卷 第6期","22-24","上海"
"苏联勋章奖章:奖给苏联英雄的金星勋章:[照片]","时代杂志","1945","第5卷 第6期","封2",NA,"上海"
"苏联勋章奖章:乌沙柯夫奖章:[照片]","时代杂志","1945","第5卷 第6期","封3",NA,"上海"
"希特勒的办公室与住宅","时代杂志","1945","第5卷 第6期","21",NA,"上海"
"苏联仍重视国防","时代杂志","1945","第5卷 第6期","7",NA,"上海"
"苏联学术院成立二百二十周年纪念(附图)","柯马洛夫","时代杂志","1945","第5卷 第7期","19-20","上海"
"国际一周:英国国会改选前夜","时代杂志","1945","第5卷 第6期","15",NA,"上海"
"国际一周:阿根廷的恐怖政策","时代杂志","1945","第5卷 第7期","11",NA,"上海"
"英国对苏联俘虏的待遇","时代杂志","1945","第5卷 第7期","15-16",NA,"上海"
"法国在苏“诺曼第”飞行队返国","时代杂志","1945","第5卷 第9期","8-9",NA,"上海"
"苏德战争开始的那一天:成千成万的妇女，经过救护训练后，开始报名加入作战的军队:[照片]","时代杂志","1945","第5卷 第9期","封2",NA,"上海"
"苏军攻破柏林城经过:四千辆坦克二万二千尊大炮与五千架飞机的夜袭决定了整个战局:希特勒或已驾机飞走，柏林陷落前两天曾与女明星结婚:树柯夫元帅与维辛斯基答覆各国记者问题(附照片)","树柯夫 维辛斯基","时代杂志","1945","第5卷 第8期","6-7","上海"
"苏联大诗人台米羊·别德纳逝世(附图)","时代杂志","1945","第5卷 第6期","12",NA,"上海"
"国际一周:苏美协定三周年","时代杂志","1945","第5卷 第8期","14",NA,"上海"
"苏联勋章奖章:那希木夫奖章:[照片]","时代杂志","1945","第5卷 第6期","封3",NA,"上海"
"关于“蓝色师团”","时代杂志","1945","第5卷 第9期","8",NA,"上海"
"苏美在托尔高会师详情","时代杂志","1945","第5卷 第1期","18",NA,"上海"
"苏联战时宣传画:[画图多幅]","时代杂志","1945","第5卷 第9期","封1",NA,"上海"
"关于旧金山联合国会议","时代杂志","1945","第5卷 第2期","8-9",NA,"上海"
"胜利日在上海:在街头托盘贩卖糖果的日本人:[照片]","时代杂志","1945","第5卷 第18期","封3",NA,"上海"
"魏列萨耶夫逝世","时代杂志","1945","第5卷 第15期","14",NA,"上海"
"法报纸论审讯贝当","时代杂志","1945","第5卷 第15期","14-15",NA,"上海"
"爱尔·列其斯坦逝世","时代杂志","1945","第5卷 第15期","15",NA,"上海"
"国际一周:瞧南斯拉夫!","时代杂志","1945","第5卷 第7期","11",NA,"上海"
"苏联勋章奖章:史大林格勒保卫战奖章:[照片]","时代杂志","1945","第5卷 第6期","封2",NA,"上海"
"苏联战时宣传画:德兵少些，胜利近些!:[画图]","时代杂志","1945","第5卷 第9期","封3",NA,"上海"
"七月二十三日苏联海军节:[照片]","时代杂志","1945","第5卷 第13期","封1",NA,"上海"
"高尔基研究:叶密良·皮莱","施维卓夫 高尔基 子叶","时代杂志","1945","第5卷 第12期","30-34","上海"
"法国最近的政局:法兰西复兴议会应奋力捍卫抵抗协会","时代杂志","1945","第5卷 第13期","10",NA,"上海"
"未来的海员:学童们由乐队前导，整队游行:[照片]","时代杂志","1945","第5卷 第7期","封3",NA,"上海"
"关于处理战争罪犯问题","特莱宁","时代杂志","1945","第5卷 第8期","10-11","上海"
"苏联勋章奖章:红星勋章:[照片]","时代杂志","1945","第5卷 第6期","封2",NA,"上海"
"国际一周:战时英帝国之损失","时代杂志","1945","第5卷 第13期","16-17",NA,"上海"
"苏联勋章奖章:赫密里尼次基勋章，奖予解放乌克兰有功之人:[照片]","时代杂志","1945","第5卷 第5期","封2",NA,"上海"
"苏联联邦院最高苏维埃第十一次大会","时代杂志","1945","第5卷 第2期","12",NA,"上海"
"历史的轮子不会后退","Pen","时代杂志","1945","第5卷 第14期","18-19","上海"
"苏联的特色:文化生活在苏联:想做耕型飞机设计师的苏联青年空闲时上气体力学实验所去向设计师们讨教实践的知识:[照片]","时代杂志","1945","第5卷 第19期","16-17",NA,"上海"
"苏联二十八周年国庆祝词","孙科","时代杂志","1945","第5卷 第19期","6","上海"
"苏联幼稚园之一:饭后，孩子们看木偶戏.戏院的全部人员都是他们孩子自己:[照片]","时代杂志","1945","第5卷 第16期","封3",NA,"上海"
"世界之窗:“民主美洲”的奇迹:[画图]","米谷","时代杂志","1945","第5卷 第19期","封3","上海"
"国际一周:德国民主更新文化联盟","时代杂志","1945","第5卷 第13期","17-18",NA,"上海"
"关于德国投降的几张历史照片:被苏军俘获的德军俘虏在柏林中心的勃伦登堡门通过(一九四五年五月二日):[照片]","时代杂志","1945","第5卷 第12期","封2",NA,"上海"
"特写:柏林市街战:德军埋伏隧道","时代杂志","1945","第5卷 第1期","22-23",NA,"上海"
"苏联文学作品的刊行","时代杂志","1945","第5卷 第15期","21",NA,"上海"
"巴尔干两月记:译自五月一日“战争与劳动阶级”双周刊","奥勃拉齐卓夫","时代杂志","1945","第5卷 第14期","18-21","上海"
"十月革命与文化革命:列宁论文化与文化革命(未完)","史米尔诺夫","时代杂志","1945","第5卷 第19期","23-25","上海"
"论民主问题","索科洛夫 叶文雄","时代杂志","1945","第5卷 第18期","4-7","上海"
"战后民用航空事业问题","托尔赤诺夫","时代杂志","1945","第5卷 第18期","8-9","上海"
"胜利日在上海:中国旧货商人贩卖廉价买进的日本宪兵的制服:[照片]","时代杂志","1945","第5卷 第18期","封3",NA,"上海"
"特写:柏林市街战:五一节在柏林","时代杂志","1945","第5卷 第2期","22",NA,"上海"
"苏军攻破柏林城经过:四千辆坦克二万二千尊大炮与五千架飞机的夜袭决定了整个战局:希特勒或已驾机飞走，柏林陷落前两天曾与女明星结婚:树柯夫元帅与维辛斯基答覆各国记者问题:维辛斯基:[照片]","时代杂志","1945","第5卷 第8期","7",NA,"上海"
"斯蒂汀纽斯论苏美友谊","时代杂志","1945","第5卷 第8期","9",NA,"上海"
"国际一周:大国合作之重要","时代杂志","1945","第5卷 第9期","14-15",NA,"上海"
"战时为日人搬走的外滩和平神像最近在邓脱路东百老汇路口的垃圾堆中发现，不过失去了一只手臂:[照片]","时代杂志","1945","第5卷 第20期","封2",NA,"上海"
"五一劳动节在莫斯科","时代杂志","1945","第5卷 第2期","9",NA,"上海"
"苏联的特色:文化生活在苏联:莫斯科乌克兰艺术展览会上陈列的雕刻家阿栖美尔曼的新作“运动”:[照片]","时代杂志","1945","第5卷 第19期","18",NA,"上海"
"苏联纪行(三)","郭沫若","时代杂志","1945","第5卷 第21期","23-26","上海"
"联合国善后救济总署是什么?","伏斯克列辛斯基","时代杂志","1945","第5卷 第21期","18-20，17","上海"
"从英国选举中获得的几个教训","时代杂志","1945","第5卷 第15期","9-10",NA,"上海"
"苏联批准联合国宪章:八月二十二日消息报评论","时代杂志","1945","第5卷 第16期","16-17",NA,"上海"
"美国兵在上海的工作之一:用金元灌溉酒吧间:[画图]","时代杂志","1945","第5卷 第23期","封3",NA,"上海"
"国际一周间:法兰西政潮","阿尔古斯","时代杂志","1945","第5卷 第21期","9","上海"
"苏联勋章奖章:北极圈保卫战奖章:[照片]","时代杂志","1945","第5卷 第6期","封3",NA,"上海"
"国际一周:意政府改组的准备","时代杂志","1945","第5卷 第7期","11",NA,"上海"
"捷克来鸿:史伏波达将军","西蒙诺夫","时代杂志","1945","第5卷 第13期","22-25","上海"
"旧金山会议工作总结","时代杂志","1945","第5卷 第12期","7",NA,"上海"
"国际一周:英美舆论要求苏联参加丹吉尔问题讨论","时代杂志","1945","第5卷 第12期","10-11",NA,"上海"
"苏联勋章奖章:英勇奖章:[照片]","时代杂志","1945","第5卷 第6期","封2",NA,"上海"
"布达佩斯日记抄(续):真理报战地通讯","毕尔伏玛依斯基","时代杂志","1945","第5卷 第5期","25-26","上海"
"风暴之后的余波:国际局势检讨","守巧夫","时代杂志","1945","第5卷 第5期","6-7","上海"
"纪念苏联海军节(附照片)","时代杂志","1945","第5卷 第13期","1页，4",NA,"上海"
"关于德国投降的几张历史照片:签署德国无条件投降书:[照片]","时代杂志","1945","第5卷 第12期","封2",NA,"上海"
"法国最近的政局:反民主的法国宪法草案必须修改","时代杂志","1945","第5卷 第13期","10",NA,"上海"
"国际一周:消灭弗朗哥政权重建民主西班牙","时代杂志","1945","第5卷 第12期","10",NA,"上海"
"苏联海军扬威海外:匈牙利蒂萨河上苏联炮队渡河:[照片]","时代杂志","1945","第5卷 第13期","封3",NA,"上海"
"国际一周:美国观察家论克拉斯，阿尔特文与阿尔达干应归苏维埃亚美尼亚!","时代杂志","1945","第5卷 第14期","11-12",NA,"上海"
"波兰民族统一政府成立","时代杂志","1945","第5卷 第11期","7-9",NA,"上海"
"全世界爱好自由民族向苏联电贺胜利:史大林覆电","史大林","时代杂志","1945","第5卷 第4期","10","上海"
"母性保护法实施一周年","时代杂志","1945","第5卷 第12期","7",NA,"上海"
"德国法西斯“死营”中的惊人罪行!:法国亚尔萨斯州那次伐勒尔城死营中的一个“试验室”.德人用活人在这里试验新毒物:[照片]","时代杂志","1945","第5卷 第12期","封3",NA,"上海"
"史大林获最高荣衔:苏联大元帅:真理报六月二十九日社论(附图)","时代杂志","1945","第5卷 第11期","1页",NA,"上海"
"国际一角:“马来亚之虎”不再笑了:[画图]","时代杂志","1945","第5卷 第23期","封2",NA,"上海"
"国际一周:柏林苏联军政府发表命令","时代杂志","1945","第5卷 第15期","13",NA,"上海"
"十月三十日由渝飞沪的苏联驻华大使馆助理军事参赞安得烈夫少校，伏罗宁上校与军事参赞秘书密德维杰夫上尉(自右至左):[照片]","时代杂志","1945","第5卷 第20期","封2",NA,"上海"
"国际一角:观众听厌了:唱不完的老调:[画图]","伊戈斯","时代杂志","1945","第5卷 第20期","封3","上海"
"国际一周:反对比利时国王归国","时代杂志","1945","第5卷 第11期","15",NA,"上海"
"莫斯科柏林间客车通车","时代杂志","1945","第5卷 第10期","23",NA,"上海"
"三国柏林会议公告(续完)","时代杂志","1945","第5卷 第16期","5-8",NA,"上海"
"德军在苏联之暴行:勒伏夫城广场挂着绞死的苏联爱国者，以对民众收“杀一儆百”之效:[照片]","时代杂志","1945","第5卷 第14期","封3",NA,"上海"
"巴尔干两月记:译自五月一日“战争与劳动阶级”双周刊(未完)","奥勃拉齐卓夫","时代杂志","1945","第5卷 第13期","20-21","上海"
"苏联的工业恢复着并建设着:电焊烟囟:[照片]","时代杂志","1945","第5卷 第16期","封2",NA,"上海"
"苏联捷克签订关于外喀尔巴阡之条约","时代杂志","1945","第5卷 第11期","4-6",NA,"上海"
"六月二十二日的柏林","时代杂志","1945","第5卷 第10期","23",NA,"上海"
"红场胜利阅兵观礼记:梅列茨柯夫元帅:[照片]","时代杂志","1945","第5卷 第10期","5",NA,"上海"
"最后阶段","守巧夫","时代杂志","1945","第5卷 第2期","11-12","上海"
"战后充分利用劳动力的计划","加也夫","时代杂志","1945","第5卷 第18期","10-12，20","上海"
"波兰破坏犯公审时纪详(续)","时代杂志","1945","第5卷 第10期","16-17",NA,"上海"
"红军和苏维埃人民对德法西主义伟大的胜利","查免京","时代杂志","1945","第5卷 第4期","1页，4-6","上海"
"苏联全貌(二):高加索山的风景:[照片]","时代杂志","1945","第5卷 第3期","20",NA,"上海"
"纽伦堡法庭上的纳粹匪徒:[画图]","莫斯","时代杂志","1945","第5卷 第24期","封2","上海"
"波兰破坏犯公审时纪详(未完)","时代杂志","1945","第5卷 第9期","16-17",NA,"上海"
"莫洛托夫抵莫斯科","时代杂志","1945","第5卷 第4期","20",NA,"上海"
"全世界爱好自由民族向苏联电贺胜利:加里宁致不列颠国王覆电","加里宁","时代杂志","1945","第5卷 第4期","10","上海"
"史大林画传(上):史大林诞生和度过童年的房屋的内景:[画图]","时代杂志","1945","第5卷 第25期","封2",NA,"上海"
"国际一周间:希腊的政潮","阿尔古斯","时代杂志","1945","第5卷 第22期","8-9","上海"
"特写:柏林市街战:柏林城口之战","时代杂志","1945","第5卷 第1期","20",NA,"上海"
"苏片介绍:“史大林格勒在复兴中”","时代杂志","1945","第5卷 第8期","22",NA,"上海"
"国际一周:协约国间的关系","时代杂志","1945","第5卷 第8期","14-15",NA,"上海"
"叙利亚黎巴嫩事件真相","时代杂志","1945","第5卷 第7期","16",NA,"上海"
"从波美拉尼亚到勃伦登堡","聂帕姆年亚斯基","时代杂志","1945","第5卷 第7期","22-23","上海"
"国际一周:推翻弗朗哥此其时矣","时代杂志","1945","第5卷 第6期","16",NA,"上海"
"希特勒党徒罪大恶极的暴行之一:玛伊达纳克死营:焚毁尸首的大火炉:[照片]","时代杂志","1945","第5卷 第10期","封3",NA,"上海"
"最近欧洲三问题","守巧夫","时代杂志","1945","第5卷 第11期","12","上海"
"希特勒党徒罪大恶极的暴行之一:玛伊达纳克死营","时代杂志","1945","第5卷 第10期","21",NA,"上海"
"盖世太保暴行的遗迹","康斯坦丁诺夫斯基","时代杂志","1945","第5卷 第10期","22-23","上海"
"苟安一时:[画图]","时代杂志","1945","第5卷 第22期","封2",NA,"上海"
"德国大工业家准备战后活动的阴谋","时代杂志","1945","第5卷 第4期","7-8",NA,"上海"
"苏联勋章奖章:红星奖章:[照片]","时代杂志","1945","第5卷 第6期","封2",NA,"上海"
"特写:柏林市街战:临死的挣扎","时代杂志","1945","第5卷 第1期","25",NA,"上海"
"点将录(1):苏联元帅罗柯索夫斯基(附照片)","时代杂志","1945","第5卷 第1期","27-28",NA,"上海"
"全世界爱好自由民族向苏联电贺胜利:保加利亚摄政内阁贺电","加聂夫 保波雪夫斯基 派夫劳夫","时代杂志","1945","第5卷 第4期","10，22","上海"
"德军投降的时候，无数德国飞机被苏军俘获:[照片]","时代杂志","1945","第5卷 第4期","1页",NA,"上海"
"最近战况:五月四日，第二白俄罗斯军在斯丹丁之北强渡……","时代杂志","1945","第5卷 第3期","8",NA,"上海"
"日本天皇岌岌可危(意、比、希、南、“满”各国的皇座都已破毁，现在日皇的座位也在风雨飘摇之中了):[画图]","伊戈斯","时代杂志","1945","第5卷 第24期","封3","上海"
"一周战况:四月二十二日苏军在德列士敦方面占领刘别恼……","时代杂志","1945","第5卷 第1期","19",NA,"上海"
"曾经横行一时的德国法西斯兵士完全投降了!:[照片四幅]","时代杂志","1945","第5卷 第5期","封3",NA,"上海"
"布达佩斯日记抄(未完):真理报战地通讯","毕尔伏玛依斯基","时代杂志","1945","第5卷 第4期","25-26","上海"
"德国土地上的红军战迹:被苏军夺获的运输车，上面装着最新款式的武器:多炮管的迫击炮:[画图]","时代杂志","1945","第5卷 第4期","封2",NA,"上海"
"苏维埃社会国家制度的象征:加里宁:纪念苏联最高苏维埃主席团主席加里宁七秩诞辰","时代杂志","1945","第5卷 第21期","1页，4",NA,"上海"
"特写:柏林市街战:临死时的挣扎","时代杂志","1945","第5卷 第2期","20",NA,"上海"
"德全境被占领:奥意两国德军百万投降","时代杂志","1945","第5卷 第2期","22",NA,"上海"
"史大林与苏维埃科学","柯马洛夫","时代杂志","1945","第5卷 第20期","7-8，14","上海"
"苏联全貌(附照片)","米哈伊洛夫","时代杂志","1945","第5卷 第2期","15-19","上海"
"苏联全貌:苏联远东的伯力市:[照片]","时代杂志","1945","第5卷 第2期","17",NA,"上海"
"苏联的特色:文化生活在苏联:大特齐克人跳“桑格”民族舞:[照片]","时代杂志","1945","第5卷 第19期","17",NA,"上海"
"法斯西的葬仪(孤哀子弗朗哥的悲哀):[画图]","金风","时代杂志","1945","第5卷 第17期","16","上海"
"从技术上看中国农产问题","时代杂志","1945","第5卷 第17期","8-11",NA,"上海"
"夏令运动在苏联:“劳动后备军”会女运动家:[照片]","时代杂志","1945","第5卷 第8期","封2",NA,"上海"
"波兰问题:三国外长开会讨论","时代杂志","1945","第5卷 第1期","16",NA,"上海"
"联合国军队会师，和平期近!","守巧夫","时代杂志","1945","第5卷 第1期","9","上海"
"希特勒抢掠者在波兰所进行的惨无人道的暴行……:被希特勒党折磨死的人们的尸体，临走未焚化.前面一个是饿死在死营里的一个小孩的尸体:[画图]","时代杂志","1945","第5卷 第11期","封3",NA,"上海"
"苏联集体农妇在田里工作:耕种机女驾驶员:[照片]","时代杂志","1945","第5卷 第10期","封1",NA,"上海"
"苏联首都:莫斯科呜炮向凯旋红军致敬:[照片]","时代杂志","1945","第5卷 第1期","1页",NA,"上海"
"波兰问题:波总理演词","时代杂志","1945","第5卷 第1期","16",NA,"上海"
"马克思主义辩证法关于发展中的新势力之不可克制性的法则(未完)","苏尔","时代杂志","1945","第5卷 第20期","15-17","上海"
"苏联人民委员长苏维埃副主席莫洛托夫:[画图]","时代杂志","1945","第5卷 第20期","封1",NA,"上海"
"苏联国民经济的社会主义计划化","索罗金","时代杂志","1945","第5卷 第20期","9-14","上海"
"画中的苏联:苏联北极探险队在北极:[画图]","时代杂志","1945","第5卷 第19期","封2",NA,"上海"
"在华日军投降签字仪式:1.南京中央军官学校:[照片]","时代杂志","1945","第5卷 第17期","封2",NA,"上海"
"世界之窗:粉刷匠内阁:[画图]","米谷","时代杂志","1945","第5卷 第19期","封3","上海"
"最近战况:四月三十日，第二白俄罗斯线军队在波美郎尼亚和密克伦堡两省重要交叉点占领格拉夫斯巴尔德等五个城市……","时代杂志","1945","第5卷 第2期","10",NA,"上海"
"特写:柏林市街战:两条战线军的会合","时代杂志","1945","第5卷 第2期","19",NA,"上海"
"苏德战争开始的那一天:一九一七年十月革命的参加者:莫斯科的赤卫队和全国民众一同奋起，为伟大的苏维埃国家进行战斗:[照片]","时代杂志","1945","第5卷 第9期","封2",NA,"上海"
"苏·英·美将领会见记:树柯夫·维辛斯基·爱林霍华·蒙高茂莱会晤、托尔布兴元帅与克莱格少将在多恼河畔会见","时代杂志","1945","第5卷 第9期","22-24",NA,"上海"
"胜利喜讯传到莫斯科的那一夜","柏李可夫 迟达诺夫","时代杂志","1945","第5卷 第9期","24","上海"
"论目前两大问题:占领德国问题与殖民地问题","守巧夫","时代杂志","1945","第5卷 第8期","8-9","上海"
"苏联的母亲英雄:一等“母性之光”勋章:[照片]","时代杂志","1945","第5卷 第7期","封2",NA,"上海"
"国际一周:意大利报纸反对反苏","时代杂志","1945","第5卷 第15期","13",NA,"上海"
"国际一周:保加利亚的国策","时代杂志","1945","第5卷 第15期","14-15",NA,"上海"
"十月革命时的苏联经济","张一凡","时代杂志","1945","第5卷 第19期","12-13","上海"
"苏联纪行(一)(附照片)","郭沫若","时代杂志","1945","第5卷 第18期","23-26","上海"
"国际观察:罗马尼亚在民主发展的道路上(续完)","罗曼","时代杂志","1945","第5卷 第17期","18","上海"
"中苏友好同盟条约与协定全文:附件二:关于蒙古人民共和国之独立","时代杂志","1945","第5卷 第17期","22",NA,"上海"
"论战后世界贸易与其政策","伏斯克列兴斯基","时代杂志","1945","第5卷 第17期","5-7","上海"
"直捣柏林:(八)俄罗斯人在柏林","李翁诺夫","时代杂志","1945","第5卷 第16期","23-24","上海"
"日本站在历史的十字路口","阿尔古斯","时代杂志","1945","第5卷 第16期","9-10","上海"
"在新波兰:波兰国民政府总理奥苏勃卡·莫拉夫斯基:[照片]","时代杂志","1945","第5卷 第15期","封3",NA,"上海"
"直捣柏林:(九)投降","戈尔巴朵夫 米尔让诺夫","时代杂志","1945","第5卷 第16期","24-25","上海"
"国际一周:南国军事法庭审判卖国者","时代杂志","1945","第5卷 第15期","15-16",NA,"上海"
"论英国大选结果","时代杂志","1945","第5卷 第15期","4-6",NA,"上海"
"国际一周:在被告席上的卖国头子贝当","伏冷斯基","时代杂志","1945","第5卷 第14期","12","上海"
"苏联最高总司令致红海军命令:命令第三七一号(一九四五年七月二十二日莫斯科):在苏联人民反抗法西斯德国的伟大卫国战争中……","史大林","时代杂志","1945","第5卷 第14期","1页","上海"
"从布里敦协定蠡测中国的对外贸易","旡恙","时代杂志","1946","第6卷 第1期","11-15","上海"
"苏联文化生活一角:拉特维亚共和国首都里加少年先锋宫中儿童看表演童话剧“亚伊波里特医生”:[照片]","时代杂志","1946","第6卷 第30期","1页",NA,"上海"
"高尔基研究:高尔基在中国:在苏侨俱乐部高尔基纪念大会上的报告:苏侨俱乐部纪念晚会的主席台上:[照片]","时代杂志","1946","第6卷 第25期","30",NA,"上海"
"国际一周:似乎，国际关系中包含着恐慌周期性的规律……","文琴","时代杂志","1946","第6卷 第7期","12，19","上海"
"社会主义竞赛在苏联","葛利高列夫 祖立","时代杂志","1946","第6卷 第46期","21-22","上海"
"世界上最民主的国家","阿莫索夫 祖立","时代杂志","1946","第6卷 第48期","5-7，13","上海"
"传记素描:列宁的祖先(中):一九二二年，列宁出席莫斯科市苏维埃全体大会:[照片]","时代杂志","1946","第6卷 第4期","32",NA,"上海"
"迷雾后面的时局真相","马可宁","时代杂志","1946","第6卷 第42期","7-10","上海"
"东北风云(十二):哈尔滨农民等待分配土地(手执上写自己名字的木牌，以便分得土地后钉上):[照片]","时代杂志","1946","第6卷 第41期","45",NA,"上海"
"必须获得的新世界:“出使苏维埃亚洲记”中之一章","华莱士 夏汉","时代杂志","1946","第6卷 第39期","8-11","上海"
"复兴中的德聂泊中央水力发电站:修复水渠:[照片]","时代杂志","1946","第6卷 第37期","1页",NA,"上海"
"史大林指示的胜利之路","什之","时代杂志","1946","第6卷 第18期","4-5","上海"
"谁援助中国抗战最多?:献给中国抗战九周纪念","丁静","时代杂志","1946","第6卷 第25期","6-10","上海"
"流动刑场(六)","(匈)沙利 (匈)乔其利 曹庸","时代杂志","1946","第6卷 第21期","16-17","上海"
"乌克兰共和国首都:基辅:基辅基洛夫区的新住宅:[照片]","时代杂志","1946","第6卷 第47期","1页",NA,"上海"
"菲律宾式的法西斯主义","(美)密伦 黄炎","时代杂志","1946","第6卷 第47期","25-26","上海"
"苏联的首都:莫斯科:从莫斯科桥上望见的克林姆里宫.远处并可以望见乌斯宾斯基大教堂及其伊凡大帝钟楼(左首):[照片]","时代杂志","1946","第6卷 第49期","1页",NA,"上海"
"一周评论:爱憎好恶之间(四月十三日至十九日)","余伯约","时代杂志","1946","第6卷 第15期","3-4","上海"
"国际民主合作与帝国主义侵略阴谋:苏联外交部长莫洛托夫一九四六年十月二十九日在联合国全体大会席上的演辞(附照片)","(苏)莫洛托夫","时代杂志","1946","第6卷 第43/44期","92-97","上海"
"伟大的十月社会主义革命挽救了俄罗斯国家的崩溃","柯华列夫斯基 小诸","时代杂志","1946","第6卷 第43/44期","38-39","上海"
"马格尼托高尔斯克钢铁工厂:战时建筑的第五号鼓风机:[照片]","时代杂志","1946","第6卷 第40期","1页",NA,"上海"
"复兴中的德聂泊中央水力发电站:一九四六年春潮高涨时，河水通过十六个桥洞的壮观:[照片]","时代杂志","1946","第6卷 第37期","1页",NA,"上海"
"和平攻势的快板","马可宁","时代杂志","1946","第6卷 第43/44期","100-102","上海"
"一周评论:局势严重的十日间(五月三十一日至六月六日)","余伯约","时代杂志","1946","第6卷 第22期","7-8","上海"
"冬天的中国","张沛","时代杂志","1946","第6卷 第48期","17-18，23，27","上海"
"世界之窗:日皇裕仁考虑逊位问题:[画图]","时代杂志","1946","第6卷 第1期","封2",NA,"上海"
"西班牙不干涉政策的复活","伊萨珂夫 邓梅","时代杂志","1946","第6卷 第31期","11-12","上海"
"苏联元帅伏罗希洛夫六十五岁寿辰(一八八一年一月四日)(附图)","时代杂志","1946","第6卷 第5期","10",NA,"上海"
"高尔基研究:高尔基和我们:读高尔基的小说","艾芜","时代杂志","1946","第6卷 第29期","35","上海"
"高尔基研究:高尔基和我们:“鹰”与“海燕”:我对高尔基诗作的感想","王亚平","时代杂志","1946","第6卷 第27期","31，30","上海"
"列宁格勒普希金剧院门前的广场:[照片]","时代杂志","1946","第6卷 第34期","封1",NA,"上海"
"高尔基研究:关于“高尔基研究”","时代杂志","1946","第6卷 第29期","34",NA,"上海"
"政治地理概要:多恼河航路及其经济意义","加拉 樊英","时代杂志","1946","第6卷 第12期","15-17","上海"
"美国的“午报”:美国争取自由的努力之一","(美)Field，M. 夏汉","时代杂志","1946","第6卷 第38期","19-21，23","上海"
"高尔基研究:论文学的世界性(附图)","高尔基 戈宝权","时代杂志","1946","第6卷 第34期","31-34","上海"
"蒙古人民共和国曹巴山元帅要求出席远东委员会和要求日本赔偿的牒文(附照片)","时代杂志","1946","第6卷 第46期","11-12",NA,"上海"
"特里埃斯特问题之史的回顾(附图)","波美朗采夫 黄炎","时代杂志","1946","第6卷 第41期","39-41","上海"
"东北风云(八)(附照片)","周而复","时代杂志","1946","第6卷 第37期","22","上海"
"东北风云(五)","周而复","时代杂志","1946","第6卷 第34期","18，23-24","上海"
"一九四六年--一九五○年苏联复兴与发展国民经济五年计划:苏联国家计划委员会主席伏士聂辛斯基在一九四六年三月十七日第一届苏联最高苏维埃大会上的报告:复兴与发展加盟共和国国民经济的计划(续)(附图)","伏士聂辛斯基","时代杂志","1946","第6卷 第13期","5-10","上海"
"论中国国内的紧张局势","培雷维尔泰洛","时代杂志","1946","第6卷 第15期","5-6","上海"
"苏联人民的疗养院:乔治亚最大的疗养地之一:苏胡米.从波塔尼花园眺望的城市全景:[照片]","时代杂志","1946","第6卷 第31期","1页",NA,"上海"
"从司徒看和平","张沛","时代杂志","1946","第6卷 第28期","6-8","上海"
"苏联未来的海军军官:那希莫夫学生早上起身整装受检阅:[照片]","时代杂志","1946","第6卷 第29期","1页",NA,"上海"
"苏联各加盟苏维埃社会主义共和国部长会议主席:大特齐克共和国部长会议主席库尔巴诺夫:[照片]","时代杂志","1946","第6卷 第45期","1页",NA,"上海"
"史大林覆合众通讯社社长电:关于伊朗问题","史大林","时代杂志","1946","第6卷 第12期","9","上海"
"苏联的胜利之鹰:苏联飞机设计家社会主义劳动英雄雅各夫列夫:[画图]","时代杂志","1946","第6卷 第32期","1页",NA,"上海"
"苏联航空之父:尼古拉·叶哥洛维奇·树柯夫斯基(一八四七--一九二一):纪念八月十七日苏联航空节","阿勃拉莫夫 岳","时代杂志","1946","第6卷 第32期","26-28，30","上海"
"原子政治与科学","鲁宾斯坦 祖立","时代杂志","1946","第6卷 第27期","13-14","上海"
"日本二三事","顾德雷伐蒂赫 毕莱","时代杂志","1946","第6卷 第27期","9-10","上海"
"纪念高尔基逝世十周年:高尔基画谱:一九一○年的高尔基，在喀普里岛:[照片]","时代杂志","1946","第6卷 第23期","1页",NA,"上海"
"土地改革在德国","莫宁 祖立","时代杂志","1946","第6卷 第30期","14，19，22","上海"
"英国议院中的帝国政策派(上)","查斯拉夫斯基 烈","时代杂志","1946","第6卷 第7期","20-21","上海"
"和平建设在苏联:阿斯特拉汉城某教堂钟楼装置一吨半重的巨钟:[照片]","时代杂志","1946","第6卷 第36期","1页",NA,"上海"
"乌克兰共和国首都:基辅:基辅城内要道之一:谢夫成果大街:[照片]","时代杂志","1946","第6卷 第47期","1页",NA,"上海"
"日本投降，胜利周年:领导红军击溃日本武力的主力关东军的三位元帅:军司令苏联元帅梅列茨柯夫:[照片]","时代杂志","1946","第6卷 第32期","1页",NA,"上海"
"观念与现实(附图)","张沛","时代杂志","1946","第6卷 第27期","4-6","上海"
"纽伦堡大审群魔","菲定 十宜","时代杂志","1946","第6卷 第16期","13-14，17","上海"
"论现实","高尔基 戈宝权","时代杂志","1946","第6卷 第25期","32-34，31","上海"
"纪念高尔基逝世十周年:高尔基画谱:一九一六年的高尔基:[照片]","时代杂志","1946","第6卷 第23期","1页",NA,"上海"
"蒙古人民共和国一瞥(下)","莫尔查叶夫 祖立","时代杂志","1946","第6卷 第47期","27-28","上海"
"新民主捷克的首府:普拉格:华茨拉夫斯克区:[照片]","时代杂志","1946","第6卷 第28期","24",NA,"上海"
"美国人带到上海来的文化:[画图四幅]","时代杂志","1946","第6卷 第4期","封3",NA,"上海"
"苏联的避暑胜地:中央疗养院:乔治亚迦格雷海滨公园一角:[照片]","时代杂志","1946","第6卷 第31期","封1",NA,"上海"
"和平建设在苏联:阿尔玛-阿塔城内的加里宁大街:[照片]","时代杂志","1946","第6卷 第36期","1页",NA,"上海"
"走向社会主义建设的新胜利","柯里昂诺夫 十宜","时代杂志","1946","第6卷 第43/44期","72-74","上海"
"高尔基研究:高尔基和中国","卡拉摩尔查 葆荃","时代杂志","1946","第6卷 第25期","23-24","上海"
"海燕","高尔基 瞿秋白","时代杂志","1946","第6卷 第23期","21","上海"
"国际一周:联合国大会","什之","时代杂志","1946","第6卷 第2期","6-7","上海"
"国际一周:苏联在复兴中","什之","时代杂志","1946","第6卷 第49期","3","上海"
"和平建设在苏联:基辅“谢夫成果”国家歌舞剧院举行歌剧“扎波洛士哥萨克在多恼河上”的第三百次演出:[照片]","时代杂志","1946","第6卷 第36期","1页",NA,"上海"
"蒙古人民共和国","什之","时代杂志","1946","第6卷 第5期","26-30","上海"
"苏联政府要员群像:司法部长雷奇柯夫:[照片]","时代杂志","1946","第6卷 第42期","1页",NA,"上海"
"莫斯科“狄那莫”运动场运动季开幕:“狄那莫”足球队是一九四五年冠军，而且曾战败“苏维埃之翼”队而夺得一九四六年苏联足球锦标:[照片]","时代杂志","1946","第6卷 第28期","1页",NA,"上海"
"日本投降，胜利周年:领导红军击溃日本武力的主力关东军的三位元帅:军司令苏联元帅马林诺夫斯基:[照片]","时代杂志","1946","第6卷 第32期","2页",NA,"上海"
"伊朗反动派领袖赛特·徐亚爱亭是怎样的人?","符拉斯米洛夫 侯翔","时代杂志","1946","第6卷 第12期","13-14","上海"
"鲁迅先生在苏联","曹靖华","时代杂志","1946","第6卷 第41期","15-16，14","上海"
"苏联极北方的航线:一队苏联运输船通过维尔基茨基海峡，从卡拉海到拉普吉夫海:[照片]","时代杂志","1946","第6卷 第35期","1页",NA,"上海"
"东北风云(六)(附照片)","周而复","时代杂志","1946","第6卷 第35期","25-30","上海"
"苏联全国农业展览会:机械化陈列馆:[照片]","时代杂志","1946","第6卷 第33期","1页",NA,"上海"
"苏联政府要员群像:苏联部长会议副主席兼对外贸易部长米柯扬:[照片]","时代杂志","1946","第6卷 第42期","1页",NA,"上海"
"战后资本主义国家的工业趋势(未完)","瓦尔加 烈","时代杂志","1946","第6卷 第3期","18-19","上海"
"苏联的胜利之鹰:世界上最轻的“雅各夫列夫-3”式驱逐机:[画图]","时代杂志","1946","第6卷 第32期","1页",NA,"上海"
"“对不起，没有你们的位子了”:[画图]","时代杂志","1946","第6卷 第2期","封2",NA,"上海"
"列宁和史大林论高尔基","葆荃","时代杂志","1946","第6卷 第23期","4","上海"
"高尔基研究:伊琳娜·费奥陀索娃","高尔基 水夫","时代杂志","1946","第6卷 第27期","33-34","上海"
"纪念鲁迅逝世十周年:鲁迅画谱:鲁迅先生在东京时，这是他最早的一张照片:[照片]","时代杂志","1946","第6卷 第41期","1页",NA,"上海"
"一九四六--一九五○年苏联第四次复兴与发展国民经济五年计划(根据苏联国家计划委员会主席伏士聂辛斯基报告):史大林斯克市西比尔斯克冶金学院:[照片]","时代杂志","1946","第6卷 第18期","1页",NA,"上海"
"一周评论:法西斯余孽还没有死(自一月十八日至二十四日)","葛罗宾","时代杂志","1946","第6卷 第4期","1页，4-5","上海"
"复兴中的德聂泊中央水力发电站:德寇毁坏的前堤桥:[照片]","时代杂志","1946","第6卷 第37期","1页",NA,"上海"
"高尔基研究:高尔基和我们:高尔基逝世十周年祭在上海","时代杂志","1946","第6卷 第25期","24",NA,"上海"
"高尔基和我们:学习高尔基说实话的精神","冯玉祥","时代杂志","1946","第6卷 第23期","9","上海"
"读报杂感:追击、攻击及前进","萧扬","时代杂志","1946","第6卷 第23期","42-43","上海"
"东北风云(未完)","周而复","时代杂志","1946","第6卷 第29期","29-30","上海"
"纳粹群魔罪状(二):苏联首席控诉人卢敬珂在纽伦堡国际军事法庭审判会议席上作的总结报告(附图)","卢敬珂 方舟","时代杂志","1946","第6卷 第41期","42-43","上海"
"和平难产","萧扬","时代杂志","1946","第6卷 第21期","5-6","上海"
"希望马歇尔将军丢了衣箱，不要再丢“和平”鸽:[画图]","时代杂志","1946","第6卷 第4期","封3",NA,"上海"
"苏联动态:女音乐家叶芙格尼亚·沙波尔亭娜指挥乌克兰交响乐队演奏:[照片]","时代杂志","1946","第6卷 第38期","1页",NA,"上海"
"与胡子婴先生论苏联思想自由问题","何鲁梅","时代杂志","1946","第6卷 第38期","11-12，14","上海"
"苏联动态:胸佩“卫国战争”勋章和两枚奖章的伏洛聂士医学研究院三年级生华西里叶娃:[照片]","时代杂志","1946","第6卷 第38期","1页",NA,"上海"
"国际一周:美国走向新经济恐慌","什之","时代杂志","1946","第6卷 第48期","15-16","上海"
"苏联部长会议主席苏联大元帅史大林:[照片]","时代杂志","1946","第6卷 第45期","1页",NA,"上海"
"“十月革命不仅是‘国家范围’内的革命……”(附图)","史大林","时代杂志","1946","第6卷 第43/44期","1页","上海"
"“召侮之由”与“国际干涉”","张沛","时代杂志","1946","第6卷 第30期","6-8","上海"
"关于盟国国内外驻军问题:一九四六年十二月十四日在联合国机构大会席上的演词","葛罗米柯","时代杂志","1946","第6卷 第50期","23-24","上海"
"纪念鲁迅逝世十周年:鲁迅画谱:一九三六年十月八日，鲁迅先生参观第二次全国木刻展时所摄:[照片]","时代杂志","1946","第6卷 第41期","1页",NA,"上海"
"战争可能消灭吗?","托尔加叶夫 祖立","时代杂志","1946","第6卷 第37期","11-13","上海"
"高尔基研究:论“克里姆·莎姆金”(史料)","苏牧","时代杂志","1946","第6卷 第19期","23-24","上海"
"联联女雕刻家莫兴娜的纪念雕像“工人和集体农妇”，该雕像置于莫斯科农业展览会之入口处:[照片]","时代杂志","1946","第6卷 第36期","封1",NA,"上海"
"一周评论:被损害了的纪念日(八月八日至十五日)","余伯约","时代杂志","1946","第6卷 第32期","4-5","上海"
"论黑格尔的反动的社会政治思想(中)","米丁 林之同","时代杂志","1946","第6卷 第4期","28-29","上海"
"苏联人民的疗养院:高加索黑海滨的一所专供苏联铁路人员休养的疗养院:[照片]","时代杂志","1946","第6卷 第31期","1页",NA,"上海"
"夏令运动在苏联:四百米仰游式比赛开始出发时的一瞥:[照片]","时代杂志","1946","第6卷 第28期","1页",NA,"上海"
"纽伦堡审判纳粹战事犯的教训","迦拉克季奥诺夫 葛达","时代杂志","1946","第6卷 第40期","10-11","上海"
"苏联政府要员群像:高等教育部长:[照片]","时代杂志","1946","第6卷 第42期","1页",NA,"上海"
"苏联的首都:莫斯科:苏联作家协会的宿舍，为建筑师尼古拉叶夫所设计:[照片]","时代杂志","1946","第6卷 第49期","1页",NA,"上海"
"高尔基研究:柯诺华洛夫(六)","高尔基 白寒","时代杂志","1946","第6卷 第48期","35-38","上海"
"关于中国文字拼音化的意见(第一部份)(上)","时代杂志","1946","第6卷 第33期","29-38",NA,"上海"
"一周评论:谁纵容了法西斯?(七月十二日至十八日)","余伯约","时代杂志","1946","第6卷 第28期","4-5","上海"
"莫斯科“狄那莫”运动场运动季开幕:今年莫斯科“狄那莫”运动场开幕时……:[照片]","时代杂志","1946","第6卷 第28期","1页",NA,"上海"
"纪念高尔基逝世十周年:高尔基画谱:一八八八至一八八九年的高尔基，这时候他在面包坊当学徒，在火车站当守夜:[照片]","时代杂志","1946","第6卷 第23期","1页",NA,"上海"
"苏联政府要员群像:轻工业部长:[照片]","时代杂志","1946","第6卷 第42期","1页",NA,"上海"
"苏联各加盟苏维埃社会主义共和国部长会议主席:吉尔吉斯共和国部长会议主席立查柯夫:[照片]","时代杂志","1946","第6卷 第45期","1页",NA,"上海"
"美国议员竞选的透视","夏汉","时代杂志","1946","第6卷 第43/44期","104-106","上海"
"东北风云(十二):哈尔滨清算老巴夺烟草公司经理赵一拂大会:[照片二幅]","时代杂志","1946","第6卷 第41期","46",NA,"上海"
"安平·牯岭与华盛顿","张沛","时代杂志","1946","第6卷 第31期","6-8","上海"
"空前紧急!","丁静","时代杂志","1946","第6卷 第30期","5-7","上海"
"高尔基和我们:我怎样译“草原故事”","巴金","时代杂志","1946","第6卷 第23期","13-14","上海"
"世界往何处去","董密士 烈","时代杂志","1946","第6卷 第4期","29","上海"
"人力与物力在现代战争中(下)","迦拉克季奥诺夫 子","时代杂志","1946","第6卷 第39期","23-24","上海"
"苏联纪行(八)","郭沫若","时代杂志","1946","第6卷 第1期","29-30","上海"
"“自掘坟墓”(上图木牌上写着“上海犹太区”)下图中换上了写着“纳粹集中营”的木牌:[画图多幅]","时代杂志","1946","第6卷 第1期","封3",NA,"上海"
"论克劳塞维支及其关于战争的学说(中)(附图)","安特洛波夫 林之同","时代杂志","1946","第6卷 第7期","22-23","上海"
"关于美国对华政策","倍雷维尔泰洛 罗凉","时代杂志","1946","第6卷 第30期","12-13，8","上海"
"乌兹贝克斯坦的骄矜:法尔哈德(插图说明)","时代杂志","1946","第6卷 第46期","29",NA,"上海"
"苏联政府要员群像:河道航业部长沙许柯夫:[照片]","时代杂志","1946","第6卷 第42期","1页",NA,"上海"
"注视这一个月","张沛","时代杂志","1946","第6卷 第37期","4-6","上海"
"叙利亚与黎巴嫩的独立斗争","阿尔古斯 林之同","时代杂志","1946","第6卷 第8期","15-19","上海"
"苏联政府要员群像:纺机业部长:[照片]","时代杂志","1946","第6卷 第42期","1页",NA,"上海"
"史大林答覆美国合众社社长贝利的三一个问题","时代杂志","1946","第6卷 第43/44期","88-90",NA,"上海"
"苏联各加盟苏维埃社会主义共和国部长会议主席:俄罗斯共和国部长会议主席罗基奥诺夫:[照片]","时代杂志","1946","第6卷 第45期","1页",NA,"上海"
"高尔基和我们:我见到了高尔基","戈宝权","时代杂志","1946","第6卷 第23期","17-19","上海"
"法国职工会的胜利","达卫陀夫 何歌","时代杂志","1946","第6卷 第48期","27-28","上海"
"基辅乌克兰工艺学校学生学习缝制花氈:[照片]","时代杂志","1946","第6卷 第47期","封1",NA,"上海"
"参考资料:叙利亚与黎巴嫩","拉查列夫","时代杂志","1946","第6卷 第8期","17","上海"
"一周评论:粉碎一切仇苏份子的诽谤(二月二十二日至二十八日)","葛罗宾","时代杂志","1946","第6卷 第8期","3-4","上海"
"今日的列宁格勒:战时为敌军炮弹和炸弹所毁的建筑物上的雕刻和装饰，现均由列宁格勒艺术学校的学生修复中:[照片]","时代杂志","1946","第6卷 第34期","1页",NA,"上海"
"世界和平的柱石","郭沫若","时代杂志","1946","第6卷 第43/44期","19-21","上海"
"纳粹群魔罪状(三):苏联首席控诉人卢敬珂在纽伦堡国际军事法庭审判会议席上作的总结报告(附图)","(苏)卢敬珂 方舟","时代杂志","1946","第6卷 第42期","24-26","上海"
"苏联政府要员群像:交通部长柯伐列夫:[照片]","时代杂志","1946","第6卷 第42期","1页",NA,"上海"
"马格尼托高尔斯克钢铁工厂:把铁倾入炉子:[照片]","时代杂志","1946","第6卷 第40期","1页",NA,"上海"
"苏联政府要员群像:钢铁工业部长吉伏相:[照片]","时代杂志","1946","第6卷 第42期","2页",NA,"上海"
"苏联对于母亲和婴儿的关注","特列基扬可夫 烈","时代杂志","1946","第6卷 第15期","17-18","上海"
"从战争转到和平:“红印”厂总工程师陀洛霍夫:[照片]","时代杂志","1946","第6卷 第31期","1页",NA,"上海"
"马格尼托高尔斯克钢铁工厂一个获得“劳动红旗”勋章的炼钢工人:[照片]","时代杂志","1946","第6卷 第40期","封1",NA,"上海"
"苏维埃国家:新型的国家","赫里亚比奇 尚天","时代杂志","1946","第6卷 第43/44期","56-57","上海"
"流动刑场(七)","(匈)沙利 (匈)乔其利 曹庸","时代杂志","1946","第6卷 第22期","23-25","上海"
"“乌兹贝克斯坦的骄矜:法尔哈德水力发电站”(详另文):(三)建筑堤堰的乌兹贝克斯坦妇女:[照片]","时代杂志","1946","第6卷 第46期","1页",NA,"上海"
"国际一周:联合国机构在形成中","什之","时代杂志","1946","第6卷 第3期","12-13","上海"
"纪念高尔基逝世十周年:高尔基画谱:高尔基读他的长诗“少女和死神”给斯大林、莫洛托夫及伏罗希洛夫等人听:[照片]","时代杂志","1946","第6卷 第23期","1页",NA,"上海"
"芬兰战事犯入狱的把戏:[画图]","时代杂志","1946","第6卷 第2期","封3",NA,"上海"
"五个最新的加盟共和国(上):“苏联各民族概况”之四","(美)Lamont，C. 古琴","时代杂志","1946","第6卷 第49期","27-28","上海"
"高尔基研究:论俄国文学","高尔基 葆荃","时代杂志","1946","第6卷 第40期","31","上海"
"关于盟国海外驻军问题:十一月二十二日在联合国第一委员会席上演词(附照片)","莫洛托夫","时代杂志","1946","第6卷 第47期","7-10","上海"
"东北风云(九):国民代表杨堃岚在大会上讲话:[照片]","时代杂志","1946","第6卷 第38期","28",NA,"上海"
"和平建设在苏联:两个美国妇女代表到苏联访问，苏联青年妇女表示热烈欢迎:[照片]","时代杂志","1946","第6卷 第36期","2页",NA,"上海"
"安理会·伊朗·西班牙","什之","时代杂志","1946","第6卷 第15期","9-10，24","上海"
"美国的罢工运动","波里梭夫 扬","时代杂志","1946","第6卷 第17期","11-12","上海"
"国际一周:一、现在是国内各党派间与国际各大强国间团结合作遭受着严重试验的时候……(附图)","罗斯","时代杂志","1946","第6卷 第12期","5-8","上海"
"世界之窗:“……为什么看见你弟兄眼中有刺……”:[画图]","时代杂志","1946","第6卷 第1期","封2",NA,"上海"
"今日的列宁格勒:苏联学术院战时所受的创伤现已治愈而复原了:[照片]","时代杂志","1946","第6卷 第34期","1页",NA,"上海"
"高尔基研究:高尔基与民间文学","施维卓夫 比克萨诺夫 周迪","时代杂志","1946","第6卷 第12期","25-27，24","上海"
"社会主义内容与民族形式的文化","特拉伊宁 齐","时代杂志","1946","第6卷 第13期","20-21","上海"
"美国人在拉丁美洲","叶尔莫洛夫","时代杂志","1946","第6卷 第39期","20，27","上海"
"苏联各加盟苏维埃社会主义共和国部长会议主席:亚美尼亚共和国部长会议主席萨尔基相:[照片]","时代杂志","1946","第6卷 第45期","1页",NA,"上海"
"苏联最大的水力发电站:德聂泊尔水力发电站，战时曾为德国法西斯匪徒所毁，现已在修复中:[照片]","时代杂志","1946","第6卷 第30期","封1",NA,"上海"
"我们在中国干些什么?","诺斯 张泉","时代杂志","1946","第6卷 第22期","11-15","上海"
"苏联全国农业展览会:展览会大门口晚景:[照片]","时代杂志","1946","第6卷 第33期","1页",NA,"上海"
"朝鲜的过去和现在","雅洛伏伊 平","时代杂志","1946","第6卷 第6期","11-13","上海"
"乌克兰共和国首都:基辅:达拉斯·谢夫成果歌舞剧院:[照片]","时代杂志","1946","第6卷 第47期","1页",NA,"上海"
"高尔基和我们:人民的春天开始了","曹靖华","时代杂志","1946","第6卷 第23期","12","上海"
"高尔基研究:高尔基底社会主义的美学观(上)","萧三","时代杂志","1946","第6卷 第37期","26-30","上海"
"苏联政府要员群像:机器制造业部长:[照片]","时代杂志","1946","第6卷 第42期","2页",NA,"上海"
"鲁迅眼中的苏联","景宋","时代杂志","1946","第6卷 第41期","5-8","上海"
"孙夫人宋庆龄女士对当前时局之意见","时代杂志","1946","第6卷 第29期","9-10",NA,"上海"
"国家毕亚特尼茨基俄罗斯民歌合唱团团员查伊采娃独唱:[照片]","时代杂志","1946","第6卷 第35期","封1",NA,"上海"
"列宁格勒一瞥:聂夫斯基大街和赫尔岑街口:[照片]","时代杂志","1946","第6卷 第36期","1页",NA,"上海"
"马格尼托高尔斯克钢铁工厂:最近开工的第六号鼓风炉:[照片]","时代杂志","1946","第6卷 第40期","1页",NA,"上海"
"“时代”出版社创立五周年纪念(一九四一年--一九四六年)","时代杂志","1946","第6卷 第11期","14",NA,"上海"
"苏联人民的疗养院:克里米亚雅尔达的“奥良达”疗养院，已于逐出德人之后修复:[照片]","时代杂志","1946","第6卷 第31期","1页",NA,"上海"
"苏联文化生活一角:莫斯科恰伊柯夫斯基音乐厅邓肯舞艺研究所公演旧俄作曲家葛拉祖诺夫作曲的舞剧“节日”:[照片]","时代杂志","1946","第6卷 第30期","1页",NA,"上海"
"高尔基生活与著作年表","时代杂志","1946","第6卷 第23期","37-38",NA,"上海"
"纪念高尔基逝世十周年:高尔基画谱:高尔基和列宁(一九二○年):[照片]","时代杂志","1946","第6卷 第23期","1页",NA,"上海"
"莫斯科苏联全国农业展览会:哥萨赫共和国陈列馆一角:[照片]","时代杂志","1946","第6卷 第33期","1页",NA,"上海"
"军事战线与政治战线(附图)","张沛","时代杂志","1946","第6卷 第39期","4-7","上海"
"国际一周:苏联的大选和欧洲政治倾向","什之","时代杂志","1946","第6卷 第2期","7-8","上海"
"苏联各加盟苏维埃社会主义共和国部长会议主席:立陶宛共和国部长会议主席葛德维拉斯:[照片]","时代杂志","1946","第6卷 第45期","1页",NA,"上海"
"蒙古人民共和国的要求是公正的","马尔柯夫 小诸","时代杂志","1946","第6卷 第46期","13","上海"
"世界之窗:不驯之马(爪哇):[画图]","时代杂志","1946","第6卷 第1期","封2",NA,"上海"
"苏联第四次五年计划在实现中:给农民三百四十万幢新屋!:苏联新五年计划的农村建设","谢妙秋克 宋裕昆","时代杂志","1946","第6卷 第31期","28","上海"
"美国科学家眼中的原子世纪:评美国科学家集体论文集:“世界一家或者世界无家”","鲁宾斯坦 祖立","时代杂志","1946","第6卷 第35期","14，19-21","上海"
"苏联公民的学习生活:库士聂茨钢铁工厂文化宫的阅览室:[照片]","时代杂志","1946","第6卷 第30期","1页",NA,"上海"
"战争与和平:胜利一年来中国国内局势总检讨","移山","时代杂志","1946","第6卷 第32期","12-18，22","上海"
"日本投降，胜利周年:苏联前驻日大使马里克(左首第一人)在去年八月八日至日本政府提出宣战书:[照片]","时代杂志","1946","第6卷 第32期","1页",NA,"上海"
"莫斯科苏美国际象棋比赛(一九四六年九月):苏联象棋锦标鲍特文尼克参加比赛时的神情:[照片]","时代杂志","1946","第6卷 第50期","1页",NA,"上海"
"苏联公民的基本权利和基本义务:在莫斯科天文学研究所中担任科学工作的女职员:[照片]","时代杂志","1946","第6卷 第48期","2页",NA,"上海"
"曷脱莱小姐的幻灭的空想(附图)","阿尔古斯 烈","时代杂志","1946","第6卷 第5期","21-23","上海"
"苏联政府要员群像:造船工业部长:[照片]","时代杂志","1946","第6卷 第42期","1页",NA,"上海"
"国际上的和与战","G.E.","时代杂志","1946","第6卷 第35期","3-4","上海"
"国家毕亚特尼茨基俄罗斯民歌合唱团:滑稽舞:[照片]","时代杂志","1946","第6卷 第35期","1页",NA,"上海"
"东北风云:家属战友痛悼李兆麟将军:[照片]","时代杂志","1946","第6卷 第35期","26",NA,"上海"
"纪念鲁迅逝世十周年:鲁迅画谱:一九二九年五月在北平演讲:[照片]","时代杂志","1946","第6卷 第41期","1页",NA,"上海"
"国际一周:二、中国政治的逆流","文琴","时代杂志","1946","第6卷 第6期","6-7","上海"
"苏联十六加盟苏维埃共和国(下)","基里庆珂 米哈伊洛夫 方舟","时代杂志","1946","第6卷 第46期","24-26","上海"
"苏联妇女在卫国战争中(附图)","时代杂志","1946","第6卷 第9期","9-10",NA,"上海"
"高尔基研究:柯诺华洛夫(五)","高尔基 白寒","时代杂志","1946","第6卷 第40期","37-38","上海"
"高尔基研究:高尔基像(速写):[画图]","库克莱尼克赛","时代杂志","1946","第6卷 第16期","25","上海"
"史大林在莫斯科市史大林选举区选举人大会席上的演辞全文(一九四六年二月九日)(附照片)","时代杂志","1946","第6卷 第7期","3-7",NA,"上海"
"现在应该轮到西班牙了!:[画图]","时代杂志","1946","第6卷 第2期","封2",NA,"上海"
"郭培尔的还魂","琴之","时代杂志","1946","第6卷 第11期","15-16，18","上海"
"苏联公民的基本权利和基本义务:乌克兰女子玛丽亚·白洛勒，因在战时协助红军对德国法西斯蒂而获得了卫国战争勋章:[照片]","时代杂志","1946","第6卷 第48期","1页",NA,"上海"
"苏联动态:莫斯科斯特恩堡天文学研究所讲师米洛留波娃记录音时信号:[照片]","时代杂志","1946","第6卷 第38期","1页",NA,"上海"
"高尔基研究:高尔基和我们:关于“夜店”:写在“夜店”出版之前","师陀","时代杂志","1946","第6卷 第19期","28-29","上海"
"高尔基研究:论文学创作的技术","高尔基 戈宝权","时代杂志","1946","第6卷 第29期","31-34","上海"
"危机之春","文琴","时代杂志","1946","第6卷 第9期","5-6","上海"
"东北风云(七):林彪将军(右)及其秘书:[照片]","时代杂志","1946","第6卷 第36期","29",NA,"上海"
"苏联海军节:苏联潜水艇在国防前线侦察敌踪:[照片]","时代杂志","1946","第6卷 第29期","1页",NA,"上海"
"威尔纳论苏联外交","扬","时代杂志","1946","第6卷 第19期","9","上海"
"一周评论:击退逆流的信心(四月十九日至二十五日)","余伯约","时代杂志","1946","第6卷 第16期","5-6","上海"
"苏联未来的海军军官:海军上校波列诺夫向年青的听众讲述俄罗斯海军的光荣史迹:[照片]","时代杂志","1946","第6卷 第29期","1页",NA,"上海"
"新民主捷克的首府:普拉格:普拉格一景:[照片]","时代杂志","1946","第6卷 第28期","25",NA,"上海"
"高尔基研究:柯诺华洛夫(三)","高尔基 白寒","时代杂志","1946","第6卷 第34期","35-36","上海"
"马格尼托高尔斯克钢铁工厂:将钢板送到分切部去:[照片]","时代杂志","1946","第6卷 第40期","1页",NA,"上海"
"传记素描:列宁的祖先:舒森斯克城的列宁纪念像:[照片]","时代杂志","1946","第6卷 第3期","7",NA,"上海"
"苏联的胜利之鹰:“PE-2”式俯冲轰炸机:[画图]","时代杂志","1946","第6卷 第32期","1页",NA,"上海"
"苏联是谁统治的(附图)","查斯拉夫斯基 林之同","时代杂志","1946","第6卷 第17期","13-15","上海"
"列宁和史大林在斯莫尔纳宫里读电报:[画图]","时代杂志","1946","第6卷 第43/44期","1页",NA,"上海"
"论选举制度(上)","特莱依宁 烈","时代杂志","1946","第6卷 第16期","11-12","上海"
"高尔基研究:柯诺华洛夫(一)","高尔基 白寒","时代杂志","1946","第6卷 第29期","36-38","上海"
"高尔基研究:高尔基和我们:“母亲” 在中国的运命","施维卓夫 夏衍","时代杂志","1946","第6卷 第12期","28","上海"
"高尔基和我们:高尔基和我们:他，全般地爱着人类","景宋","时代杂志","1946","第6卷 第23期","11","上海"
"乌克兰共和国首都:基辅:乌克兰业余舞踊团表演:[照片]","时代杂志","1946","第6卷 第47期","1页",NA,"上海"
"法兰西的痊愈","爱伦堡 黄炎","时代杂志","1946","第6卷 第50期","27-28","上海"
"国际一周:“一致通过”与“否决权”","什之","时代杂志","1946","第6卷 第48期","14-15","上海"
"蒙古人民共和国一瞥(上)","莫尔查叶夫 祖立","时代杂志","1946","第6卷 第46期","27","上海"
"伊朗及其在世界政治上的地位(附图)","阿尔古斯 烈","时代杂志","1946","第6卷 第5期","14-16","上海"
"从史大林宪法看苏联的社会组织:一九四六年二月，乌兹贝克共和国教师霍杰叶夫向自己的门生解释最高苏维埃选举手续:[照片]","时代杂志","1946","第6卷 第48期","1页",NA,"上海"
"今日的列宁格勒:从红军拱门所望见的冬宫广场及亚历山大柱.冬宫也是拉斯特美里所设计的名建筑之一:[照片]","时代杂志","1946","第6卷 第34期","1页",NA,"上海"
"伟大十月社会主义革命时革命兵士与革命工人进攻彼得堡斯莫尔纳宫:[木刻]","时代杂志","1946","第6卷 第43/44期","1页",NA,"上海"
"苏联政府要员群像:邮电部长谢尔盖楚克:[照片]","时代杂志","1946","第6卷 第42期","2页",NA,"上海"
"照妖镜中的日本战事犯:[画图]","伊戈斯","时代杂志","1945","第5卷 第24期","封3","上海"
"特写:柏林市街战:地底下的血战","时代杂志","1945","第5卷 第2期","21",NA,"上海"
"划时代的中苏友好同盟条约(附照片)","孙科","时代杂志","1945","第5卷 第19期","11-12","上海"
"苏联学术院新院长华维洛夫:苏联学术院新院长华维洛夫:[照片]","时代杂志","1945","第5卷 第14期","22",NA,"上海"
"国际一周:比国国王应立即退位","时代杂志","1945","第5卷 第12期","8-9",NA,"上海"
"苏联百岁老作家强布尔逝世(附图)","时代杂志","1945","第5卷 第10期","18",NA,"上海"
"西行漫记:红军进入德国之后沿途所见","戈尔巴朵夫 库尔干诺夫","时代杂志","1945","第5卷 第1期","29-33","上海"
"恩格斯:学者和战士:纪念恩格斯逝世五十周年","土匈诺夫","时代杂志","1945","第5卷 第16期","21-22","上海"
"苏联全貌:哥萨赫共和国的各民族:[照片]","时代杂志","1945","第5卷 第2期","18",NA,"上海"
"旧金山会议圆满结束:未来持久公正和平的基础已告奠定","时代杂志","1945","第5卷 第10期","13",NA,"上海"
"国际一周:渝外交部长宋子文访苏","时代杂志","1945","第5卷 第11期","15",NA,"上海"
"史大林苏联:大元帅","时代杂志","1945","第5卷 第10期","7",NA,"上海"
"苏联全貌:靠近北极圈的冰天雪地世界:[照片]","时代杂志","1945","第5卷 第2期","18",NA,"上海"
"胜利日在上海:胜利庆祝游行时的史大林大元帅的巨像:[照片]","时代杂志","1945","第5卷 第18期","封3",NA,"上海"
"重临巴黎","卡拉华叶娃","时代杂志","1945","第5卷 第17期","25-26","上海"
"根绝日本法西斯主义的祸根","阿尔古斯","时代杂志","1945","第5卷 第17期","3-4","上海"
"解放了的维也纳","罗奇翁诺夫","时代杂志","1945","第5卷 第6期","19-21","上海"
"世界之窗:矮子肚里疙瘩多:[画图]","米谷","时代杂志","1945","第5卷 第19期","封3","上海"
"苏联纪行(四)","郭沫若","时代杂志","1945","第5卷 第22期","23-26","上海"
"英国公爵夫人异想天开:组织“欧洲自由同盟”","查斯拉夫斯基","时代杂志","1945","第5卷 第3期","15","上海"
"国际一周:美国政策的分析","时代杂志","1945","第5卷 第13期","16",NA,"上海"
"特写:柏林市街战:“雪崩”按时而来","时代杂志","1945","第5卷 第1期","21",NA,"上海"
"史大林画传(下):在列宁灵榇上宣誓效忠列宁主义的史大林:[画图]","时代杂志","1945","第5卷 第25期","封3",NA,"上海"
"国际一周:美国有没有背离罗斯福的政策?","时代杂志","1945","第5卷 第7期","9",NA,"上海"
"苏联十月革命纪念节莫洛托夫演辞(续):苏联人民委员长苏维埃副主席兼外交人民委员长莫洛托夫在莫斯科市劳动者代表苏维埃举行的伟大十月社会主义革命二十八周纪念大会席上的报告","时代杂志","1945","第5卷 第21期","5-9",NA,"上海"
"“东方国家”的破灭:纪念立陶宛，拉脱维亚，爱沙尼亚苏维埃政权五周年","维希聂夫斯基","时代杂志","1945","第5卷 第14期","15-17","上海"
"全世界爱好自由民族向苏联电贺胜利:特戈尔将军贺电","特戈尔","时代杂志","1945","第5卷 第4期","10","上海"
"国际一周间:及时的警告","阿尔古斯","时代杂志","1945","第5卷 第23期","12-13","上海"
"波兰问题:苏方热烈招待波代表","时代杂志","1945","第5卷 第1期","16",NA,"上海"
"全世界爱好自由民族向苏联电贺胜利:特鲁曼致史大林贺电","特鲁曼","时代杂志","1945","第5卷 第4期","10","上海"
"直捣柏林:(三)柏林之夜、(四)在柏林","卡尔明 顾德列伐蒂赫","时代杂志","1945","第5卷 第14期","24-26","上海"
"德国法西斯“死营”中的惊人罪行!:在波兰玛伊达纳克死营中死人物件里发现的被德人虐待的人们的照片:[照片]","时代杂志","1945","第5卷 第12期","封3",NA,"上海"
"德国法西斯死营中的惊人罪行!:法国亚尔萨斯州那茨法勒死营","时代杂志","1945","第5卷 第12期","18",NA,"上海"
"国际一周:反动派企图的破产","时代杂志","1945","第5卷 第9期","18",NA,"上海"
"在华日军投降签字仪式:6.签字仪式完成之后……:[照片]","时代杂志","1945","第5卷 第17期","封2",NA,"上海"
"法西斯蒂战争罪犯一上法庭都变得有病或者发疯了:[画图]","时代杂志","1945","第5卷 第22期","封2",NA,"上海"
"直捣柏林:(六)在德军总参谋部","波列伏伊","时代杂志","1945","第5卷 第15期","25-26","上海"
"德帝国主义的工具:国际卡特尔","李昂季叶夫","时代杂志","1945","第5卷 第8期","12-13","上海"
"苏美英法四国领袖发表宣言","时代杂志","1945","第5卷 第3期","7-8",NA,"上海"
"资本主义国家的宪法和社会主义国家的宪法(未完)","戚礼朴","时代杂志","1945","第5卷 第23期","5-8","上海"
"国际观察:捷克斯洛伐克解放运动(续完)","勃拉尼克","时代杂志","1945","第5卷 第15期","22-23","上海"
"高尔基逝世九周年纪念:[照片]","时代杂志","1945","第5卷 第8期","封1",NA,"上海"
"苏联勋章奖章:近卫兵徵章，凡荣膺为近卫兵者，均得此项徽章:[照片]","时代杂志","1945","第5卷 第5期","封2",NA,"上海"
"红场胜利阅兵观礼记:罗柯索夫斯基元帅:[照片]","时代杂志","1945","第5卷 第10期","5",NA,"上海"
"高尔基研究:高尔基著作40，000，000本","施维卓夫","时代杂志","1945","第5卷 第8期","34","上海"
"国际一周:关于旧金山会议","时代杂志","1945","第5卷 第8期","17",NA,"上海"
"德国法西斯“死营”中的惊人罪行!:德国刽子手在处死各国无辜女子十四万人时剃下的七千公斤头发.德人将此种头发运回德国，作成床艺和用作工业之需:[画图]","时代杂志","1945","第5卷 第12期","封3",NA,"上海"
"中国第一部音乐剧“孟姜女”:[照片]","时代杂志","1945","第5卷 第22期","封3",NA,"上海"
"柏林鸟瞰","时代杂志","1945","第5卷 第1期","22-23，24-25",NA,"上海"
"点将录(1):契尔匿霍夫斯基将军(附照片)","时代杂志","1945","第5卷 第1期","28",NA,"上海"
"一九四一年第三届莫斯科苏联全国农业展览会开幕日盛况:[照片]","时代杂志","1946","第6卷 第33期","封1",NA,"上海"
"国际一周:一、关内与关外","文琴","时代杂志","1946","第6卷 第8期","5-6","上海"
"复兴中的德聂泊中央水力发电站:装置电气室的骨架:[照片]","时代杂志","1946","第6卷 第37期","1页",NA,"上海"
"苏联民主特点之一:[照片多幅]","时代杂志","1946","第6卷 第4期","封1",NA,"上海"
"今日的“美国平民”","爱伦堡 黄炎","时代杂志","1946","第6卷 第49期","6","上海"
"苏联的首都:莫斯科:莫斯科红场上以建筑著名于世的古老的圣华西里大寺院.左首是一六一二年抵抗波兰干涉军的俄罗斯民族英雄米宁与波萨尔斯基纪念碑:[照片]","时代杂志","1946","第6卷 第49期","1页",NA,"上海"
"苏联驻华大使彼得罗夫致上海·北平天津及中国各城市的苏联公民的贺词","彼得罗夫","时代杂志","1946","第6卷 第43/44期","16","上海"
"苏联革命廿九周年纪念:[题词]","宋庆龄","时代杂志","1946","第6卷 第43/44期","17","上海"
"苏联极北方的航线:雅库茨克自治共和国极北部吉歇湾:[照片]","时代杂志","1946","第6卷 第35期","1页",NA,"上海"
"纪念高尔基逝世十周年:高尔基画谱:高尔基和斯大林及伏罗希洛夫在列宁墓旁:[照片]","时代杂志","1946","第6卷 第23期","1页",NA,"上海"
"“俄国文学史”导言","高尔基 曹靖华","时代杂志","1946","第6卷 第23期","20，19","上海"
"如果要做一个出色的驾驶员……:[画图多幅]","时代杂志","1946","第6卷 第3期","封3",NA,"上海"
"苏联未来的海军军官:那希莫夫学生们井然有序地集合上戏院观剧:[照片]","时代杂志","1946","第6卷 第29期","1页",NA,"上海"
"高尔基和我们:高尔基和中国","唐弢","时代杂志","1946","第6卷 第23期","15","上海"
"苏联的胜利之鹰:速度很高的“拉伏奇金”式驱逐机:[画图]","时代杂志","1946","第6卷 第32期","1页",NA,"上海"
"暴风雨来了!","张沛","时代杂志","1946","第6卷 第33期","5-7，23-24","上海"
"高尔基研究:论社会主义的现实主义","高尔基 戈宝权","时代杂志","1946","第6卷 第27期","27-30","上海"
"一周评论:历史巨轮不会倒转(六月七日至十四日)","余伯约","时代杂志","1946","第6卷 第23期","40-41","上海"
"五个最新的加盟共和国(下):“苏联各民族概况”之四","(美)Lamont，C. 古琴","时代杂志","1946","第6卷 第50期","29-30","上海"
"今日的列宁格勒:聂瓦河畔的俄罗斯海军胜利纪念柱之一:[照片]","时代杂志","1946","第6卷 第34期","1页",NA,"上海"
"高尔基研究:列宁论高尔史(史料)(附图)","施维卓夫 戈宝权","时代杂志","1946","第6卷 第12期","20-24","上海"
"伊朗问题:所谓伊朗问题","安东诺维奇 祖立","时代杂志","1946","第6卷 第31期","14-15","上海"
"苏联最高国家政权机关和最高国家行政机关","卡尔宾斯基 草婴","时代杂志","1946","第6卷 第48期","8-10，28","上海"
"苏联政府要员群像:有色冶金工业部长罗马柯:[照片]","时代杂志","1946","第6卷 第42期","1页",NA,"上海"
"高尔基研究:苏联作家关心高尔基的作品在中国的情形:阿普莱丁致戈宝权的信的片断","施维卓夫","时代杂志","1946","第6卷 第12期","34","上海"
"读报杂感:“最后裁决权”及其他","萧扬","时代杂志","1946","第6卷 第22期","9-10，21","上海"
"高尔基研究:高尔基和我们:纪念人民的作家高尔基(附照片)","佛拉基金 葆荃","时代杂志","1946","第6卷 第25期","26-27","上海"
"论托管问题:十一月十一日在联合国机构大会席上的演词","诺维柯夫","时代杂志","1946","第6卷 第46期","10，30","上海"
"美国应该从第二次世界大战中学习些甚么?(上)","飞海","时代杂志","1946","第6卷 第35期","11-13","上海"
"苏联经济发展的基本法则","奥斯特罗维嘉诺夫 陈时臬","时代杂志","1946","第6卷 第1期","21-28","上海"
"苏联的重工业","拉聂夫斯基","时代杂志","1946","第6卷 第2期","15-17","上海"
"我们的导师:鲁迅先生:[木刻]","荒烟","时代杂志","1946","第6卷 第41期","1页","上海"
"苏维埃社会主义共和国联邦最高苏维埃主席团主席施维尔尼克:[照片]","时代杂志","1946","第6卷 第45期","1页",NA,"上海"
"苏联民族的友谊:十月社会主义革命的伟大收获","谢列克脱 何歌","时代杂志","1946","第6卷 第43/44期","64-65","上海"
"苏联政府要员群像:化学工业部长彼尔符兴:[照片]","时代杂志","1946","第6卷 第42期","1页",NA,"上海"
"史大林奖金是怎样产生的?","白拉斯拉符士基","时代杂志","1946","第6卷 第24期","26","上海"
"苏联的首都:莫斯科:莫斯科市民的有名的休息场所之一:高尔基中央文化与休息公园:[照片]","时代杂志","1946","第6卷 第49期","1页",NA,"上海"
"苏联各加盟苏维埃社会主义共和国部长会议主席:白俄罗斯共和国部长会议主席波诺马林柯:[照片]","时代杂志","1946","第6卷 第45期","1页",NA,"上海"
"东北之行(一):在中国长春铁路上","雅姆泊尔斯基 孟猛","时代杂志","1946","第6卷 第25期","20-22","上海"
"论英美经济关系(下)","瓦尔加 林之同","时代杂志","1946","第6卷 第20期","10-13","上海"
"国际一周:大选前夕的日本","文琴","时代杂志","1946","第6卷 第6期","7-8","上海"
"红军是怎样攻入东北的:中苏友好同盟条约签订情形:[照片]","时代杂志","1946","第6卷 第7期","14",NA,"上海"
"苏联的首都:莫斯科:国立莫斯科大学新学年开始上课情形:[照片]","时代杂志","1946","第6卷 第49期","1页",NA,"上海"
"时事杂感:二、罗斯福与中国的民主事业","肃扬","时代杂志","1946","第6卷 第15期","7-8","上海"
"东北风云(四)","周而复","时代杂志","1946","第6卷 第33期","27-28","上海"
"史大林答覆英国“星期泰晤士报”莫斯科通讯员的问题(附图)","时代杂志","1946","第6卷 第38期","4-5",NA,"上海"
"东北风云(十)(附照片)","周云复","时代杂志","1946","第6卷 第39期","28-30，24","上海"
"苏联动态:拉特维亚共和国首都里加“陀迦华”体育会上击剑课:[照片]","时代杂志","1946","第6卷 第38期","2页",NA,"上海"
"苏联的社会组织:工作中的某集体农场:[照片]","时代杂志","1946","第6卷 第48期","1页",NA,"上海"
"苏联全国农业展览会:展览会中的大道，主爱的陈列馆都在大道的两旁:[照片]","时代杂志","1946","第6卷 第33期","1页",NA,"上海"
"胜利一年来中日两国国民经济的对比","杜洛甫","时代杂志","1946","第6卷 第32期","24-25","上海"
"“苏联是强大的……苏联是要和平的”(附图)","Vayo，J.A.D. 夏汉","时代杂志","1946","第6卷 第42期","11-13","上海"
"美国可能实行计划经济吗?(上)","顾兹明诺夫 小诸","时代杂志","1946","第6卷 第19期","14-16","上海"
"皆曰可杀的沙赫特","顾斯 方舟","时代杂志","1946","第6卷 第40期","12-15","上海"
"高尔基研究:高尔基中译本书目(第六号)","施维卓夫","时代杂志","1946","第6卷 第12期","32-33","上海"
"传记素描:列宁的祖先(中)(附照片、遗墨)","莎吉娘 林之同","时代杂志","1946","第6卷 第4期","31-34","上海"
"朝鲜工人的近况:朝鲜的职工协会是民主朝鲜的组织中的主力","泰勒 小诃","时代杂志","1946","第6卷 第24期","19-22","上海"
"苏联政府要员群像:苏联国家银行理事长:[照片]","时代杂志","1946","第6卷 第42期","1页",NA,"上海"
"苏联职工会对劳动者物质与精神生活的关注","西陀林柯 樊英","时代杂志","1946","第6卷 第14期","21-22，26","上海"
"纪念鲁迅逝世十周年:鲁迅画谱:宋庆龄先生在下葬时演说:[照片]","时代杂志","1946","第6卷 第41期","1页",NA,"上海"
"暹逻与大不列颠签订和约:[画图]","时代杂志","1946","第6卷 第4期","封2",NA,"上海"
"苏联在建设中:苏联地质学家在哥萨赫斯坦，钟迦尔亚拉韬山麓发现了全国最大的铅锌矿脉之一:[照片]","时代杂志","1946","第6卷 第29期","1页",NA,"上海"
"苏联的首都:莫斯科:红场上的列宁陵墓:[照片]","时代杂志","1946","第6卷 第49期","1页",NA,"上海"
"获得真正解放的苏联妇女(纪念三八国际妇女节):[照片]","时代杂志","1946","第6卷 第9期","封1",NA,"上海"
"苏联人民的疗养院:苏联职工联合会的九百所疗养院之高加索胜地基斯洛伏德斯克的疗养院:[照片]","时代杂志","1946","第6卷 第31期","2页",NA,"上海"
"苏联动态:索启城某校五年级生契波达列娃练习双杆运动:[照片]","时代杂志","1946","第6卷 第38期","1页",NA,"上海"
"高尔基像:[画图]","布罗兹基","时代杂志","1946","第6卷 第23期","封1","上海"
"鹰之歌(附图)","高尔基 白寒 彼特罗夫","时代杂志","1946","第6卷 第23期","22，27-28","上海"
"纪念高尔基逝世十周年:高尔基画谱:高尔基和他的儿子及孙女儿(一九二五年):[照片]","时代杂志","1946","第6卷 第23期","1页",NA,"上海"
"一周评论:威胁利诱之间(五月二十四日至三十日)","余伯约","时代杂志","1946","第6卷 第21期","3-5","上海"
"一九四六年十月九日苏联外交部长莫洛托夫在巴黎和会席上的演词(附照片)","时代杂志","1946","第6卷 第41期","20-22，27",NA,"上海"
"战后法国的经济问题(完)","许奴洛夫 言如山","时代杂志","1946","第6卷 第27期","17-18","上海"
"力与青春的节日:全苏联体育节，七月二十一日","群力","时代杂志","1946","第6卷 第28期","28","上海"
"苏维埃祖国的伟大儿子","萧白","时代杂志","1946","第6卷 第22期","4-6","上海"
"苏联的书:纪念苏联五五出版节","如尔德 林之同","时代杂志","1946","第6卷 第18期","21-23","上海"
"复兴中的德聂泊中央水力发电站:建筑主任罗吉诺夫向苏联发电站部长冀梅林报告德聂泊水力发电站工程进行情形:[照片]","时代杂志","1946","第6卷 第37期","1页",NA,"上海"
"美国为什么要在海外觅取军事基地","托尔齐诺夫 蕙风","时代杂志","1946","第6卷 第15期","11-12","上海"
"复仇女神难道没有眼睛吗?:[画图多幅]","时代杂志","1946","第6卷 第1期","封3",NA,"上海"
"“言论出版自由”在资本主义国家(下)","维克多洛夫 祖立","时代杂志","1946","第6卷 第50期","21-22","上海"
"纪念鲁迅逝世十周年:鲁迅画谱:鲁迅先生的石膏像，日本奥田杏花作:[照片]","时代杂志","1946","第6卷 第41期","1页",NA,"上海"
"三十五年历程","徐烈夫","时代杂志","1946","第6卷 第40期","6-8","上海"
"望“洋”兴叹!(中国政府禁止房东以美国金“洋”征收房租):[画图]","时代杂志","1946","第6卷 第4期","封3",NA,"上海"
"蒙古人民共和国领袖:曹巴山元帅访问记(附照片)","卢萨诺娃 小诸","时代杂志","1946","第6卷 第28期","13","上海"
"时事杂感:三、一个秘密的泄漏","肃扬","时代杂志","1946","第6卷 第15期","8","上海"
"高尔基研究:错误(上)","高尔基 白寒","时代杂志","1946","第6卷 第19期","30-34","上海"
"伊朗纪游(附图)","赛尔格叶夫 平","时代杂志","1946","第6卷 第5期","17-20","上海"
"卫国战争中的苏联海军:纪念苏联海军节","奥谢宁 何歌","时代杂志","1946","第6卷 第29期","24-25","上海"
"东北风云(七)(附照片)","周而复","时代杂志","1946","第6卷 第36期","28-30","上海"
"东北风云(二)","周而复","时代杂志","1946","第6卷 第30期","29-30","上海"
"中苏关系与东北问题","丁静","时代杂志","1946","第6卷 第8期","9-10，24-26","上海"
"伟大十月社会主义革命二十九周纪念日苏联共产党书记迟达诺夫报告(附图)","时代杂志","1946","第6卷 第45期","3-10",NA,"上海"
"希腊一瞥(附图)","希维尼可夫 黄炎","时代杂志","1946","第6卷 第40期","25-27","上海"
"苏联第四次五年计划在实现中:山脉中的工厂:苏维埃高加索的五年计划","符拉季米洛夫 何歌","时代杂志","1946","第6卷 第30期","25-26","上海"
"莫斯科“狄那莫”运动场运动季开幕:举重锦标诺伐克创造了全世界举重新纪录:[画图]","时代杂志","1946","第6卷 第28期","1页",NA,"上海"
"日本反动派的新阴谋(附图)","阿华林 烈","时代杂志","1946","第6卷 第9期","17-18","上海"
"英国议院中的帝国政策派(下)","查斯拉夫斯基 烈","时代杂志","1946","第6卷 第8期","18-20","上海"
"东北风云(十三)","周而复","时代杂志","1946","第6卷 第42期","27-30","上海"
"“请开门!”:犹太人想进巴勒斯坦而不得“其门”而入:[画图]","时代杂志","1946","第6卷 第3期","封2",NA,"上海"
"东北风云:周保中将军:[照片]","时代杂志","1946","第6卷 第35期","28",NA,"上海"
"今日的列宁格勒:冬宫后聂瓦河上的宫桥.左首即冬宫:[照片]","时代杂志","1946","第6卷 第34期","1页",NA,"上海"
"莫斯科苏联全国农业展览会:大特齐克共和国陈列馆:[照片]","时代杂志","1946","第6卷 第33期","1页",NA,"上海"
"“向谁去要求赔偿?”:左面的水兵出售“私货”，右面的“MP”没收“赃物”:[画图]","时代杂志","1946","第6卷 第3期","封3",NA,"上海"
"中国为民主团结而斗争","培雷维尔泰洛 思","时代杂志","1946","第6卷 第19期","7-8","上海"
"意大利的经济现状","史洛波德斯柯伊 何歌","时代杂志","1946","第6卷 第41期","37-38","上海"
"欧洲土地改革与社会生活民主化","瓦尔加 林之同","时代杂志","1946","第6卷 第13期","11-14","上海"
"列宁格勒“罗蒙诺索夫”瓷器制造厂全体同人送给史大林的礼物:[照片]","时代杂志","1946","第6卷 第27期","封1",NA,"上海"
"东北风云(十二)(附照片、表)","周而复","时代杂志","1946","第6卷 第41期","44-46","上海"
"中国新纪元的开始:[画图]","时代杂志","1946","第6卷 第3期","封2",NA,"上海"
"日本侵略者的秘密势力(二)","米那叶夫 金子","时代杂志","1946","第6卷 第28期","29-30","上海"
"高尔基和我们:友谊的导师的手是伸向我们的","徐迟","时代杂志","1946","第6卷 第23期","17","上海"
"国际一周:二、联合国大会与英苏之争","文琴","时代杂志","1946","第6卷 第5期","6-9","上海"
"投降后的日本:日本农村小景","顾德雷伐蒂赫 小诸","时代杂志","1946","第6卷 第33期","17-18，23","上海"
"十月革命和苏联各民族文化的发扬","柯里亚勃斯卡雅 什之","时代杂志","1946","第6卷 第43/44期","68-69","上海"
"苏联政府要员群像:汽车工业部长:[照片]","时代杂志","1946","第6卷 第42期","1页",NA,"上海"
"蒙古人民共和国在国庆日:蒙古人民共和国创立二十五周年纪念日，首都乌朗--巴托尔(即库伦)举行蒙古人民共和国创造者苏海--巴托尔纪念碑揭幕典礼:[照片]","时代杂志","1946","第6卷 第50期","1页",NA,"上海"
"莫斯科地下铁道:伊士玛伊洛夫车站:[照片]","时代杂志","1946","第6卷 第39期","1页",NA,"上海"
"胜利后中国内部的经济战争","邓洛夫","时代杂志","1946","第6卷 第9期","14-16","上海"
"今日之日本(续)","戈尔巴朵会","时代杂志","1946","第6卷 第17期","20-21","上海"
"第二次世界大战的根源及其本质","裴格洛夫 侯翔","时代杂志","1946","第6卷 第14期","9-11","上海"
"传记素描:列宁的祖先:阿沙巴德市立公园中的列宁纪念像:[照片]","时代杂志","1946","第6卷 第3期","6",NA,"上海"
"东北风云(九):吕正操将军:[照片]","时代杂志","1946","第6卷 第38期","28",NA,"上海"
"新民主的捷克在前进中","波立特 沈思远","时代杂志","1946","第6卷 第28期","14，19-21","上海"
"宪法和宗教自由在苏联","卡尔泊夫 葛达","时代杂志","1946","第6卷 第48期","11-13","上海"
"高尔基研究:高尔基和列宁:[画图]","施维卓夫 华西里耶夫","时代杂志","1946","第6卷 第12期","21","上海"
"一周评论:让法西斯暴徒看看力量(六月二十二日至二十八日)","余伯约","时代杂志","1946","第6卷 第25期","4-5","上海"
"高尔基和我们:我想讲一点关于高尔基的小事","陈原","时代杂志","1946","第6卷 第23期","17","上海"
"第四次五年计划:乌拉尔库士聂茨 __钢工厂文化宫中工人排练:[照片]","时代杂志","1946","第6卷 第18期","1页",NA,"上海"
"今日的列宁格勒:聂瓦河畔的施密德中尉桥:[照片]","时代杂志","1946","第6卷 第34期","1页",NA,"上海"
"苏联国家计划委员会主席伏士聂辛斯基:[照片]","时代杂志","1946","第6卷 第11期","封1",NA,"上海"
"投降后的日本:日本的农业改革","聂维洛夫 南薰","时代杂志","1946","第6卷 第33期","16-17","上海"
"一周评论:从伦敦看世界(自一月三日至十日)","葛罗宾","时代杂志","1946","第6卷 第2期","1页，4-5","上海"
"清政府与国民党宪政之比较(附图)","郭生","时代杂志","1946","第6卷 第5期","11-13","上海"
"苏联全国农业展览会:一九四一年第三届展览会开幕时列宁铁路高鲁维诺站铁路员工俱乐部民歌合唱表演:[照片]","时代杂志","1946","第6卷 第33期","1页",NA,"上海"
"高尔基研究:“游街”","高尔基 白寒","时代杂志","1946","第6卷 第16期","32","上海"
"一周评论:原子弹示威之后(六月二十九日至七月四日)","余伯约","时代杂志","1946","第6卷 第26期","4-5","上海"
"高尔基研究:我怎样学习(续完)(附照片)","葆全","时代杂志","1946","第6卷 第19期","25-27","上海"
"纪念高尔基逝世十周年:高尔基画谱:高尔基和他的两个孙女儿:[照片]","时代杂志","1946","第6卷 第23期","2页",NA,"上海"
"高尔基和我们:深刻的感动","袁水拍","时代杂志","1946","第6卷 第23期","16-17","上海"
"世界地理志:联合国机构的新会员:阿富汗(附图)","玛拉克诺夫 秉持","时代杂志","1946","第6卷 第49期","23-26","上海"
"红军是怎样攻入东北的(附图、照片)","顾尔那柯夫 华","时代杂志","1946","第6卷 第7期","13-15","上海"
"一周评论:只有合作才有力量(自一月十一日至十八日)","葛罗宾","时代杂志","1946","第6卷 第3期","8-9，13","上海"
"马格尼托高尔斯克钢铁工厂:[照片二幅]","时代杂志","1946","第6卷 第40期","1页",NA,"上海"
"一周评论:胜利一定要属于人民(五月三日至八日)","余伯约","时代杂志","1946","第6卷 第18期","8-9","上海"
"从史大林宪法看苏联的社会组织:平权的苏联公民耕种柯宁:[照片]","时代杂志","1946","第6卷 第48期","1页",NA,"上海"
"苏联纪行(十二)(附图)","郭沫若","时代杂志","1946","第6卷 第7期","24-26","上海"
"蒙古人民共和国(下)","什之","时代杂志","1946","第6卷 第6期","19-23","上海"
"乌克兰和白俄罗斯(上):“苏联各民族概况”之三","(美)Lamont，C. 古琴","时代杂志","1946","第6卷 第47期","29","上海"
"莫斯科地下铁道:保罗车站:[照片]","时代杂志","1946","第6卷 第39期","1页",NA,"上海"
"苏联政府要员群像:东部石油业部长叶夫赛盈柯:[照片]","时代杂志","1946","第6卷 第42期","1页",NA,"上海"
"爱和平诸民族的合作与各国的安全:苏联外交部长莫洛托夫一九四六年十月十四日在巴黎和会席上的演辞(附图)","(苏)莫洛托夫","时代杂志","1946","第6卷 第42期","3-6","上海"
"打得一团糟的爪哇:[画图]","时代杂志","1946","第6卷 第4期","封2",NA,"上海"
"关于印度国民大会诸领袖","基雅珂夫 周冬","时代杂志","1946","第6卷 第34期","14-15，24","上海"
"莫斯科苏美国际象棋比赛(一九四六年九月):一九四六年九月十二日，莫斯科联邦宫圆柱大厅举行苏美国际象棋比赛开幕礼时的盛况:[照片]","时代杂志","1946","第6卷 第50期","1页",NA,"上海"
"苏联第四次五年计划在实现中:苏联威力的泉源:史大林五年计划","阿齐翔 葛达","时代杂志","1946","第6卷 第27期","19-20","上海"
"从史大林宪法看苏联的社会组织:有名的飞行家苏联英雄伐列里·戚卡洛夫的儿子陆年幼，学校学生伊哥尔·威卡洛夫参加一九四六年选举时投票情形:[照片]","时代杂志","1946","第6卷 第48期","1页",NA,"上海"
"纪念鲁迅逝世十周年:鲁迅画谱:葬仪的行列:[照片]","时代杂志","1946","第6卷 第41期","1页",NA,"上海"
"国际一周:美国选举与经济危机","什之","时代杂志","1946","第6卷 第46期","28-29","上海"
"东北风云(八):彭真将军:[照片]","时代杂志","1946","第6卷 第37期","22",NA,"上海"
"国际一周:国际空气的协和","什之","时代杂志","1946","第6卷 第50期","7","上海"
"我所见的红军","舒群","时代杂志","1946","第6卷 第31期","29-30","上海"
"苏联集体农业在卫国战争中的贡献(上)","拉普吉夫 岳","时代杂志","1946","第6卷 第30期","23-24","上海"
"高尔基自传","时代杂志","1946","第6卷 第23期","6-7",NA,"上海"
"高尔基和我们:我爱高尔基的什么作品","雪峰","时代杂志","1946","第6卷 第23期","14","上海"
"希腊问题的真相(附图)","阿尔古斯 华","时代杂志","1946","第6卷 第7期","16-19","上海"
"资本主义国家的民主与社会主义国家的民主(上)","柯尔尼夫 林之同","时代杂志","1946","第6卷 第9期","11-13","上海"
"国际一周:四、由贝文到弗朗哥","文琴","时代杂志","1946","第6卷 第6期","8，23","上海"
"东北风云:于天放将军:[照片]","时代杂志","1946","第6卷 第35期","29",NA,"上海"
"时事杂感:二、“完全相同”的代价","萧扬","时代杂志","1946","第6卷 第16期","7-8","上海"
"高尔基研究:柯诺华洛夫(二)","高尔基 白寒","时代杂志","1946","第6卷 第31期","36-37","上海"
"苏联库士聂茨炼钢厂:[照片]","时代杂志","1946","第6卷 第25期","封1",NA,"上海"
"苏联公民的基本权利和基本义务:某集体农场中的农业学校学生:[照片]","时代杂志","1946","第6卷 第48期","1页",NA,"上海"
"红军:苏联的自由和独立的忠实哨兵:红军创立二十八周年纪念(附图)","华西列夫斯基 烈","时代杂志","1946","第6卷 第7期","8-9","上海"
"论选举制度(下)","特莱依宁 烈","时代杂志","1946","第6卷 第17期","16-20","上海"
"意大利法西斯的根源","史洛波德斯柯伊 幸言","时代杂志","1946","第6卷 第41期","34-36","上海"
"苏联第四次五年计划在实现中:苏联战后的五年计划:一个为着稳固和平的计划","奥洛夫 飞海","时代杂志","1946","第6卷 第28期","26-27","上海"
"莫斯科地下铁道:电气厂车站:[照片]","时代杂志","1946","第6卷 第39期","1页",NA,"上海"
"一问一答:非敌国领土内驻外军","什之","时代杂志","1946","第6卷 第38期","6-7","上海"
"俄罗斯苏维埃联邦社会主义共和国(上):“苏联各民族概况”之二","(美)Lamont，C. 古琴","时代杂志","1946","第6卷 第34期","16-17","上海"
"国际一周:逆流愈见嚣张","什之","时代杂志","1946","第6卷 第49期","29-30","上海"
"高尔基研究:高尔基在中国:在苏侨俱乐部高尔基纪念大会上的报告(附照片)","司唯劳夫 小诸","时代杂志","1946","第6卷 第25期","29-31","上海"
"苏联和中国","科冈 北泉","时代杂志","1946","第6卷 第43/44期","77，69","上海"
"高尔基研究:论艺术:写给阿拉托尔·法郎士的信","高尔基 苏牧","时代杂志","1946","第6卷 第27期","32","上海"
"民主在南斯拉夫","波美朗采夫","时代杂志","1946","第6卷 第26期","12-15","上海"
"国际一周:一、史大林民主的胜利","文琴","时代杂志","1946","第6卷 第6期","5","上海"
"高尔基研究:介绍一本研究高尔基的书:台斯尼兹基:“高尔基的生活与创造”","时代杂志","1946","第6卷 第19期","29",NA,"上海"
"苏联的对外政策","德波林 黄炎","时代杂志","1946","第6卷 第45期","21-22","上海"
"“乌兹贝克斯坦的骄矜:法尔哈德水力发电站”(详另文):(一)堤堰和灌溉运河:[照片]","时代杂志","1946","第6卷 第46期","1页",NA,"上海"
"苏联政府要员群像:内政部长克鲁格洛夫:[照片]","时代杂志","1946","第6卷 第42期","1页",NA,"上海"
"复兴中的德聂泊中央水力发电站:水闸闸门和自动管理的建筑现已完全修复，已可行舟:[照片]","时代杂志","1946","第6卷 第37期","1页",NA,"上海"
"史大林:列宁事业的承继者","维辛斯基 何歌","时代杂志","1946","第6卷 第50期","3-6","上海"
"蒙古人民共和国概况","马尔可夫 祖立","时代杂志","1946","第6卷 第28期","12","上海"
"“以其人之道，还治其人之身!”:[画图]","时代杂志","1946","第6卷 第2期","封3",NA,"上海"
"复兴中的德聂泊中央水力发电站:德聂泊中央水力发电站总工程师康达洛夫:[照片]","时代杂志","1946","第6卷 第37期","1页",NA,"上海"
"史大林与真理报记者谈论邱吉尔演说(附图)","时代杂志","1946","第6卷 第10期","3-5",NA,"上海"
"一九一七年十月攻击冬宫:[画图]","萧格洛夫","时代杂志","1946","第6卷 第43/44期","1页","上海"
"苏联人民的疗养院:“第五号温泉浴室”大门口:[照片]","时代杂志","1946","第6卷 第31期","1页",NA,"上海"
"一九四六--一九五○年苏联第四次复兴与发展国民经济五年计划(根据苏联国家计划委员会主席伏士聂辛斯基报告):运载钢铁的火车:[照片]","时代杂志","1946","第6卷 第18期","1页",NA,"上海"
"高尔基研究:母亲和儿子:[木刻]","阿莱克塞耶夫","时代杂志","1946","第6卷 第21期","21","上海"
"蒙古人民共和国在国庆日:蒙古人民共和国创立二十五周年纪念日开幕的展览会，图为会中的军事陈列馆:[照片]","时代杂志","1946","第6卷 第50期","1页",NA,"上海"
"德聂泊水力发电站职工生活:辅助农场园艺家鲍里兴珂检验果树:[照片]","时代杂志","1946","第6卷 第37期","1页",NA,"上海"
"苏联的首都:莫斯科:苏联最大的歌舞剧院:国立大剧院:[照片]","时代杂志","1946","第6卷 第49期","2页",NA,"上海"
"在加拿大","爱仑堡 何歌","时代杂志","1946","第6卷 第47期","23-24","上海"
"一九一八年--一九四○年苏联出版事业概况","时代杂志","1946","第6卷 第18期","23",NA,"上海"
"今日的列宁格勒:列宁格勒的主要街道:聂夫斯基大街.远处为海军部大厦:[照片]","时代杂志","1946","第6卷 第34期","1页",NA,"上海"
"认识苏联是今天最切要的事……:[题词]","郭沫若","时代杂志","1946","第6卷 第43/44期","21","上海"
"纪念鲁迅逝世十周年:鲁迅画谱:一九三三年在宋庆龄先生寓年，与萧伯纳及蔡元培先生合摄:[照片]","时代杂志","1946","第6卷 第41期","1页",NA,"上海"
"苏联三次五年计划总结(根据一九四六年二月九日史大林竞选演说中的材料):[图表]","时代杂志","1946","第6卷 第18期","1页",NA,"上海"
"国际一周:新民主的胜利","什之","时代杂志","1946","第6卷 第48期","16","上海"
"攻击冬宫:[画图]","斯瓦洛格","时代杂志","1946","第6卷 第43/44期","1页","上海"
"高尔基研究:高尔基底社会主义的美学观(中)","萧三","时代杂志","1946","第6卷 第40期","32-36","上海"
"俄罗斯苏维埃联邦社会主义共和国(六):“苏联各民族概况”之二","(美)Lamont，C. 古琴","时代杂志","1946","第6卷 第39期","25-27","上海"
"资本主义世界经济危机的原因","阿尔吉尔 樊英","时代杂志","1946","第6卷 第47期","11-14，19，28","上海"
"乌克兰共和国首都:基辅:乌克兰大诗人达拉斯·谢夫成果的住宅，现改为陈列馆，战时曾为希特勒匪徒破坏，现已修复:[照片]","时代杂志","1946","第6卷 第47期","1页",NA,"上海"
"论英美关系","赛尔盖叶娃 草婴","时代杂志","1946","第6卷 第47期","20-22","上海"
"李闻二先生悼辞","郭沫若","时代杂志","1946","第6卷 第40期","9，8","上海"
"国际一周:一、联合国大会的暗流","文琴","时代杂志","1946","第6卷 第4期","6-7","上海"
"高尔基研究:介绍几种新出的高尔基作品的中译本","时代杂志","1946","第6卷 第34期","38",NA,"上海"
"高尔基研究:高尔基和我们:纪念人民的作家高尔基:参加高尔基纪念会的群众:[照片]","时代杂志","1946","第6卷 第25期","27",NA,"上海"
"俄罗斯苏维埃联邦社会主义共和国(五):“苏联各民族概况”之二(附图)","(美)Lamont，C. 古琴","时代杂志","1946","第6卷 第38期","24-26","上海"
"苏联全国农业展览会:苏联农业展览会陈列馆之一:[照片]","时代杂志","1946","第6卷 第33期","2页",NA,"上海"
"美国应该从第二次世界大战中学习些甚么?(下)","飞海","时代杂志","1946","第6卷 第37期","9-10，21","上海"
"苏联人民的疗养院:奥地萨“莱蒙托夫”疗养院.战时和战后有大量红军官兵在这里休息疗养:[照片]","时代杂志","1946","第6卷 第31期","1页",NA,"上海"
"东北之行(二):在中国长春铁路上","雅姆泊尔斯基 孟猛","时代杂志","1946","第6卷 第26期","23-26","上海"
"今日之特里埃斯特(下)","柯席夫尼柯夫 什之","时代杂志","1946","第6卷 第27期","15-16","上海"
"高尔基研究:我怎样第一次听到关于加里波地的事情","高尔基 荃","时代杂志","1946","第6卷 第37期","30","上海"
"十月革命给予了苏联工人什么?","查尔金 草婴","时代杂志","1946","第6卷 第43/44期","44-45，36","上海"
"苏联人民的疗养院:高加索基斯洛伏德斯克市是苏联最优美的疗养胜地之一.该处有许多属于苏联职工会的疗养院，图为该城奥霍尔夫卡河上的瀑布:[照片]","时代杂志","1946","第6卷 第31期","1页",NA,"上海"
"国际一周:三个经验","什之","时代杂志","1946","第6卷 第3期","12","上海"
"旅途摘记:伊朗南部之游(上)","谢尔盖叶夫 葛达","时代杂志","1946","第6卷 第23期","44-45","上海"
"英国在希腊的政策","祖立","时代杂志","1946","第6卷 第40期","18，23","上海"
"莫斯科地下铁道:新铁厂车站上的长凳:[照片]","时代杂志","1946","第6卷 第39期","1页",NA,"上海"
"史大林集体农场主席巴巴古洛夫检视果树园里的桃树:[照片]","时代杂志","1946","第6卷 第38期","封1",NA,"上海"
"中国发生了些什么?","阿华林","时代杂志","1946","第6卷 第27期","7-8","上海"
"苏联的首都:莫斯科:克林姆里宫中的古代的大炮，苏联人民称之为“炮王”:[照片]","时代杂志","1946","第6卷 第49期","1页",NA,"上海"
"列宁格勒商港:苏联轮船“赛斯特洛茨克”号，通过列宁格勒港海河，向斯笃克荷姆出发:[照片]","时代杂志","1946","第6卷 第35期","1页",NA,"上海"
"苏联全国农业展览会:一九三九年第一届苏联全国农业展览会开幕时的广告:[照片]","时代杂志","1946","第6卷 第33期","2页",NA,"上海"
"一九三四年高尔基在莫斯科(纪念高尔基七八诞辰):[照片]","时代杂志","1946","第6卷 第12期","封1",NA,"上海"
"苏维埃联邦首都莫斯科:[照片]","时代杂志","1946","第6卷 第49期","封1",NA,"上海"
"东北风云(九)(附照片)","周而复","时代杂志","1946","第6卷 第38期","27-30","上海"
"苏联的首都:莫斯科:莫斯科铁路车站之一:雅洛斯拉夫车站:[照片]","时代杂志","1946","第6卷 第49期","2页",NA,"上海"
"苏联的胜利之鹰:苏联飞机设计家社会主义劳动英雄伊留兴:[画图]","时代杂志","1946","第6卷 第32期","1页",NA,"上海"
"我们的对华政策应该怎样?(下):一个美国无线电广播讨论会的记录","文","时代杂志","1946","第6卷 第29期","11-15","上海"
"阿根廷的纳粹化","布拉登 苏儒","时代杂志","1946","第6卷 第24期","17-18","上海"
"国际一周:三、千岛问题与朝鲜会谈","文琴","时代杂志","1946","第6卷 第5期","9","上海"
"国家毕亚特尼茨基俄罗斯民歌合唱团:“相亲”(俄罗斯婚礼习俗):[照片]","时代杂志","1946","第6卷 第35期","1页",NA,"上海"
"迟达诺夫传略","时代杂志","1946","第6卷 第45期","10",NA,"上海"
"苏联集体农业在卫国战争中的贡献(三)(附表)","拉普吉夫 岳","时代杂志","1946","第6卷 第32期","29-30","上海"
"二十世纪必须是人民世纪","张海天","时代杂志","1946","第6卷 第2期","10-11","上海"
"苏联各加盟苏维埃社会主义共和国部长会议主席:爱沙尼亚共和国部长会议主席威梅尔:[照片]","时代杂志","1946","第6卷 第45期","1页",NA,"上海"
"苏联人民的英雄主义(附照片、图)","卡玛利 小诸","时代杂志","1946","第6卷 第18期","10-14，19-20","上海"
"听得人家说:希特勒从来不饮酒……:[画图多幅]","莫斯","时代杂志","1946","第6卷 第6期","18","上海"
"蒙古人民共和国在国庆日:蒙古人民共和国创立二十五周年纪念日举行的庆祝典礼:[照片]","时代杂志","1946","第6卷 第50期","1页",NA,"上海"
"国际一周:否决权与和平","什之","时代杂志","1946","第6卷 第46期","5","上海"
"“乌兹贝克斯坦的骄矜:法尔哈德水力发电站”(详另文):(二)建筑中的赛尔·达里亚河上的堤堰:[照片]","时代杂志","1946","第6卷 第46期","1页",NA,"上海"
"纪念高尔基逝世十周年:高尔基画谱:高尔基生时最后的一张照片:[照片]","时代杂志","1946","第6卷 第23期","1页",NA,"上海"
"苏联动态:斯摩伦斯克儿童宫中养育的战士孤儿:[照片]","时代杂志","1946","第6卷 第38期","1页",NA,"上海"
"地中海现势","贝里 金子","时代杂志","1946","第6卷 第41期","31-33","上海"
"第二次世界大战中列强军力的发展(完)","维斯鸟夫 小诸","时代杂志","1946","第6卷 第2期","12-14","上海"
"东北风云:王明贵将军:[照片]","时代杂志","1946","第6卷 第35期","29",NA,"上海"
"苏联政府要员群像:苏联部长会议副主席:[照片]","时代杂志","1946","第6卷 第42期","1页",NA,"上海"
"苏联部长会议主席兼武力部部长苏联大元帅史大林暨获选为苏联最高苏维埃代表的陆海空军将领合影:[照片]","时代杂志","1946","第6卷 第30期","2页",NA,"上海"
"国际一周:托管制与殖民地","什之","时代杂志","1946","第6卷 第46期","4-5","上海"
"领导伟大十月社会主义革命的布尔雪维克党中心内的史大林:[画图]","斯瓦尔格","时代杂志","1946","第6卷 第43/44期","1页","上海"
"今日之日本","戈巴尔朵夫","时代杂志","1946","第6卷 第16期","9-10，4","上海"
"复兴中的德聂泊中央水力发电站:变压分站上的高电压绝缘体:[照片]","时代杂志","1946","第6卷 第37期","1页",NA,"上海"
"向妇女界征求意见(来件)","邓颖超","时代杂志","1946","第6卷 第35期","13","上海"
"苏联集体农业在卫国战争中的贡献(二)","拉普吉夫 岳","时代杂志","1946","第6卷 第31期","26-27","上海"
"和平民主的保垒万岁","茅盾","时代杂志","1946","第6卷 第43/44期","24","上海"
"十月革命给予了苏联妇女什么?","叶列密叶娃 葛达","时代杂志","1946","第6卷 第43/44期","52-53，61","上海"
"政局与战局","张沛","时代杂志","1946","第6卷 第45期","14，19-20，22","上海"
"和平建设在苏联:哥萨赫斯坦首都阿尔玛-阿塔城内新造的歌剧院:[照片]","时代杂志","1946","第6卷 第36期","1页",NA,"上海"
"高尔基研究:高尔基和我们:纪念人民的作家高尔基:沪光大戏院门前:[照片]","时代杂志","1946","第6卷 第25期","27",NA,"上海"
"高不可攀!:[画图]","莫斯","时代杂志","1946","第6卷 第6期","13","上海"
"斗争接着斗争","张沛","时代杂志","1946","第6卷 第49期","7-10，30","上海"
"苏联政府要员群像:苏联部长会议副主席兼建设材料部长卡冈诺维奇:[照片]","时代杂志","1946","第6卷 第42期","1页",NA,"上海"
"拉特维亚共和国京城里加体育专科学校学生尼娜·萨邬美与爱德华·索尔特表演拉特维亚民族舞“苏德玛尼拉斯”:[照片]","时代杂志","1946","第6卷 第39期","封1",NA,"上海"
"一问一答:华莱士的主张和美政府的答覆","什之","时代杂志","1946","第6卷 第38期","7","上海"
"言论出版自由在资本主义国家(未完)(附图)","维克多洛夫 祖立","时代杂志","1946","第6卷 第49期","14，19-20","上海"
"莫斯科“狄那莫”运动场运动季开幕:“狄那莫”运动场上举行摔角比赛:[照片]","时代杂志","1946","第6卷 第28期","1页",NA,"上海"
"为和平而发言","什之","时代杂志","1946","第6卷 第45期","11-13","上海"
"日本谋阴侵略苏联的历史:苏联检察官高龙斯基在东京国际军事法庭上的演辞","(苏)高龙斯基 黄炎","时代杂志","1946","第6卷 第42期","14，19-20","上海"
"民主与国际地位","郭生","时代杂志","1946","第6卷 第2期","8-9","上海"
"国际一周:英国的黩式主义者","什之","时代杂志","1946","第6卷 第47期","4-5","上海"
"苏联的社会组织:机关车库工作队长领导他的工作队完成超过一倍的工作标准:[照片]","时代杂志","1946","第6卷 第48期","1页",NA,"上海"
"张家口易手以后","张沛","时代杂志","1946","第6卷 第41期","28-30，27","上海"
"印度人民的独立解放斗争","阿尔古斯 葛达","时代杂志","1946","第6卷 第10期","17-19","上海"
"莫斯科“狄那莫”运动场运动季开幕:“狄那莫”队和“苏维埃之翼”队进行苏联足球锦标争夺战之一瞥:[照片]","时代杂志","1946","第6卷 第28期","1页",NA,"上海"
"停战十五天后怎样","萧扬","时代杂志","1946","第6卷 第24期","6-7","上海"
"苏联公民的学习生活:西比利亚冶金学院学生，在杰克佳列夫教授领导之下，进行实习工作:[照片]","时代杂志","1946","第6卷 第30期","1页",NA,"上海"
"保加利亚旅途杂记","爱伦堡 侯翔","时代杂志","1946","第6卷 第24期","22-23","上海"
"纪念高尔基逝世十周年:高尔基画谱:高尔基和斯大林及伏罗希洛夫(一九三一年):[照片]","时代杂志","1946","第6卷 第23期","1页",NA,"上海"
"纪念高尔基逝世十周年:高尔基画谱:高尔基和苏联政府的领袖，在红场的列宁墓上:[照片]","时代杂志","1946","第6卷 第23期","1页",NA,"上海"
"苏联纪行(十)","郭沫若","时代杂志","1946","第6卷 第3期","24-26","上海"
"时事杂感:一、“完全相同”论","萧扬","时代杂志","1946","第6卷 第16期","7","上海"
"传记素描:列宁的祖先(未完)(附照片)","莎吉孃 林之同","时代杂志","1946","第6卷 第3期","5-7","上海"
"流动刑场(四)","(匈)沙利 (匈)乔其利 曹庸","时代杂志","1946","第6卷 第19期","20-22","上海"
"纪念鲁迅逝世十周年:鲁迅画谱:鲁迅先生休息时常坐之藤椅:[照片]","时代杂志","1946","第6卷 第41期","1页",NA,"上海"
"时事杂感:三、全面内战的危机","萧扬","时代杂志","1946","第6卷 第16期","8","上海"
"柴苏勃烈那","高尔基 磊然","时代杂志","1946","第6卷 第23期","29-31，28","上海"
"一个主题，多种花样(五月十一日至十七日)","余伯约","时代杂志","1946","第6卷 第19期","3-4","上海"
"鲁迅先生:苏联文艺的介绍者","罗荪","时代杂志","1946","第6卷 第41期","11-14","上海"
"国际一周:二、戴高乐走了","文琴","时代杂志","1946","第6卷 第4期","7","上海"
"高尔基研究:我怎样学习(未完)","葆全","时代杂志","1946","第6卷 第16期","22-25","上海"
"苏联的胜利之鹰:威力很大的“杜波列夫-2”式轰炸机:[画图]","时代杂志","1946","第6卷 第32期","1页",NA,"上海"
"苏联人民的疗养院:疗养地迦格雷市的“乌克兰”休养宫:[照片]","时代杂志","1946","第6卷 第31期","1页",NA,"上海"
"流动刑场(一)","(匈)沙利 (匈)乔其利 曹庸","时代杂志","1946","第6卷 第16期","15-17","上海"
"李成晚的真面目","斯摩伦斯基","时代杂志","1946","第6卷 第15期","13-15","上海"
"悼加里宁:真理报社论","时代杂志","1946","第6卷 第22期","5",NA,"上海"
"苏联文化革命与财政","博高列波夫 吴清友","时代杂志","1946","第6卷 第46期","23，12","上海"
"马格尼托高尔斯克钢铁工厂:炼成的钢铁之一部份:[照片]","时代杂志","1946","第6卷 第40期","2页",NA,"上海"
"一周评论:为了罗斯福的理想(四月五日至十一日)","余伯约","时代杂志","1946","第6卷 第14期","3-4","上海"
"苏联集体农场生活一景:阿斯特拉汉州伊克里亚宁区的秋季捕渔:[画图]","时代杂志","1946","第6卷 第33期","1页",NA,"上海"
"国际一周:二、在外交的歧路上","文琴","时代杂志","1946","第6卷 第8期","6-7","上海"
"意南疆界争执的焦点:犹里亚区及其中心特里埃斯特港(附图)","葛鲁兹杰夫 萧白","时代杂志","1946","第6卷 第25期","13-14，5","上海"
"国际一周:美国工潮与美军思乡","什之","时代杂志","1946","第6卷 第2期","8-9","上海"
"一九四六年--一九五○年苏联复兴与发展国民经济五年计划:苏联国家计划委员会主席伏士聂辛斯基:在一九四六年三月十七日第一届苏联最高苏维埃大会上的报告(附图)","伏士聂辛斯基","时代杂志","1946","第6卷 第11期","3-8","上海"
"政治地理概要:多恼河航路及其经济意义(下)","加拉 樊英","时代杂志","1946","第6卷 第13期","18-19，17","上海"
"“恭贺新禧!”:[画图]","时代杂志","1946","第6卷 第2期","封2",NA,"上海"
"苏联在建设中:柯朗那城“库壁希夫”机车制造厂所制造的新型的“胜利”牌火车头.图示该牌火车头装配情形:[照片]","时代杂志","1946","第6卷 第29期","1页",NA,"上海"
"从五一节说到世界的工潮","什之","时代杂志","1946","第6卷 第17期","9-10，24","上海"
"苏联纪行(十三)","郭沫若","时代杂志","1946","第6卷 第8期","23","上海"
"苏联的首都:莫斯科:莫斯科奥尔里柯夫街.左首是“书屋”(国家出版局):[照片]","时代杂志","1946","第6卷 第49期","1页",NA,"上海"
"近东纷争的根源","谢廖静 小诸","时代杂志","1946","第6卷 第36期","20-21","上海"
"国际一周:美国矿工大罢工","什之","时代杂志","1946","第6卷 第47期","3-4","上海"
"中国剧人的悲愤","田汉","时代杂志","1946","第6卷 第43/44期","25","上海"
"土耳其与希特勒德国的关系的回顾(上)(附图)","彼得洛夫 鹤龄","时代杂志","1946","第6卷 第9期","19-20","上海"
"苏联极北方的航线(附照片)","时代杂志","1946","第6卷 第35期","1页，19",NA,"上海"
"苏联的婚姻关系(续完)","斯维尔特洛夫 声扬","时代杂志","1946","第6卷 第3期","22-23，26","上海"
"纪念鲁迅逝世十周年:鲁迅画谱:一九三○年五十诞辰时的鲁迅:[照片]","时代杂志","1946","第6卷 第41期","1页",NA,"上海"
"徬徨与坚定","张沛","时代杂志","1946","第6卷 第50期","10-13","上海"
"莫洛托夫论巴黎外长会议(附图)","时代杂志","1946","第6卷 第21期","7-9",NA,"上海"
"莫斯科地下铁道停车场:[照片]","时代杂志","1946","第6卷 第15期","封1",NA,"上海"
"苏联政府要员群像:军备部长:[照片]","时代杂志","1946","第6卷 第42期","1页",NA,"上海"
"国际一周:美国工潮暂时解决","什之","时代杂志","1946","第6卷 第49期","30","上海"
"苏联人民的疗养院(附照片)","符拉其米洛夫 小诸","时代杂志","1946","第6卷 第31期","18，3页","上海"
"苏联政府要员群像:西部煤业部长奥尼卡:[照片]","时代杂志","1946","第6卷 第42期","1页",NA,"上海"
"战后资本主义国家的工业趋势(续完)","瓦尔加 烈","时代杂志","1946","第6卷 第4期","20-22","上海"
"高尔基和我们:高尔基和中国文坛","茅盾","时代杂志","1946","第6卷 第23期","10","上海"
"流动刑场(五)","(匈)沙利 (匈)乔其利 曹庸","时代杂志","1946","第6卷 第20期","24-26","上海"
"日本侵略者的秘密势力(三)(附图)","米那叶夫 金子","时代杂志","1946","第6卷 第29期","27-28","上海"
"俄罗斯苏维埃联邦社会主义共和国(二):“苏联各民族概况”之二","(美)Lamont，C. 古琴","时代杂志","1946","第6卷 第35期","22-23","上海"
"鲁迅的作品在苏联(附图)","戈宝权","时代杂志","1946","第6卷 第42期","21-23","上海"
"苏联政府要员群像:苏联部长会议副主席兼外交部长莫洛托夫:[照片]","时代杂志","1946","第6卷 第42期","1页",NA,"上海"
"人类的大希望:[题词]","邵力子","时代杂志","1946","第6卷 第43/44期","20","上海"
"苏联公民的基本权利和基本义务:德聂泊发电站职工的住宅:[照片]","时代杂志","1946","第6卷 第48期","1页",NA,"上海"
"国际一周:停战与冲突","什之","时代杂志","1946","第6卷 第3期","12","上海"
"新民主捷克的首府:普拉格(附照片)","爱伦堡 萨皮纳","时代杂志","1946","第6卷 第28期","24-25，27","上海"
"事实的审判","移山","时代杂志","1946","第6卷 第25期","11-12","上海"
"东北风云:冯仲云将军:[照片]","时代杂志","1946","第6卷 第35期","29",NA,"上海"
"伊朗问题:战后民主运动与伊朗的改革","巴希基罗夫 罗凉","时代杂志","1946","第6卷 第31期","15-17","上海"
"纪念五一节","时代杂志","1946","第6卷 第16期","3-4",NA,"上海"
"一问一答:改变了国际气氛的史大林谈话","什之","时代杂志","1946","第6卷 第38期","6","上海"
"列宁格勒一瞥:十九世纪初叶桂伦吉氏设计建筑的斯莫尔纳大厦.一九一七年十月革命总部曾设于此，现为列宁格勒市苏维埃:[照片]","时代杂志","1946","第6卷 第36期","1页",NA,"上海"
"苏联人民的疗养院:克里米亚黑海滨的一所疗养院:[照片]","时代杂志","1946","第6卷 第31期","1页",NA,"上海"
"伟大的俄罗斯河流:伏尔加","罗戈维赤 蒋愈之","时代杂志","1946","第6卷 第20期","17-19，9","上海"
"今日的印度(续)","基雅柯夫 英典","时代杂志","1946","第6卷 第21期","10-11，13","上海"
"苏联的大学教育(转载)","华罗庚 守青","时代杂志","1946","第6卷 第26期","21-22，20","上海"
"高尔基研究:高尔基和我们:追慕高尔基:检阅我们自己的人民本位的文艺(附照片)","郭沫若","时代杂志","1946","第6卷 第25期","25-26","上海"
"高尔基研究:列宁和高尔基","克鲁普斯卡亚 葆荃","时代杂志","1946","第6卷 第31期","31-32","上海"
"苏联各加盟苏维埃社会主义共和国部长会议主席:土耳克曼共和国部长会议席巴巴叶夫:[照片]","时代杂志","1946","第6卷 第45期","1页",NA,"上海"
"纳粹群魔罪状(一):苏联首席控诉人卢敬珂在纽伦堡国际军事法庭审判会议席上作的总结报告","卢敬珂 方舟","时代杂志","1946","第6卷 第40期","16-17，24","上海"
"关于中国文字拼音化的意见(第一部分)(下)","时代杂志","1946","第6卷 第34期","25-30",NA,"上海"
"国际一周:组阁与倒阁","什之","时代杂志","1946","第6卷 第50期","7-9","上海"
"苏联驻沪总领事哈林致上海苏联公民贺词","哈林","时代杂志","1946","第6卷 第43/44期","16","上海"
"近东和中东的反动势力","巴希基罗夫","时代杂志","1946","第6卷 第31期","13","上海"
"血染河山看中国","张沛","时代杂志","1946","第6卷 第35期","5-7","上海"
"苏联动态:莫斯科红军音乐家训练学校练习演奏.该校学生毕业后均入红军军乐队演奏:[照片]","时代杂志","1946","第6卷 第38期","1页",NA,"上海"
"土耳克曼樱桃园樱花盛开:[照片]","时代杂志","1946","第6卷 第37期","封1",NA,"上海"
"纽伦堡大审群魔:坐待裁判的群魔:[照片]","时代杂志","1946","第6卷 第21期","封1",NA,"上海"
"资本主义总危机时代资本主义国家内外政策的特征(下)","瓦尔加 梁香","时代杂志","1946","第6卷 第50期","14，19-20，28","上海"
"复兴中的德聂泊中央水力发电站:水渠上的复兴工程:[照片]","时代杂志","1946","第6卷 第37期","1页",NA,"上海"
"高尔基研究:高尔基论中国革命发展的道路(史料)","戈宝权","时代杂志","1946","第6卷 第16期","19-21","上海"
"东北风云(九):合江省第一届人民代表大会全体摄影(三十一年二月二十二日):[照片]","时代杂志","1946","第6卷 第38期","29",NA,"上海"
"苏联风景线:[照片]","时代杂志","1946","第6卷 第26期","封1",NA,"上海"
"附录:苏维埃联邦、美利坚合众国及联合王国外长莫斯科会议公报全文","莫洛托夫 贝文 贝尔纳斯","时代杂志","1946","第6卷 第1期","31-34","上海"
"论英美经济关系(上)","瓦尔加 林之同","时代杂志","1946","第6卷 第19期","10-13","上海"
"公主岭，美国与和平","伍德昌","时代杂志","1946","第6卷 第20期","5-6，9","上海"
"高尔基研究:关于高尔基的“母亲”(附图)","泰格尔 戈宝权","时代杂志","1946","第6卷 第21期","19-21","上海"
"高尔基研究:我怎样学习(续完):高尔基一九○二年在阿尔柴玛斯的住宅:[照片]","时代杂志","1946","第6卷 第19期","27",NA,"上海"
"和平时期苏联人民的新任务:五年计划:[画图]","时代杂志","1946","第6卷 第19期","封1",NA,"上海"
"乌克兰共和国首都:基辅:基辅城德聂泊河上的港口:[照片]","时代杂志","1946","第6卷 第47期","1页",NA,"上海"
"苏联十六加盟苏维埃共和国(中)","基里庆珂 米哈伊洛夫 方舟","时代杂志","1946","第6卷 第45期","29-30","上海"
"东北风云(十二):东北的肥沃的土地:[照片]","时代杂志","1946","第6卷 第41期","44",NA,"上海"
"今日的印度","基雅柯夫 英典","时代杂志","1946","第6卷 第20期","7-9","上海"
"东北风云(三)","周而复","时代杂志","1946","第6卷 第32期","36-38","上海"
"苏维埃制度:真正的人民政权的制度","卡列华 祖立","时代杂志","1946","第6卷 第43/44期","60-61","上海"
"希腊职工联合会反抗反动派的斗争","特奥斯","时代杂志","1946","第6卷 第40期","23-24","上海"
"今日的印度(续)","基雅柯夫 英典","时代杂志","1946","第6卷 第22期","16-18，22","上海"
"美国应该从第二次世界大战中学习些甚么?(中)","飞海","时代杂志","1946","第6卷 第36期","8-10","上海"
"论国际托管制度(下)","郭洛文 烈","时代杂志","1946","第6卷 第14期","18-20","上海"
"高尔基研究:撒谎的金翅雀和爱真理的啄木鸟","施维卓夫 高尔基 林陵","时代杂志","1946","第6卷 第12期","29-31","上海"
"主奴之别:纪念中国抗战九周年与美国独立一七○周年","时代杂志","1946","第6卷 第26期","6-9",NA,"上海"
"由内战蔓延看中国前途","移山","时代杂志","1946","第6卷 第30期","9-11","上海"
"莫斯科苏联全国农业展览会:展览会中的食堂之一:[照片]","时代杂志","1946","第6卷 第33期","1页",NA,"上海"
"美国应该怎样帮助中国?","(美)Stein，G. 夏汉","时代杂志","1946","第6卷 第31期","9-10，5","上海"
"资本主义国家的民主与社会主义国家的民主(中)","柯尔尼夫 林之同","时代杂志","1946","第6卷 第10期","14-16","上海"
"苏联人民的疗养院:该城海滨一角:[照片]","时代杂志","1946","第6卷 第31期","1页",NA,"上海"
"捷克的新生","Vayo，T.A.D. 许力村","时代杂志","1946","第6卷 第28期","22-23","上海"
"国际一周:西班牙问题","什之","时代杂志","1946","第6卷 第48期","15","上海"
"苏联政府要员群像:农业部长:[照片]","时代杂志","1946","第6卷 第42期","1页",NA,"上海"
"蒙古人民共和国(待续)","什之","时代杂志","1946","第6卷 第4期","23-27","上海"
"新民主捷克的首府:普拉格:弗尔塔华河上的桥:[照片]","时代杂志","1946","第6卷 第28期","25",NA,"上海"
"苏维埃国家的今后发展计划","摩托洛夫 小诸","时代杂志","1946","第6卷 第15期","14-16","上海"
"高尔基研究:纪念高尔基七十八岁诞辰:高尔基致孙中山先生的信","施维卓夫 高尔基 葆荃","时代杂志","1946","第6卷 第12期","19","上海"
"伊朗问题的检讨(未完)","安托诺维契","时代杂志","1946","第6卷 第21期","12-13","上海"
"苏联纪行(九)","郭沫若","时代杂志","1946","第6卷 第2期","24-26","上海"
"纽伦堡大审群魔:纽伦堡审判德国主脑战犯的法庭全景:[照片]","时代杂志","1946","第6卷 第21期","封1",NA,"上海"
"这是谁的胜利?","萧高列夫 林之同","时代杂志","1946","第6卷 第18期","6-7","上海"
"从战争转到和平:“红印”厂琺瑯部工作情形:[照片]","时代杂志","1946","第6卷 第31期","1页",NA,"上海"
"一周评论:两次巴黎和会之间(七月二十五日至八月一日)","余伯约","时代杂志","1946","第6卷 第30期","3-4","上海"
"游美感想","爱伦堡","时代杂志","1946","第6卷 第29期","10","上海"
"郭尔特伐的市集","高尔基 水夫","时代杂志","1946","第6卷 第23期","32-36，28","上海"
"高尔基和我们:六月十八日","葛一虹","时代杂志","1946","第6卷 第23期","16","上海"
"一周评论:密云期见闻抄(三月一日至七日)","葛罗宾","时代杂志","1946","第6卷 第9期","3-4","上海"
"日益逼近的资本主义经济危机","瓦尔加 南薰","时代杂志","1946","第6卷 第49期","5，28","上海"
"大英帝国何处去","波里亚克 黄炎","时代杂志","1946","第6卷 第36期","11-13，10","上海"
"苏联的首都:莫斯科:莫斯科农业展览会上的“工人与集体农女”雕像，系苏联女雕刻家莫馨娜所作:[照片]","时代杂志","1946","第6卷 第49期","1页",NA,"上海"
"流动刑场(二)","(匈)沙利 (匈)乔其利 曹庸","时代杂志","1946","第6卷 第17期","22-23","上海"
"一周评论:苏联为和平而斗争(八月一日至八日)","余伯约","时代杂志","1946","第6卷 第31期","4-5","上海"
"从战争转到和平:“红印”厂生产品之一部:[照片]","时代杂志","1946","第6卷 第31期","1页",NA,"上海"
"列宁是前进人类的领袖:纪念列宁逝世二十二周年忌辰(一九二四年一月二十一日)","鲁宾斯坦","时代杂志","1946","第6卷 第3期","4-5","上海"
"国家毕亚特尼茨基俄罗斯民歌合唱团:手风琴合奏队:[照片]","时代杂志","1946","第6卷 第35期","1页",NA,"上海"
"日本投降，胜利周年:远东红军总司令华西列夫斯基元帅(中)暨梅列茨柯夫元帅(左)与日本关东军参谋长(右):[照片]","时代杂志","1946","第6卷 第32期","2页",NA,"上海"
"高尔基研究:高尔基研究在苏联","时代杂志","1946","第6卷 第31期","38",NA,"上海"
"高尔基和我们:高尔基与中国作家","田汉","时代杂志","1946","第6卷 第23期","10-11","上海"
"论黑格尔的反动的社会政治思想","米丁 林之同","时代杂志","1946","第6卷 第3期","20-21，17","上海"
"一九四五年五月九日史大林告苏联民众书(附图)","时代杂志","1946","第6卷 第18期","1页",NA,"上海"
"国际一周:“我们并不悲观!”","什之","时代杂志","1946","第6卷 第47期","5-6，30","上海"
"希特勒德国在苏联的破坏行为","尼基京 烈","时代杂志","1946","第6卷 第11期","17-18","上海"
"苏联各加盟苏维埃社会主义共和国部长会议主席:拉特维亚共和团部长会议主席拉栖斯:[照片]","时代杂志","1946","第6卷 第45期","1页",NA,"上海"
"苏联海军节:红海军在红场上检阅的雄姿:[照片]","时代杂志","1946","第6卷 第29期","1页",NA,"上海"
"莫斯科苏美国际象棋比赛(一九四六年九月):苏联代表寇莱斯(右)对美国代表P.法英(左).中央为俞威，结果苏联胜:[照片]","时代杂志","1946","第6卷 第50期","1页",NA,"上海"
"捧着自己种植出来的胡萝卜灿然微笑的莫斯科少女:[照片]","时代杂志","1946","第6卷 第14期","封1",NA,"上海"
"土耳其与希特勒德国的关系的回顾(下)","彼得洛夫 鹤龄","时代杂志","1946","第6卷 第10期","20-21，26","上海"
"日本投降，胜利周年:领导红军击溃日本武力的主力关东军的三位元帅:远东战线总司令苏联元帅华西列夫斯基:[照片]","时代杂志","1946","第6卷 第32期","1页",NA,"上海"
"苏联集体农场生活一景:集体农民业余散步消遣:[画图]","时代杂志","1946","第6卷 第33期","1页",NA,"上海"
"和平建设在苏联:都拉茶炊制造厂开始创办电气茶炊和茶壶的制造:[照片]","时代杂志","1946","第6卷 第36期","1页",NA,"上海"
"一九四六--一九五○年苏联第四次复兴与发展国民经济五年计划(根据苏联国家计划委员会主席伏士聂辛斯基报告):幼稚园:[照片]","时代杂志","1946","第6卷 第18期","1页",NA,"上海"
"旅途摘记:伊朗南部之游(下)","谢尔盖叶夫 葛达","时代杂志","1946","第6卷 第24期","24-25","上海"
"苏联武力部长史大林五一节命令","时代杂志","1946","第6卷 第17期","1页",NA,"上海"
"史大林答联合通讯社记者问:关于和平与战争","史大林","时代杂志","1946","第6卷 第12期","9","上海"
"和平建设在苏联:奥姆斯克市基洛夫农业研究所基酋林教授，专门研究各种苹果的生长状况，图为基酋林教授审察“安托诺夫卡”苹果的情形:[照片]","时代杂志","1946","第6卷 第36期","1页",NA,"上海"
"谁是原子能的主人?","鲁宾斯坦 祖立","时代杂志","1946","第6卷 第39期","12-13，11","上海"
"法国的气候不会再“温和”了(附图)","爱伦堡 黄炎","时代杂志","1946","第6卷 第48期","24-26","上海"
"和平建设在苏联:苏联著名人体雕刻家M.M.葛拉西莫夫在工作中:[照片]","时代杂志","1946","第6卷 第36期","2页",NA,"上海"
"一周评论:逆流从何而来(三月十五日至二十一日)","葛罗宾","时代杂志","1946","第6卷 第11期","9-10","上海"
"一九四五与一九四六","时代杂志","1946","第6卷 第1期","1页，4-10",NA,"上海"
"日本帝国主义与亚洲诸民族(未完)","叶夫格尼亦夫 沉诸","时代杂志","1946","第6卷 第3期","14-17","上海"
"战后法国的经济问题(上)","许奴洛夫 言如山","时代杂志","1946","第6卷 第24期","11-14","上海"
"同一个乐长指挥下的不同歌声:九月十五日“新时代”杂志第十八期论文选集","黄炎","时代杂志","1946","第6卷 第38期","13-14，12","上海"
"日本帝国主义的战败与东亚各民族的民族解放斗争","树柯夫 全云","时代杂志","1946","第6卷 第8期","11-15","上海"
"列宁逝世二十二周年纪念(一九二四年一月二十一日):[照片]","时代杂志","1946","第6卷 第3期","封1",NA,"上海"
"和平的伏尔加","波尔托拉茨基 岳","时代杂志","1946","第6卷 第20期","20-23","上海"
"一周评论:法西斯在这里!(六月十五日至二十一日)","余伯约","时代杂志","1946","第6卷 第24期","4-5","上海"
"苏联公民的学习生活:乌兹贝克青年集体农民在布哈拉农业学校学习畜牧学:[照片]","时代杂志","1946","第6卷 第30期","1页",NA,"上海"
"悼高尔基:一九三六年六月二十日在高尔基葬礼时的演说","莫洛托夫 小诸","时代杂志","1946","第6卷 第23期","5-6","上海"
"今日的列宁格勒:方旦卡河上安尼奇柯夫桥四角上的有名的克洛特雕刻马.后面是少年先锋宫，筑于一七四三年，为名建筑师拉斯特莱里所设计:[照片]","时代杂志","1946","第6卷 第34期","2页",NA,"上海"
"苏联动态:喀山苏伏洛夫军事学校学生业余作弈棋之戏:[照片]","时代杂志","1946","第6卷 第38期","1页",NA,"上海"
"苏联的胜利之鹰:“伊留兴-4”式雷击机:[画图]","时代杂志","1946","第6卷 第32期","1页",NA,"上海"
"投降后的日本:复活中的日本帝国主义","阿华林 黄炎","时代杂志","1946","第6卷 第33期","10-13","上海"
"今日的列宁格勒:纪念彼得大帝的铜骑士，为一七八二年法尔孔纳所建立:[照片]","时代杂志","1946","第6卷 第34期","1页",NA,"上海"
"一周评论:警钟与炬火(三月二十二日至二十八日)","葛罗宾","时代杂志","1946","第6卷 第12期","3-4","上海"
"苏联的首都:莫斯科:莫斯科地下铁道第三线车站:电厂车站:[照片]","时代杂志","1946","第6卷 第49期","1页",NA,"上海"
"国际一周:四、围绕西班牙的斗争","文琴","时代杂志","1946","第6卷 第8期","8","上海"
"苏联政府要员群像:史大林:苏联部长会议主席兼武力部长:[画图]","时代杂志","1946","第6卷 第42期","1页",NA,"上海"
"人力与物力在现代战争中(中)","迦拉克季奥诺夫 子","时代杂志","1946","第6卷 第38期","22-23","上海"
"德聂泊水力发电站职工生活:青年工人在业余时间整理公园:[照片]","时代杂志","1946","第6卷 第37期","1页",NA,"上海"
"论邱吉尔演说:达尔莱:[照片]","时代杂志","1946","第6卷 第12期","10",NA,"上海"
"“必须为我们复仇!”:[画图]","莫斯","时代杂志","1946","第6卷 第6期","15","上海"
"论黑格尔的反动的社会政治思想(下)","米丁 林之同","时代杂志","1946","第6卷 第5期","24-25","上海"
"为什么美国好战份子要发动新的战争?:关于美国独占资本家的军火利润","鲁宾斯坦 茅尔飞","时代杂志","1946","第6卷 第37期","7-8","上海"
"国际一周:一、斯望国民党二中全会带来好消息的人……","文琴","时代杂志","1946","第6卷 第11期","11-14","上海"
"联合才会产生力量:[画图]","时代杂志","1946","第6卷 第4期","封2",NA,"上海"
"高尔基和我们:高尔基和鲁迅:[木刻]","陈烟桥","时代杂志","1946","第6卷 第23期","19","上海"
"苏联未来的海军军官:跳舞课·苏联海军军官也应该是跳舞的能手:[照片]","时代杂志","1946","第6卷 第29期","1页",NA,"上海"
"美苏关系与东北问题","丁静","时代杂志","1946","第6卷 第9期","7-8，24-26","上海"
"一问一答:邱吉尔和贝尔纳斯的一呼一应","什之","时代杂志","1946","第6卷 第38期","7，30","上海"
"苏联动态:高尔基州巴拉赫那区普拉夫亭斯克村儿童宫中所养育的战士孤儿:[照片]","时代杂志","1946","第6卷 第38期","1页",NA,"上海"
"苏联十六加盟苏维埃共和国(未完)","基里庆珂 米哈伊洛夫 方舟","时代杂志","1946","第6卷 第43/44期","78-85","上海"
"苏联集体农业在卫国战争中的贡献(三)","拉普吉夫 岳","时代杂志","1946","第6卷 第33期","25-26","上海"
"新捷克的两个问题","Vayo，I，A.D. 许力村","时代杂志","1946","第6卷 第39期","21-22","上海"
"高尔基研究:关于钮扣的事:莫斯科伏洛夫斯克街二十五号高尔基陈列馆(成立于一九三七年十一月):[照片]","时代杂志","1946","第6卷 第16期","31",NA,"上海"
"高尔基研究:高尔基作品中译本编目(第七号)","时代杂志","1946","第6卷 第16期","33",NA,"上海"
"苏联未来的海军军官:值班站岗的学童孔德拉季叶夫:[照片]","时代杂志","1946","第6卷 第29期","1页",NA,"上海"
"高尔基研究:高尔基和我们:追慕高尔基:检阅我们自己的人民本位的文艺:郭沫若先生在演讲:[照片]","时代杂志","1946","第6卷 第25期","25-26",NA,"上海"
"高尔基和我们:高尔基致孙中山先生的信","高尔基 葆荃","时代杂志","1946","第6卷 第23期","8","上海"
"纪念高尔基逝世十周年:高尔基画谱:一九二一年，高尔基到意大利去休养.和他的家属同住在索伦托:[照片]","时代杂志","1946","第6卷 第23期","1页",NA,"上海"
"世界地理志:伊拉克(附图)","谢列静 移模","时代杂志","1946","第6卷 第36期","22-25","上海"
"列宁格勒商港(附照片)","雷洛夫","时代杂志","1946","第6卷 第35期","1页","上海"
"列宁格勒商港:“德尼斯·达维陀夫”号汽油轮船从波十顿抵达列宁格勒港，开始卸货:[照片]","时代杂志","1946","第6卷 第35期","1页",NA,"上海"
"纪念鲁迅逝世十周年:鲁迅画谱:鲁迅先生工作时的台子:[照片]","时代杂志","1946","第6卷 第41期","1页",NA,"上海"
"小组流产与战局发展","张沛","时代杂志","1946","第6卷 第36期","3-5","上海"
"俄罗斯苏维埃联邦社会主义共和国(四):“苏联各民族概况”之二","(美)Lamont，C. 古琴","时代杂志","1946","第6卷 第37期","20-21","上海"
"纪念鲁迅逝世十周年:鲁迅画谱:鲁迅先生藏书之一角:[照片]","时代杂志","1946","第6卷 第41期","1页",NA,"上海"
"鲁迅的文学遗产","罗果夫 北泉","时代杂志","1946","第6卷 第41期","17-18","上海"
"再论民主","索科洛夫 焦敏之","时代杂志","1946","第6卷 第4期","9-13","上海"
"“乌兹贝克斯坦的骄矜:法尔哈德水力发电站”(详另文):(四)运到的机械设备之一:[照片]","时代杂志","1946","第6卷 第46期","1页",NA,"上海"
"苏联各加盟苏维埃社会主义共和国部长会议主席:莫尔达维亚共和国部长会议主席柯伐尔:[照片]","时代杂志","1946","第6卷 第45期","1页",NA,"上海"
"苏联动态:乌兹贝克共和国伊士巴斯根州土耳古尔村“克席尔十月”集体农场工作队中女教员阿勃杜拉叶娃读书给集体农民们听:[照片]","时代杂志","1946","第6卷 第38期","1页",NA,"上海"
"时事杂感:新闻之混乱","萧扬","时代杂志","1946","第6卷 第17期","7-8，23-24","上海"
"希特勒抢掠者在波兰所进行的惨无人道的暴行……:杀人工厂(皮尔肯脑)分部之一全景:[照片]","时代杂志","1945","第5卷 第11期","封3",NA,"上海"
"旧金山会议圆满结束:成立“联合国”机构筹备委员会之协定","时代杂志","1945","第5卷 第10期","12-13",NA,"上海"
"克列姆里宫庆功宴:群英齐集，共庆胜利(附图)","时代杂志","1945","第5卷 第6期","5-7",NA,"上海"
"国际一周:芬兰开始肃清战争罪犯","时代杂志","1945","第5卷 第12期","9",NA,"上海"
"特写:柏林市街战:柏林的“釜”和“袋”","时代杂志","1945","第5卷 第1期","24",NA,"上海"
"国际一周:意大利共产党代表大会","时代杂志","1945","第5卷 第12期","11",NA,"上海"
"德国的军力谁击破的","迦拉克季昂诺夫","时代杂志","1945","第5卷 第9期","10-11","上海"
"苏联政府欢宴凯旋将领","时代杂志","1945","第5卷 第10期","7",NA,"上海"
"旧金山会议圆满结束:联合国宪章末页留待波兰签字","时代杂志","1945","第5卷 第10期","13",NA,"上海"
"苏联幼稚园之一:早晨，孩子们的盥洗:孩子们自行洗面洗手，漱口刷牙:[照片]","时代杂志","1945","第5卷 第16期","封3",NA,"上海"
"文化消息:雅典成立希苏联谊会","时代杂志","1945","第5卷 第13期","20",NA,"上海"
"胜利日在莫斯科和上海(一九四五年五月九日):上海苏联公民俱乐部于五月九日举行胜利大会，参加会员与来宾很多……:[照片]","时代杂志","1945","第5卷 第10期","封2",NA,"上海"
"特写:柏林之战:“好了，战事完了”","时代杂志","1945","第5卷 第3期","18",NA,"上海"
"希特勒死讯成疑问:苏美两国均示怀疑，墨索里尼确已处死","时代杂志","1945","第5卷 第2期","10",NA,"上海"
"苏联十月社会主义革命纪念祝词:于右任先生演词","于右任","时代杂志","1945","第5卷 第19期","8","上海"
"苏维埃社会主义共和国联邦不列颠联合王国与美利坚合众国三国政府暨法兰西共和国临时政府关于德国战败与接收德国政权的宣言","时代杂志","1945","第5卷 第7期","12-14",NA,"上海"
"美国人民拥护对苏合作:战后美国不能无苏联","时代杂志","1945","第5卷 第7期","7",NA,"上海"
"特写:柏林市街战:清算时期到了","时代杂志","1945","第5卷 第1期","22",NA,"上海"
"直捣柏林:(五)当战事静下来的时候……","伊凡诺夫","时代杂志","1945","第5卷 第15期","24-25","上海"
"德军在苏联之暴行:由集中营内俘虏组成的乐队演奏“死亡探戈”曲，同时射击无辜平民:[照片]","时代杂志","1945","第5卷 第14期","封3",NA,"上海"
"西班牙:希特勒掠夺者的助手(续)(附图)","伊巴鲁里","时代杂志","1945","第5卷 第18期","17-20","上海"
"爱沙尼亚加入苏维埃联邦，已届五周年，图为爱沙尼亚女子衣民族服装在首都街上庆祝此历史节日:[照片]","时代杂志","1945","第5卷 第16期","封1",NA,"上海"
"红军总参谋长安东诺夫将军在第十二届苏联最高苏维埃大会上关于复员年长在役军人的报告","时代杂志","1945","第5卷 第10期","8-10",NA,"上海"
"苏联卫国战争最高勋章:胜利勋章:[画图]","时代杂志","1945","第5卷 第5期","封1",NA,"上海"
"国际一周:不是报复，而是正义!","时代杂志","1945","第5卷 第9期","15",NA,"上海"
"国际一周:德国金融家畅谈德国改组计划","时代杂志","1945","第5卷 第13期","18",NA,"上海"
"国际一周:管理柏林问题已告解放","时代杂志","1945","第5卷 第12期","11",NA,"上海"
"苏联的特色(附照片)","郭生","时代杂志","1945","第5卷 第19期","14-19","上海"
"约瑟夫·维萨里翁诺维奇·史大林","斯维特洛夫","时代杂志","1945","第5卷 第25期","4-13","上海"
"联合援苏委员会人员得苏联奖章","时代杂志","1945","第5卷 第14期","23",NA,"上海"
"扬威于德国土地上的苏军:苏联坦克车夜袭，用照明的火箭，划破黑暗的天空，向前迈进:[照片]","时代杂志","1945","第5卷 第3期","封2",NA,"上海"
"工业与战争:苏联获胜原因之一(续完)","史迁宾","时代杂志","1945","第5卷 第5期","17-18","上海"
"苏联战时宣传画:一切为前线，一切为胜利!:[画图]","时代杂志","1945","第5卷 第9期","封3",NA,"上海"
"德国土地上的红军战迹:在德国城市的巷战一景.苏军大炮向德人抵抗据点开火:[照片]","时代杂志","1945","第5卷 第4期","封2",NA,"上海"
"苏联纪行(二)","郭沫若","时代杂志","1945","第5卷 第19期","29-30","上海"
"复兴被破坏的城乡:莫斯科“普希金”艺术馆进行修复工作.图为亚西里亚画郎古迹之修复:[照片]","时代杂志","1945","第5卷 第4期","封3",NA,"上海"
"夏令运动在苏联:莫斯科举行运动大会.红军运动家整队游行:[照片]","时代杂志","1945","第5卷 第8期","封2",NA,"上海"
"苏联侨民俱乐部开映苏联影片:[照片三幅]","时代杂志","1945","第5卷 第6期","封4",NA,"上海"
"全世界爱好自由民族向苏联电贺胜利:波兰临时政府贺电","白鲁特 莫拉夫斯基","时代杂志","1945","第5卷 第4期","22","上海"
"国际一周:“门户开放”政策","时代杂志","1945","第5卷 第8期","14",NA,"上海"
"“苏维埃社会主义共和国联邦宫”:[画图]","时代杂志","1945","第5卷 第24期","封1",NA,"上海"
"赫斯:我骗了他们!:[画图]","莫斯","时代杂志","1945","第5卷 第24期","封2","上海"
"理发店变成了酒吧间，但进去之后，却仍旧要被“刮光”了出来:[画图]","时代杂志","1945","第5卷 第23期","封3",NA,"上海"
"托尔高会师:美国第一军第六九步兵师师长莱因哈德少将与苏联第五八红旗勋章克拉斯诺格勒近卫师卢萨柯夫少将握手言欢:[画图]","时代杂志","1945","第5卷 第15期","封2",NA,"上海"
"国际一周:蒙古人民共和国总理曹巴尔山元帅行踪","时代杂志","1945","第5卷 第12期","8",NA,"上海"
"波兰问题:苏波缔结友好互助合作条约","时代杂志","1945","第5卷 第1期","15",NA,"上海"
"国际一周间:妇女的呼声","阿尔古斯","时代杂志","1945","第5卷 第23期","14-15","上海"
"一九一八--二二年日本武装干涉的崩溃","敏茨","时代杂志","1945","第5卷 第17期","10-11","上海"
"国际观察:罗马尼亚在民主发展的道路上(未完)","罗曼","时代杂志","1945","第5卷 第15期","17-20","上海"
"不能遗忘的六月二十二日:纪念苏德战争四周年","时代杂志","1945","第5卷 第9期","1页，4-7",NA,"上海"
"苏联政府要员群像:赛璐珞与造纸业部长奥尔洛夫:[照片]","时代杂志","1946","第6卷 第42期","1页",NA,"上海"
"苏联动态:学生上生理学课:[照片]","时代杂志","1946","第6卷 第38期","1页",NA,"上海"
"苏联动态:该校九年级生彼得洛娃和库士聂卓夫的表演:[照片]","时代杂志","1946","第6卷 第38期","1页",NA,"上海"
"一周评论:旧歌新谱的稀疏合唱(三月八日至十四日)","葛罗宾","时代杂志","1946","第6卷 第10期","6-7","上海"
"“我只要南太平洋的一点点海岛基地而已”山姆叔叔说:[画图]","时代杂志","1946","第6卷 第4期","封2",NA,"上海"
"苏联动态:红军军官的军事学训练:[照片]","时代杂志","1946","第6卷 第38期","2页",NA,"上海"
"莫斯科地下铁道:伊士玛伊洛夫车站大厅中的雕刻群像“游击队”:[照片]","时代杂志","1946","第6卷 第39期","1页",NA,"上海"
"环绕于处理敌产的纷争","张一凡","时代杂志","1946","第6卷 第4期","14-18","上海"
"亚洲劳工的前途","(美)爱泼斯坦 重光","时代杂志","1946","第6卷 第4期","19","上海"
"苏联动态:红军某近卫师学习电气工程:[照片]","时代杂志","1946","第6卷 第38期","1页",NA,"上海"
"东北风云(九):罗荣桓将军:[照片]","时代杂志","1946","第6卷 第38期","28",NA,"上海"
"意大利的新法西斯主义","沙特洛夫 烈","时代杂志","1946","第6卷 第6期","14-15","上海"
"论克劳塞维支及其关于战争的学说","安特洛波夫 林之同","时代杂志","1946","第6卷 第6期","16-18","上海"
"新波兰游记","契巧特金娜 烈","时代杂志","1946","第6卷 第2期","20-23","上海"
"一九四六--一九五○年苏联第四次复兴与发展国民经济五年计划(根据苏联国家计划委员会主席伏士聂辛斯基报告):把矿物载上车厢的机械化过程:[照片]","时代杂志","1946","第6卷 第18期","1页",NA,"上海"
"苏联人民的疗养院:克里米亚疗养地米斯霍尔市的“松林”疗养院:[照片]","时代杂志","1946","第6卷 第31期","2页",NA,"上海"
"高尔基研究:高尔基和我们:我怎能忘记?","萧三","时代杂志","1946","第6卷 第31期","33-35","上海"
"苏联共产党(布尔雪维克)中央委员会，苏联部长会议与苏联最高苏维埃主席团讣告:米哈伊尔·加里宁逝世","时代杂志","1946","第6卷 第22期","3",NA,"上海"
"高尔基和我们:“苦干 ”演出“夜店”的经过","佐临","时代杂志","1946","第6卷 第23期","14-15","上海"
"高尔基和我们:我看高尔基","魏金枝","时代杂志","1946","第6卷 第23期","16","上海"
"现在应该轮到弗朗哥了!:[画图]","时代杂志","1946","第6卷 第20期","封1",NA,"上海"
"马格尼托高尔斯克钢铁工厂:切成小块的钢条:[照片]","时代杂志","1946","第6卷 第40期","1页",NA,"上海"
"苏联动态:红军步兵部队举行象棋比赛:[照片]","时代杂志","1946","第6卷 第38期","1页",NA,"上海"
"莫斯科地下铁道:革命广场车站:[照片]","时代杂志","1946","第6卷 第39期","1页",NA,"上海"
"所谓“新闻自由”在美国:美国名记者魏劳德著:“报纸之衰落”","伏龙斯基 烈","时代杂志","1946","第6卷 第22期","19-21","上海"
"日本投降，胜利周年:红军占领旅顺之后，向阵亡将士纪念碑献花致敬:[照片]","时代杂志","1946","第6卷 第32期","1页",NA,"上海"
"东北风云(十):安东省参议代表进行会议:[照片]","时代杂志","1946","第6卷 第39期","29",NA,"上海"
"暴风中的光明","张沛","时代杂志","1946","第6卷 第38期","8-10，26","上海"
"民主波兰的复兴基础","郭瓦尔斯基 小诸","时代杂志","1946","第6卷 第24期","15-16","上海"
"一周评论:上场容易下场难(三月二十九日至四月四日)","葛罗宾","时代杂志","1946","第6卷 第13期","3-4","上海"
"资本主义国家的民主与社会主义国家的民主(下)","柯尔尼夫 林之同","时代杂志","1946","第6卷 第11期","19-22","上海"
"乌克兰和白俄罗斯(下):“苏联各民族概况”之三","(美)Lamont，C. 古琴","时代杂志","1946","第6卷 第48期","29-30","上海"
"苏联动态:斯摩伦斯克职业学校的学生:[照片]","时代杂志","1946","第6卷 第38期","1页",NA,"上海"
"复兴中的德聂泊中央水力发电站:被德寇毁坏的电气室引擎间:[照片]","时代杂志","1946","第6卷 第37期","1页",NA,"上海"
"纪念鲁迅逝世十周年:鲁迅画谱:一九三三年左右时的鲁迅:[照片]","时代杂志","1946","第6卷 第41期","1页",NA,"上海"
"莫斯科地下铁道:鲍曼车站:[照片]","时代杂志","1946","第6卷 第39期","1页",NA,"上海"
"莫斯科地下铁道:史大林汽车工厂车站:[照片]","时代杂志","1946","第6卷 第39期","1页",NA,"上海"
"美国对华的两条路","丁静","时代杂志","1946","第6卷 第36期","6-7，10","上海"
"第四次五年计划:史达哈诺夫妇女工作队在史大林格勒建筑住宅:[照片]","时代杂志","1946","第6卷 第18期","1页",NA,"上海"
"读报随感:由一张相片说起","萧扬","时代杂志","1946","第6卷 第18期","24-25，7","上海"
"一周评论:戈培尔博士在伦敦(二月一日至七日)","葛罗宾","时代杂志","1946","第6卷 第5期","3-4","上海"
"蒙古人民共和国在国庆日:庆祝典礼中的蒙古体育家检阅:[照片]","时代杂志","1946","第6卷 第50期","1页",NA,"上海"
"国际一周:外长会议的成功","什之","时代杂志","1946","第6卷 第49期","30","上海"
"史大林宪法:反侵略和反法西斯的大纛","李昂季叶夫 黄炎","时代杂志","1946","第6卷 第48期","3-4","上海"
"红军是怎样攻入东北的:苏联海军战士击破日本帝国主义，占领旅顺港，树立胜利之旗:[照片]","时代杂志","1946","第6卷 第7期","15",NA,"上海"
"国际一周:靠外力的内战","什之","时代杂志","1946","第6卷 第50期","9，24","上海"
"今日的列宁格勒:以俄罗斯名剧“智慧的痛苦”的作者葛里波叶陀夫为名的运河:[照片]","时代杂志","1946","第6卷 第34期","1页",NA,"上海"
"时局放谈:和战之谜","萧扬","时代杂志","1946","第6卷 第34期","6-8","上海"
"高尔基研究:高尔基和我们:往事","什之","时代杂志","1946","第6卷 第16期","26","上海"
"苏联的首都:莫斯科:俄罗斯文化的摇篮:国立罗蒙诺索夫大学:[照片]","时代杂志","1946","第6卷 第49期","1页",NA,"上海"
"乌克兰共和国首都:基辅:基辅国家大学:[照片]","时代杂志","1946","第6卷 第47期","1页",NA,"上海"
"论弗朗哥西班牙问题(附图)","奥西宾柯 祖立","时代杂志","1946","第6卷 第45期","23-25","上海"
"印度尼西亚人民的自由之战","阿尔古斯 葛达","时代杂志","1946","第6卷 第14期","15-17","上海"
"高尔基研究:论俄罗斯的艺术","高尔基 葆荃","时代杂志","1946","第6卷 第37期","23","上海"
"高尔基研究:柯诺华洛夫(四)","高尔基 白寒","时代杂志","1946","第6卷 第37期","24-25","上海"
"论克劳塞维支及其关于战争的学说(下)","安特洛波夫 林之同","时代杂志","1946","第6卷 第8期","21-22","上海"
"传记素描:列宁的祖先(下)","莎吉娘 林之同","时代杂志","1946","第6卷 第5期","31-34","上海"
"苏联民主特点之二:年届六旬的老工人华西里·贝洛夫在拉脱维亚首都里加社会保障局签据领取养老金:[照片]","时代杂志","1946","第6卷 第5期","封1",NA,"上海"
"国际一周:殖民地斗争","什之","时代杂志","1946","第6卷 第3期","13","上海"
"论英国对外政策","薛尔盖叶华 祖立","时代杂志","1946","第6卷 第26期","17-18，16","上海"
"国际一周:四项诺言","什之","时代杂志","1946","第6卷 第3期","11-12","上海"
"夏令运动在苏联:功勋运动家波伊庆珂，他是百米蛙式游泳冠军和全苏联四百米冠军(时间五分四十二秒):[照片]","时代杂志","1946","第6卷 第28期","1页",NA,"上海"
"我们的对华政策应该怎样?(上):一个美国无线电广播讨论会的记录","文","时代杂志","1946","第6卷 第28期","9-11","上海"
"东北之行(三):在中国长春铁路上","雅姆泊尔斯基 孟猛","时代杂志","1946","第6卷 第27期","23-26","上海"
"伟大十月社会主义革命时列宁在斯莫尔纳宫中:[画图]","索柯洛夫","时代杂志","1946","第6卷 第43/44期","1页","上海"
"列宁格勒装饰艺术学校学生上绘画课:[照片]","时代杂志","1946","第6卷 第42期","封1",NA,"上海"
"苏联文化生活一角:去年十一月十四日恰伊柯夫斯基音乐厅举行苏联作曲家普罗柯菲叶夫作的“战争结束颂”的初度演奏:[照片]","时代杂志","1946","第6卷 第30期","1页",NA,"上海"
"国际一周:七次会议","什之","时代杂志","1946","第6卷 第3期","10-11","上海"
"莫斯科“狄那莫”运动场运动季开幕:检阅式:[照片]","时代杂志","1946","第6卷 第28期","1页",NA,"上海"
"冬季运动在苏联:在莫斯科伏洛比山中:[照片]","时代杂志","1946","第6卷 第28期","1页",NA,"上海"
"今日之特里埃斯特(上)","柯席夫尼柯夫 什之","时代杂志","1946","第6卷 第26期","14-16","上海"
"苏联的四年伟大卫国战争:纪念希特勒德国失信侵犯苏联五周年(附图)","波列伏伊 萧白","时代杂志","1946","第6卷 第24期","8-10","上海"
"战后法国的经济问题(中)","许奴洛夫 言如山","时代杂志","1946","第6卷 第25期","15","上海"
"复兴中的德聂泊水力发电站","时代杂志","1946","第6卷 第30期","26",NA,"上海"
"纪念鲁迅逝世十周年:鲁迅画谱:鲁迅先生的遗容:[照片]","时代杂志","1946","第6卷 第41期","1页",NA,"上海"
"东北风云(十二):哈尔滨农民分地前丈量土地:[照片]","时代杂志","1946","第6卷 第41期","45",NA,"上海"
"莫斯科地下铁道:革命广场车站上的铜像“游击队”:[照片]","时代杂志","1946","第6卷 第39期","1页",NA,"上海"
"美英两国纵容法西斯复活的反动政策","鲁狄诺夫","时代杂志","1946","第6卷 第39期","14","上海"
"苏联第四次五年计划在实现中:苏联学术院的学术探险工作","彼得洛夫斯卡亚 旡灵","时代杂志","1946","第6卷 第29期","26","上海"
"迂回曲折地前进:胜利一年来中苏美关系总检讨","张沛","时代杂志","1946","第6卷 第32期","6-11","上海"
"如果纳粹党胜利的话，高坐在纽伦堡法庭上的将是谁呢?:[画图]","时代杂志","1946","第6卷 第3期","封2",NA,"上海"
"德境英军占领区游记","李托斯珂 小诸","时代杂志","1946","第6卷 第30期","20-22","上海"
"苏联纪行(十五)","郭沫若","时代杂志","1946","第6卷 第11期","23-26","上海"
"红军是怎样攻入东北的:红军总司令苏联元帅华西列夫斯基(中)暨苏联元帅梅列茨柯夫(左)与日本关东军参谋长谈判日军投降:[照片]","时代杂志","1946","第6卷 第7期","14",NA,"上海"
"主奴之分(附图)","文琴","时代杂志","1946","第6卷 第14期","5-8","上海"
"时事杂感:四、杜鲁门的航路","肃扬","时代杂志","1946","第6卷 第15期","8-10","上海"
"苏联纪行(十六)","郭沫若","时代杂志","1946","第6卷 第12期","18","上海"
"一周评论:协定乎?防线乎?(十二月二十一日至二十八日)","葛罗宾","时代杂志","1946","第6卷 第1期","8-10","上海"
"鲁迅文艺创作的风格","费德林 北泉","时代杂志","1946","第6卷 第41期","8-10","上海"
"苏联政府要员群像:航空工业部长赫鲁尼契夫:[照片]","时代杂志","1946","第6卷 第42期","1页",NA,"上海"
"从双十节说起","什之","时代杂志","1946","第6卷 第40期","4-5","上海"
"马格尼托高尔斯克钢铁工厂:从鼓风炉中取出的铁:[照片]","时代杂志","1946","第6卷 第40期","1页",NA,"上海"
"苏联动态:在莫斯科职工联合会大厦圆柱大厦内举行的无线电日大会:[照片]","时代杂志","1946","第6卷 第38期","1页",NA,"上海"
"莫洛托夫在巴黎和会上关于赔款问题的演说","祖立","时代杂志","1946","第6卷 第35期","8-10，7","上海"
"列宁格勒一瞥:莫伊卡河:[照片]","时代杂志","1946","第6卷 第36期","1页",NA,"上海"
"纪念鲁迅逝世十周年:鲁迅画谱:中苏友人拜谒鲁迅先生墓:[照片]","时代杂志","1946","第6卷 第41期","1页",NA,"上海"
"马格尼托高尔斯克钢铁工厂:运输产品的火车:[照片]","时代杂志","1946","第6卷 第40期","1页",NA,"上海"
"国际一周:从三国外长会议说起","什之","时代杂志","1946","第6卷 第2期","5-6","上海"
"高尔基雕像:[雕像]","夏得拉","时代杂志","1946","第6卷 第23期","1页","上海"
"纪念高尔基逝世十周年:高尔基画谱:一八九○年末的高尔基:[照片]","时代杂志","1946","第6卷 第23期","1页",NA,"上海"
"高尔基研究:错误(下)","高尔基 白寒","时代杂志","1946","第6卷 第21期","22-26","上海"
"莫斯科地下铁道:革命广场车站上的铜像“足球队员”:[照片]","时代杂志","1946","第6卷 第39期","1页",NA,"上海"
"复兴中的德聂泊中央水力发电站:空货车开回去装载制成的三合土:[照片]","时代杂志","1946","第6卷 第37期","2页",NA,"上海"
"人力与物力在现代战争中(上)","迦拉克季奥诺夫 金子","时代杂志","1946","第6卷 第37期","14，19","上海"
"德聂泊水力发电站职工生活:工人职员及其家族的住宅:[照片]","时代杂志","1946","第6卷 第37期","1页",NA,"上海"
"苏联政府要员群像:苏联部长会议副主席兼苏联国家计划委员会主席伏士聂辛斯基:[照片]","时代杂志","1946","第6卷 第42期","1页",NA,"上海"
"苏联的婚姻关系(未完)","斯维尔特洛夫 声扬","时代杂志","1946","第6卷 第2期","18-19","上海"
"论国际托管制度(上)","郭洛文 烈","时代杂志","1946","第6卷 第13期","15-17","上海"
"论巴黎公社:纪念巴黎公社成立七十五周年(一八七一年三月十八日)(附图)","雅洛斯拉夫斯基","时代杂志","1946","第6卷 第10期","11-13，19","上海"
"苏联的新公债(附图)","士维列夫 蒋愈之","时代杂志","1946","第6卷 第19期","5-6","上海"
"世界的光明在莫斯科:[题词]","柳亚子","时代杂志","1946","第6卷 第43/44期","19","上海"
"“劳动者同志们!……”(附图)","列宁","时代杂志","1946","第6卷 第43/44期","1页","上海"
"苏联政府要员群像:苏联部长会议副主席伏罗希洛夫:[照片]","时代杂志","1946","第6卷 第42期","1页",NA,"上海"
"苏联的社会组织:八十岁老翁白洛夫在里加社会保障局签名领取养老金存摺:[照片]","时代杂志","1946","第6卷 第48期","1页",NA,"上海"
"国际一周:缩军与扩军","什之","时代杂志","1946","第6卷 第46期","3-4","上海"
"安德莱·迟达诺夫:[照片]","时代杂志","1946","第6卷 第45期","封1",NA,"上海"
"苏联的新五年计划","Vayo，J.A.D. 夏汉","时代杂志","1946","第6卷 第46期","14，19-20","上海"
"苏联各加盟苏维埃社会主义共和国部长会议主席:乌兹贝克共和国部长会议主席亚勃杜赫马诺夫:[照片]","时代杂志","1946","第6卷 第45期","1页",NA,"上海"
"苏联驻华大使彼得罗夫致苏联公民贺词原文签名","时代杂志","1946","第6卷 第43/44期","17",NA,"上海"
"十月革命给予了苏联农民什么?","勃拉金斯基 波人","时代杂志","1946","第6卷 第43/44期","48-49","上海"
"苏联政府要员群像:财政部长兹维列夫:[照片]","时代杂志","1946","第6卷 第42期","1页",NA,"上海"
"苏联政府要员群像:贸易部长刘比莫夫:[照片]","时代杂志","1946","第6卷 第42期","1页",NA,"上海"
"苏联政府要员群像:国家监督部长:[照片]","时代杂志","1946","第6卷 第42期","1页",NA,"上海"
"赤卫队员:[画图]","柯澈尔根","时代杂志","1946","第6卷 第43/44期","1页","上海"
"苏联各加盟苏维埃社会主义共和国部长会议主席:乔治亚共和国部长会议主席巴克拉席:[照片]","时代杂志","1946","第6卷 第45期","1页",NA,"上海"
"苏联各加盟苏维埃社会主义共和国部长会议主席:卡萨赫共和国部长会议主席翁达赛诺夫:[照片]","时代杂志","1946","第6卷 第45期","1页",NA,"上海"
"列宁和史大林:伟大十月社会主义革命的领袖","斯米尔诺夫 云林","时代杂志","1946","第6卷 第43/44期","28-29","上海"
"今日的列宁格勒:铸造厂大街上一所房屋因附近击中炸弹而被震毁，现在也在修复中:[照片]","时代杂志","1946","第6卷 第34期","1页",NA,"上海"
"苏联集体农场生活一景:集体农民的子弟都是在集体农场的学校里读书的，图为乌克兰集体农民们的子弟:[照片]","时代杂志","1946","第6卷 第33期","1页",NA,"上海"
"一周评论:为什么美国要培植内战?(七月十九日至二十五日)","余伯约","时代杂志","1946","第6卷 第29期","4-5","上海"
"夏令运动在苏联:争得苏联游泳冠军勋号的苏联女运动家:列宁格勒的亚雷兴娜和莫斯科的柯吉特柯娃:[照片]","时代杂志","1946","第6卷 第28期","1页",NA,"上海"
"世界暴风的中心","石啸冲","时代杂志","1946","第6卷 第33期","8-9","上海"
"投降后的日本:为什么不实现日本民主化的决议?","杰米多夫","时代杂志","1946","第6卷 第33期","14-15","上海"
"高尔基研究:一本研究高尔基写作的书籍:“在高尔基的创作实验室里”","时代杂志","1946","第6卷 第16期","34",NA,"上海"
"列宁与科学:纪念列宁七十六岁诞辰(一八七○年四月二十二日)","伏尔金 林之同","时代杂志","1946","第6卷 第15期","19-25","上海"
"苏联纪行(十四)(附图)","郭沫若","时代杂志","1946","第6卷 第10期","22-26","上海"
"论否决权:十一月十一日在联合国机构大会席上的演词","曼努伊斯基","时代杂志","1946","第6卷 第46期","8-9，30","上海"
"“布尔雪维克”杂志:论苏联学术院版“哲学史”第三卷:关于黑格尔哲学思想解释的错误与缺点(附图)","时代杂志","1946","第6卷 第14期","23-26",NA,"上海"
"论邱吉尔演说(附照片、图)","(苏)达尔莱 烈","时代杂志","1946","第6卷 第12期","10-12","上海"
"乌克兰共和国首都:基辅:前军火工厂现在开始改变生产陆地测量器械:[照片]","时代杂志","1946","第6卷 第47期","1页",NA,"上海"
"苏联各加盟苏维埃社会主义共和国部长会议主席:亚塞拜然共和国部长会议主席库里叶夫:[照片]","时代杂志","1946","第6卷 第45期","1页",NA,"上海"
"新民主捷克的首府:普拉格:老城的中心:[照片]","时代杂志","1946","第6卷 第28期","24",NA,"上海"
"夏令运动在苏联:功勋运动家梅希珂夫，全苏联二百米游泳冠军，时间二分三十四秒八:[照片]","时代杂志","1946","第6卷 第28期","1页",NA,"上海"
"高尔基研究:高尔基和中国文学","茅盾","时代杂志","1946","第6卷 第25期","28-29","上海"
"高尔基雕像的头部:[雕刻]","慕辛娜","时代杂志","1946","第6卷 第23期","封4","上海"
"一九四六--一九五○年苏联第四次复兴与发展国民经济五年计划(根据苏联国家计划委员会主席伏士聂辛斯基报告):在一九五○年，即在第四次五年计划最后一年……:[照片]","时代杂志","1946","第6卷 第18期","2页",NA,"上海"
"日本侵略者的秘密势力(四)","米那叶夫 金子","时代杂志","1946","第6卷 第30期","27-28","上海"
"纪念高尔基逝世十周年:高尔基画谱:一九○六年后，高尔基长住意大利喀普里岛，下为与该岛渔夫合影:[照片]","时代杂志","1946","第6卷 第23期","1页",NA,"上海"
"观“苏京影展”归来:[诗歌]","田垄","时代杂志","1946","第6卷 第4期","30","上海"
"一群杀不可赦的“欧洲屠夫”:[画图多幅]","时代杂志","1946","第6卷 第8期","封1",NA,"上海"
"高尔基研究:母亲在散发传单:[木刻]","阿莱克塞耶夫","时代杂志","1946","第6卷 第21期","20","上海"
"美国可能实行计划经济吗?(下)","顾兹明诺夫 小诸","时代杂志","1946","第6卷 第20期","14-16，23","上海"
"国际一周:政治协商会议","什之","时代杂志","1946","第6卷 第2期","6","上海"
"苏联作家协会大厦:莫斯科拉夫鲁兴斯克街:[照片]","时代杂志","1946","第6卷 第6期","封1",NA,"上海"
"法兰西的创伤(附图)","爱伦堡 黄炎","时代杂志","1946","第6卷 第49期","21-22","上海"
"战争与谈判(附图)","张沛","时代杂志","1946","第6卷 第34期","3-5","上海"
"世界地理丛谈:印度及其民族(附图)","基雅各夫 周冬","时代杂志","1946","第6卷 第34期","9-13","上海"
"苏联集体农场生活一景:在伏洛聂士集体农民中大名鼎鼎的工作队长淑雅·塞格达:[画图]","时代杂志","1946","第6卷 第33期","1页",NA,"上海"
"第四次五年计划:计划预定进一步提高苏联的国防力和供应苏联式力以最新式的军事技术，保障国家免除任何意外和捍卫和平:[画图]","时代杂志","1946","第6卷 第18期","1页",NA,"上海"
"第四次五年计划:伊凡诺夫州国家政治保安部集体农场中收集饲料用甜菜:[画图]","时代杂志","1946","第6卷 第18期","1页",NA,"上海"
"东北风云(十一)(附表)","周而复","时代杂志","1946","第6卷 第40期","28-29","上海"
"苏联的首都:莫斯科:莫斯科河上苏维埃时代新建的桥梁之一:克里米亚桥:[照片]","时代杂志","1946","第6卷 第49期","2页",NA,"上海"
"复兴中的德聂泊中央水力发电站:通行河船的水闸和运河:[照片]","时代杂志","1946","第6卷 第37期","1页",NA,"上海"
"德聂泊水力发电站职工生活:供独身者居住的宿舍:[照片]","时代杂志","1946","第6卷 第37期","1页",NA,"上海"
"和平建设在苏联:马里乌波尔港的起重机修复后开工了:[照片]","时代杂志","1946","第6卷 第36期","1页",NA,"上海"
"国家毕亚特尼茨基俄罗斯民歌合唱团:俄罗斯民族舞:[照片]","时代杂志","1946","第6卷 第35期","1页",NA,"上海"
"纪念鲁迅逝世十周年:鲁迅画谱:鲁迅先生在狄思威路的藏书所，中央窗门后即其藏书室:[照片]","时代杂志","1946","第6卷 第41期","1页",NA,"上海"
"马格尼托高尔斯克钢铁工厂:在炉子旁工作的炼钢工人:[照片]","时代杂志","1946","第6卷 第40期","2页",NA,"上海"
"纪念鲁迅逝世十周年:鲁迅画谱:鲁迅像:[木刻]","陈烟桥","时代杂志","1946","第6卷 第41期","1页","上海"
"今日的列宁格勒:亚历山大教堂前，俄罗斯名将库杜淑夫纪念碑:[照片]","时代杂志","1946","第6卷 第34期","1页",NA,"上海"
"今日的列宁格勒:圣伊萨克大教堂，是十九世纪蒙菲朗所筑，当时俄罗斯全国的雕刻家和画家都曾参加建筑这所大教堂工作:[照片]","时代杂志","1946","第6卷 第34期","1页",NA,"上海"
"今日的列宁格勒:夏花园旁聂瓦河上的堤岸.远处为基洛夫桥和彼得保罗监狱:[照片]","时代杂志","1946","第6卷 第34期","2页",NA,"上海"
"一周评论:巨人的步伐(二月十六日至二十一日)","葛罗宾","时代杂志","1946","第6卷 第7期","10-11","上海"
"国际一周:一、中国人民的伟大胜利","文琴","时代杂志","1946","第6卷 第5期","5-6","上海"
"日本议会的“肃清”:在盟国对日委员会上的声明","杰列维扬柯","时代杂志","1946","第6卷 第50期","26","上海"
"罗果夫悼英国作家威尔斯","时代杂志","1946","第6卷 第33期","24",NA,"上海"
"莫斯科苏联全国农业展览会大厦:[照片]","时代杂志","1946","第6卷 第33期","封1",NA,"上海"
"战后法国的经济问题(三)","许奴洛夫 言如山","时代杂志","1946","第6卷 第26期","19-20","上海"
"美国的反苏活动","丹尼尔 联文","时代杂志","1946","第6卷 第21期","14-15，18","上海"
"全世界最优秀作家论资产阶级议会制","奴西诺夫 烈","时代杂志","1946","第6卷 第19期","17-19","上海"
"高尔基研究:关于钮扣的事(附照片)","高尔基 白寒","时代杂志","1946","第6卷 第16期","27-31","上海"
"苏联行纪(十七)","郭沫若","时代杂志","1946","第6卷 第13期","22-26","上海"
"“日本绅士”","柯卿 鹤龄","时代杂志","1946","第6卷 第14期","12-14","上海"
"苏联在建设中:苏联钢铁熔炼量的比较图.图中的长线表示铁，点线表示钢，单位为百万吨:[画图]","时代杂志","1946","第6卷 第29期","1页",NA,"上海"
"一周评论:劳动人民应有的警惕(四月二十六日至五月二日)(附图)","余伯约","时代杂志","1946","第6卷 第17期","4-6","上海"
"流动刑场(三)","(匈)沙利 (匈)乔其利 曹庸","时代杂志","1946","第6卷 第18期","26-28","上海"
"重见天日的朝鲜:[画图]","时代杂志","1946","第6卷 第2期","封2",NA,"上海"
"一周评论:论美国的所谓外交攻势(五月十八日至二十三日)","余伯约","时代杂志","1946","第6卷 第20期","3-4","上海"
"苏联全国农业展览会:乔治亚共和国:[照片]","时代杂志","1946","第6卷 第33期","1页",NA,"上海"
"莫斯科苏美国际象棋比赛(一九四六年九月):第一局与赛的袖领:[照片]","时代杂志","1946","第6卷 第50期","1页",NA,"上海"
"日本民主份子要求吉田内阁辞职和解散国会(附图)","巴夫洛夫","时代杂志","1946","第6卷 第50期","25","上海"
"高尔基研究:高尔基底社会主义的美学观(下)","萧三","时代杂志","1946","第6卷 第48期","31-34，38","上海"
"国际一周:欧洲的民主潮流","什之","时代杂志","1946","第6卷 第47期","5","上海"
"从史大林宪法看苏联的社会组织:两个有名的矿工鲍里斯金和鲁基契夫，签名实行在两年半中完成第四次五年计划生产计划的社会主义竞赛运动:[照片]","时代杂志","1946","第6卷 第48期","1页",NA,"上海"
"苏联公民的基本权利和基本义务:莫斯科教堂司祭长柯尔契茨基向教徒读总主教的文告:[照片]","时代杂志","1946","第6卷 第48期","1页",NA,"上海"
"莫斯科“狄那莫”运动场运动季开幕:“狄那莫”队和“苏维埃之翼”队在“狄那莫”运动场进行苏联足球锦标争夺战那天观众台上的盛况:[照片]","时代杂志","1946","第6卷 第28期","2页",NA,"上海"
"美国对华政策的史的发展","(美)菲尔德 陈时臬","时代杂志","1946","第6卷 第29期","16-18，23-26","上海"
"“他们对着‘原子’谱大弹大奏，我们没有谱也能演奏曲子.”坐在装满“惊人秘密”的箱子上的苏联人说:[画图]","伊戈斯","时代杂志","1946","第6卷 第2期","封1","上海"
"战后英国的平民","薛尔盖叶华 南薰","时代杂志","1946","第6卷 第36期","14，19","上海"
"和平建设在苏联:苏联作家梭波列夫在画室中工作:[照片]","时代杂志","1946","第6卷 第36期","1页",NA,"上海"
"东北风云:李兆麟将军被刺遗体刀痕:[照片]","时代杂志","1946","第6卷 第35期","26",NA,"上海"
"和平建设在苏联:阿尔玛-阿塔城内的史大林大街:[照片]","时代杂志","1946","第6卷 第36期","1页",NA,"上海"
"苏联第四次五年计划在实现中:苏联第四次五年计划中的粮食经济","索柯洛夫 安裕昆","时代杂志","1946","第6卷 第35期","24","上海"
"今日的列宁格勒:十月大饭店，二次世界大战时曾遭严重损坏，现已在修复中:[照片]","时代杂志","1946","第6卷 第34期","1页",NA,"上海"
"高尔基研究:论奥古斯特·斯特林堡","高尔基 葆荃","时代杂志","1946","第6卷 第34期","37","上海"
"美国人在中国","柯根 黄炎","时代杂志","1946","第6卷 第39期","19-20","上海"
"东北风云(七):美军配备的民主联军的一部:[照片]","时代杂志","1946","第6卷 第36期","29",NA,"上海"
"今日的列宁格勒:聂夫斯基大街上修葺战时被毁建筑物的情形:[照片]","时代杂志","1946","第6卷 第34期","1页",NA,"上海"
"高尔基研究:意大利人民诗人巴斯科里","高尔基 戈宝权","时代杂志","1946","第6卷 第31期","35","上海"
"俄罗斯苏维埃联邦社会主义共和国(三):“苏联各民族概况”之二","(美)Lamont，C. 古琴","时代杂志","1946","第6卷 第36期","26-28","上海"
"苏联未来的海军军官:那希莫夫学生鲍里斯·克里夫卓夫曾参加反法西斯卫国战争，并曾获得保卫列宁格勒奖章和卫国战争胜利奖章:[照片]","时代杂志","1946","第6卷 第29期","1页",NA,"上海"
"苏联的避暑胜地:中央疗养院:高加索黑海海滨索启市“重工业工人”:[照片]","时代杂志","1946","第6卷 第31期","封1",NA,"上海"
"苏联人民的疗养院:雅尔达最美的建筑物之一.这是一所专供铁路员工休养的疗养院:[照片]","时代杂志","1946","第6卷 第31期","1页",NA,"上海"
"苏联人民的疗养院:克里米亚胜地雅尔达的疗养院之一:[照片]","时代杂志","1946","第6卷 第31期","1页",NA,"上海"
"伟大十月社会主义革命简史","赫利亚皮奇 何歌","时代杂志","1946","第6卷 第43/44期","34-36","上海"
"马格尼托高尔斯克钢铁工厂:炼好之后的钢，再由重机器修饰光滑:[照片]","时代杂志","1946","第6卷 第40期","1页",NA,"上海"
"我们为他们的未来而斗争和胜利了!:[画图]","时代杂志","1946","第6卷 第7期","封1",NA,"上海"
"高尔基和我们:怎样的艺术品顶好","夏衍","时代杂志","1946","第6卷 第23期","12-13","上海"
"“史大林文集”的出版","时代杂志","1946","第6卷 第50期","6",NA,"上海"
"美国扩张政策的工具，世界基地网(附图)","哈文生 侯翔","时代杂志","1946","第6卷 第27期","11-12","上海"
"列宁格勒“罗蒙诺索夫”瓷器制造厂全体同人送给史大林的礼物","时代杂志","1946","第6卷 第27期","18",NA,"上海"
"日本侵略者的秘密势力(未完)","米那叶夫 金子","时代杂志","1946","第6卷 第27期","21-22","上海"
"库士聂茨钢铁制造厂托儿所一角:[照片]","时代杂志","1946","第6卷 第24期","封1",NA,"上海"
"高尔基和我们:“不要把自己的作品偶像化”","郭沫若","时代杂志","1946","第6卷 第23期","9-10","上海"
"朝鲜工人近况(下)","泰勒 小诃","时代杂志","1946","第6卷 第25期","16-19","上海"
"中国不要赫尔利","周封","时代杂志","1946","第6卷 第26期","10-11，16","上海"
"德聂泊水力发电站职工生活:辅助农场的樱桃园:[照片]","时代杂志","1946","第6卷 第37期","1页",NA,"上海"
"列宁格勒一瞥:基洛夫歌舞剧院:[照片]","时代杂志","1946","第6卷 第36期","1页",NA,"上海"
"苏联极北方的航线:苏联运输船队在拉普吉夫海上:[照片]","时代杂志","1946","第6卷 第35期","1页",NA,"上海"
"国家毕亚特尼茨基俄罗斯民歌合唱团:国家毕亚特尼茨基俄罗斯民歌合唱团合唱“光荣颂”:[照片]","时代杂志","1946","第6卷 第35期","2页",NA,"上海"
"国际一周:回到自己的祖国去","什之","时代杂志","1946","第6卷 第49期","4","上海"
"论世界粮食问题:十一月十三日在联合国机构经济与金融问题委员会会议席上的演词","葛罗米柯","时代杂志","1946","第6卷 第46期","6-7","上海"
"乌克兰共和国首都:基辅:基辅植物园大门:[照片]","时代杂志","1946","第6卷 第47期","1页",NA,"上海"
"一周评论:光从北方来(二月八日至十五日)","葛罗宾","时代杂志","1946","第6卷 第6期","3-4","上海"
"苏联体育节:[照片多幅]","时代杂志","1946","第6卷 第28期","封1",NA,"上海"
"南京与苏北(附图)","张沛","时代杂志","1946","第6卷 第29期","6-8","上海"
"冬季运动在苏联:苏联学童们课余作滑雪运动:[照片]","时代杂志","1946","第6卷 第28期","1页",NA,"上海"
"冬季运动在苏联:列宁格勒游艇总会会员在芬兰海湾冰上举行溜冰艇游戏:[照片]","时代杂志","1946","第6卷 第28期","1页",NA,"上海"
"高尔基研究:列宁和高尔基:[画图]","叶芳诺夫","时代杂志","1946","第6卷 第31期","32","上海"
"南洋群岛游记","米海叶夫 烈","时代杂志","1946","第6卷 第9期","21-23","上海"
"史大林大元帅六秩晋七华诞(一八七九--一九四六):[照片]","时代杂志","1946","第6卷 第50期","封1",NA,"上海"
"高尔基和我们:高尔基是中国人民的朋友","柳亚子","时代杂志","1946","第6卷 第23期","9","上海"
"前任苏联最高苏维埃主席团主席，现任苏联最高苏维埃主席团团员米哈伊尔·加里宁(1875-1946):[照片]","时代杂志","1946","第6卷 第22期","封1",NA,"上海"
"国际一周:英国政潮与美英矛盾","什之","时代杂志","1946","第6卷 第46期","5，28","上海"
"苏维埃的“国际联盟”(下):“苏联各民族概况”之一(附表)","(美)Lamont，C. 古琴","时代杂志","1946","第6卷 第32期","31-35","上海"
"苏联的胜利之鹰:“伊留兴”式“飞行坦克”:[画图]","时代杂志","1946","第6卷 第32期","1页",NA,"上海"
"居然像煞有介事的想大举进攻了!:[画图]","时代杂志","1946","第6卷 第3期","封2",NA,"上海"
"“靠右走!”:[画图]","时代杂志","1946","第6卷 第3期","封3",NA,"上海"
"第二次世界大战中列强军力的发展(附表)","维斯鸟夫","时代杂志","1946","第6卷 第1期","13-15，34","上海"
"日耳曼侵略者的“东进”政策(续完)","杰尔札文 小诸","时代杂志","1946","第6卷 第1期","16-20，28","上海"
"伊朗问题:伊朗民族问题的民主解决","巴希基罗夫 罗凉","时代杂志","1946","第6卷 第31期","17-18","上海"
"国际一周:一、流年似水，反法西斯战争胜利已满半年了……(附图)","文琴","时代杂志","1946","第6卷 第10期","8-10","上海"
"乌兹贝克斯坦的骄矜:法尔哈德水力发电站:[照片]","时代杂志","1946","第6卷 第46期","封1",NA,"上海"
"苏联伟大十月社会主义革命廿九周纪念:[木刻]","时代杂志","1946","第6卷 第43/44期","封1",NA,"上海"
"苏联政府要员群像:保健部长米吉列夫:[照片]","时代杂志","1946","第6卷 第42期","1页",NA,"上海"
"东北风云(十四)","周而复","时代杂志","1946","第6卷 第43/44期","107-111","上海"
"苏联政府要员群像:海道航业部长希尔柯夫:[照片]","时代杂志","1946","第6卷 第42期","1页",NA,"上海"
"苏联政府要员群像:发电站部长齐梅林:[照片]","时代杂志","1946","第6卷 第42期","1页",NA,"上海"
"苏联政府要员群像:电气工业部长卡巴诺夫:[照片]","时代杂志","1946","第6卷 第42期","1页",NA,"上海"
"资本主义总危机时代资本主义国家内外政策的特征(附图)","瓦尔加 梁香","时代杂志","1946","第6卷 第49期","11-13","上海"
"苏维埃的“国际联盟”(上):“苏联各民族概况”之一","(美)Lamont，C. 古琴","时代杂志","1946","第6卷 第31期","23-25","上海"
"日本投降，胜利周年:苏联红海军占领旅顺港，高树胜利的红旗:[照片]","时代杂志","1946","第6卷 第32期","2页",NA,"上海"
"时事杂感:一、恶意的缄默","肃扬","时代杂志","1946","第6卷 第15期","7","上海"
"苏联公民的基本权利和基本义务:黑海滨的疗养地，该处有着许多第一流的休养所和疗养院:[照片]","时代杂志","1946","第6卷 第48期","2页",NA,"上海"
"苏联的首都:莫斯科:以机器制造大量新鲜面包和糖果以供应莫斯科市民的第二糖果面包厂:[照片]","时代杂志","1946","第6卷 第49期","1页",NA,"上海"
"国际一周:撤军与裁军","什之","时代杂志","1946","第6卷 第48期","14","上海"
"国际一周:反动的逆流","什之","时代杂志","1946","第6卷 第48期","16","上海"
"国际一周:三、闷烧中的火山","文琴","时代杂志","1946","第6卷 第8期","7-8","上海"
"苏联纪行(十一)(附图)","郭沫若","时代杂志","1946","第6卷 第6期","24-26","上海"
"苏联各加盟苏维埃社会主义共和国部长会议主席:卡莱里亚芬兰共和国部长会议主席普罗柯宁:[照片]","时代杂志","1946","第6卷 第45期","1页",NA,"上海"
"纳粹群魔罪状(四):苏联首席控诉人卢敬珂在纽伦堡国际军事法庭审判会议席上作的总结报告","(苏)卢敬珂 方舟","时代杂志","1946","第6卷 第45期","26-28","上海"
"苏联各加盟苏维埃社会主义共和国部长会议主席:乌克兰共和国部长会议主席赫鲁歇夫:[照片]","时代杂志","1946","第6卷 第45期","1页",NA,"上海"
"政治协商会议的过程与决议","阿尔古斯 华","时代杂志","1946","第6卷 第6期","9-10","上海"
"苏联国家出版局“书屋”(左角):莫斯科奥尔里柯夫斯克街:[照片]","时代杂志","1946","第6卷 第6期","封1",NA,"上海"
"蒙古人民共和国在国庆日:庆祝典礼中的蒙古军队检阅:[照片]","时代杂志","1946","第6卷 第50期","1页",NA,"上海"
"国际一周:西班牙逍遥法外","什这","时代杂志","1946","第6卷 第49期","4，29","上海"
"苏联集体农场生活一景:伊尔库茨克集体农女特卡巧娃种植出来的重十二公斤的南瓜:[照片]","时代杂志","1946","第6卷 第33期","1页",NA,"上海"
"一周评论:有驻军的地方就有战争(八月十六日至二十二日)","余伯约","时代杂志","1946","第6卷 第33期","3-4","上海"
"投降后的日本:日本“民主”的没落","彼德洛夫","时代杂志","1946","第6卷 第33期","15-16","上海"
"苏联全国农业展览会:莫斯科州、里亚尚州和都拉州的陈列馆:[照片]","时代杂志","1946","第6卷 第33期","1页",NA,"上海"
"高尔基研究:编者的话:“高尔基研究”自从一九四二年六月发刊以来……","施维卓夫","时代杂志","1946","第6卷 第12期","34","上海"
"恭贺新禧:[画图]","时代杂志","1946","第6卷 第1期","封1",NA,"上海"
"高尔基研究:高尔基个人的图书馆:[画图]","时代杂志","1946","第6卷 第19期","24",NA,"上海"
"国际一周:三、美国空前的大罢工","文琴","时代杂志","1946","第6卷 第4期","7-8","上海"
"马格尼托高尔斯克钢铁工厂:八架煤气炉之一部份:[照片]","时代杂志","1946","第6卷 第40期","1页",NA,"上海"
"马格尼托高尔斯克钢铁工厂:十六所碾压工场之一:[照片]","时代杂志","1946","第6卷 第40期","1页",NA,"上海"
"塔齐克巴蕾舞女萨希洛娃:[照片]","时代杂志","1947","第7卷 第45期","封1",NA,"上海"
"全世界各国人民送给史大林的礼物:英国工人彼赛·杨格所送的烟斗:[照片]","时代杂志","1947","第7卷 第48期","1页",NA,"上海"
"塔齐克巴蕾舞女:萨希洛娃练功:[照片]","时代杂志","1947","第7卷 第45期","1页",NA,"上海"
"伏洛聂士州“伊里奇”集体农场:集体农场的田野非常广大，但是田野中重要的工作，有百分之七十五是由耕种机站依据了和集体农场订立的合同去执行的.谷物的收割几乎完全是用康拜因机进行的:[照片]","时代杂志","1947","第7卷 第41期","2页",NA,"上海"
"一笔血债:希特勒德国在苏联的暴行录:奥地萨:[照片]","时代杂志","1947","第7卷 第25期","10",NA,"上海"
"反纳粹工作在德境美占领区","波里亚柯夫 尚天","时代杂志","1947","第7卷 第7期","19-21","上海"
"苏联观察家眼中的今日的日本:关于日本占领政策的几个问题","毕扬柯夫 何歌","时代杂志","1947","第7卷 第2期","11-12","上海"
"旅行杂记:在韩国北部","高里柯夫 何歌","时代杂志","1947","第7卷 第15期","21-22","上海"
"拉丁美洲人民的反帝斗争","李亚陀夫 何歌","时代杂志","1947","第7卷 第8期","25-26","上海"
"普希金画传:普希金的妻子娜妲丽亚·龚佳洛娃:[画图]","时代杂志","1947","第7卷 第5期","1页",NA,"上海"
"造书工厂:莫斯科第一模范印刷厂:第一模范印刷卷筒机印刷工场.这里的快速度卷筒印刷机，只用四个工人管理，一次同时印刷全张报纸六大张:[照片]","时代杂志","1947","第7卷 第28期","1页",NA,"上海"
"苏联的消费合作社","西陀洛夫 草婴","时代杂志","1947","第7卷 第33期","27-28","上海"
"莫斯科城郊的十八世纪建筑:花园中上层平坛上的大理石雕刻:[照片]","时代杂志","1947","第7卷 第39期","1页",NA,"上海"
"幸福的苏联公民回返祖国:(二)上了船的苏联公民:[照片]","时代杂志","1947","第7卷 第34期","1页",NA,"上海"
"乔治亚共和国首都特比里西:特比里西有一所神学校，史大林少年时代曾在那里读过书(见次页)……:[照片]","时代杂志","1947","第7卷 第33期","1页",NA,"上海"
"论日本赔偿问题:关于美国的单方面行动","马尔柯夫 祖立","时代杂志","1947","第7卷 第15期","7-8","上海"
"列宁灵櫬从郭尔里抬出时情形:[照片]","时代杂志","1947","第7卷 第3/4期","1页",NA,"上海"
"人的新世界:TERRA INCOGNITA(附照片)","勃朗特曼 德真","时代杂志","1947","第7卷 第13期","28-30","上海"
"机械化的苏联农业:在田野里工作收割机:[照片]","时代杂志","1947","第7卷 第34期","1页",NA,"上海"
"国际一周:荷兰重掀侵略之火","莫宁","时代杂志","1947","第7卷 第29期","3-6","上海"
"“光荣归于牺牲的英雄们!”:[画图]","鲍高洛其茨基","时代杂志","1947","第7卷 第8期","封1","上海"
"进步运动在美国(下)","符龙斯基 符之良","时代杂志","1947","第7卷 第34期","11-14，19","上海"
"美国扩张主义的史的发展(上)","李昂季叶夫 黄岩","时代杂志","1947","第7卷 第39期","19-21","上海"
"苏联雕刻家梅尔库洛夫:梅尔库洛夫的戈里理巨像.图中雕刻家正在作最后一次修改:[照片]","时代杂志","1947","第7卷 第37期","1页",NA,"上海"
"美元的布施:[画图]","时代杂志","1947","第7卷 第39期","6",NA,"上海"
"史大林奖金得奖舞剧:“淑露希卡”(“灰姑娘”)在莫斯科国家大剧院舞台上:“淑露希卡”第一幕:[照片]","时代杂志","1947","第7卷 第30期","1页",NA,"上海"
"苏联的无线电机制造厂:从废墟之中站立起来和更加增强的伏洛聂士“电信”无线电机制造厂:“电信”工厂附设的职工子弟幼稚园:[照片]","时代杂志","1947","第7卷 第36期","1页",NA,"上海"
"在北朝鲜:工业建设问题:北朝鲜工业局长访问记","吉多维奇 布尔索夫 何歌","时代杂志","1947","第7卷 第36期","24-25","上海"
"论德国经济统一问题","马里宁","时代杂志","1947","第7卷 第12期","12-13","上海"
"苏联工业建设三十年","叶文科 尚天","时代杂志","1947","第7卷 第43/44期","23-25","上海"
"国际一周:夹击中的工党内阁","莫宁","时代杂志","1947","第7卷 第32期","4-6","上海"
"电影剧本:史大林格勒之战:第一部中的几个插曲(附图)","维尔达 梁香","时代杂志","1947","第7卷 第24期","27-30","上海"
"苏联植茶业的发展","查德","时代杂志","1947","第7卷 第21期","27，5","上海"
"关于希腊国境事件的调查工作:五月十二日在联合国安全理事会上的演辞","葛罗米柯","时代杂志","1947","第7卷 第20期","5，29","上海"
"大英帝国防御计划的内幕","迦拉克季昂诺夫 何歌","时代杂志","1947","第7卷 第3/4期","27-28，15","上海"
"外高加索三个加盟共和国(中):“苏联各民族概况”之六","(美)Lamont，C. 古琴","时代杂志","1947","第7卷 第3/4期","45-46","上海"
"苏联动态:罗氏夫妇飞抵莫斯科时，苏联对外文化协会特派代表到飞机场欢迎:[照片]","时代杂志","1947","第7卷 第10期","1页",NA,"上海"
"诺伏西比尔斯克国立歌舞剧院的可容二千人的观众厅:[照片]","时代杂志","1947","第7卷 第1期","1页",NA,"上海"
"列宁格勒装饰艺术学校:女学生追随于列宁格勒名家们之后，承继着他们的传统，在瓷器上绘图.完成的作品是送到市场上去出售的:[照片]","时代杂志","1947","第7卷 第32期","1页?",NA,"上海"
"泛美主义在巴拿马","罗凉","时代杂志","1947","第7卷 第8期","26","上海"
"为什么繁荣在资本主义国家要变成萧条?","Burns，E. 夏汉","时代杂志","1947","第7卷 第1期","15-17","上海"
"乔治亚共和国首都特比里西:特比里西城中一个公园里的基洛夫纪念像:[照片]","时代杂志","1947","第7卷 第33期","1页",NA,"上海"
"苏联十大象棋大师:全苏联象棋锦标赛亚军伊萨亚克·鲍列斯拉夫斯基:[照片]","时代杂志","1947","第7卷 第27期","1页",NA,"上海"
"社会主义国家的选举制度与资本主义国家的选举制度:为苏联各加盟共和国与各自治共和国最高苏维埃选举而作","高尔塞宁 尚天","时代杂志","1947","第7卷 第6期","4-7","上海"
"苏联巴蕾舞女艺人迦丽娜邬拉诺娃:迦丽娜及其丈夫俞里·查伐德斯基.她的丈夫是莫斯科市苏维埃剧场艺术演出的领导者，戏剧的导演:[照片]","时代杂志","1947","第7卷 第9期","1页",NA,"上海"
"国际一周:更宽阔，更壮大，更英勇!","鲁斯金","时代杂志","1947","第7卷 第47期","4-6，10","上海"
"苏联在建设中:顿巴斯:苏联最大工业中心之一，战时为法西斯党徒破坏殆尽，现已治愈最后的创伤，恢复了战前的雄姿:[照片]","时代杂志","1947","第7卷 第42期","2页",NA,"上海"
"莫斯科全景:克里姆林宫塔，背后是莫斯科河:[照片]","时代杂志","1947","第7卷 第35期","1页",NA,"上海"
"苏联艺人志:“富足的歌颂者”彼得·康恰洛夫斯基:彼得·康恰洛夫斯基在他自己个人的作品展览会开幕时受观众祝贺:[照片]","时代杂志","1947","第7卷 第27期","1页",NA,"上海"
"列宁与史大林:[画图]","张沛","时代杂志","1947","第7卷 第3/4期","11-15","上海"
"战后英国的对外政策(上)","列明 祖立","时代杂志","1947","第7卷 第35期","9-10","上海"
"民主东南欧的工人和农民:民主东南欧的工人运动","史密列夫 草婴","时代杂志","1947","第7卷 第25期","14，19","上海"
"英美资本怎样侵入德国工业?","伊查柯夫 祖立","时代杂志","1947","第7卷 第12期","16-17","上海"
"蒙古人民共和国的文化建设:无线电干部人材的训练:图为无线电技师汉德-苏龙在管理无线电广播机:[照片]","时代杂志","1947","第7卷 第12期","1页",NA,"上海"
"中国战局发展的瞻望:译自十二月十三日“密勒氏评论报”","李德立 查克","时代杂志","1947","第7卷 第50期","17-19","上海"
"国际之献:关于波兰的选举:美国的通牒及苏联的覆文","莫洛托夫","时代杂志","1947","第7卷 第5期","27-28","上海"
"“杜鲁门主义”的弱点","时代杂志","1947","第7卷 第26期","19",NA,"上海"
"苏联的报纸:幼稚园的儿童们也勉力阅读和写作.他们也有自己的出版“机关”.这一张壁报名为“刺蝟”:[照片]","时代杂志","1947","第7卷 第20期","1页",NA,"上海"
"苏联炮兵学研究院成立:炮兵学研究院主席团:[照片]","时代杂志","1947","第7卷 第7期","1页",NA,"上海"
"印刷尼西亚的独立斗争","莫端廖夫 草婴","时代杂志","1947","第7卷 第29期","21-23","上海"
"伏洛聂士州“伊里奇”集体农场:正在和集体农场管理处委员商讨发展经济和整理集体农场的五计划:[照片]","时代杂志","1947","第7卷 第41期","1页",NA,"上海"
"苏联生活:苏联某托儿所中，保姆为一个六个月婴儿作健身运动:[照片]","时代杂志","1947","第7卷 第12期","1页",NA,"上海"
"国际一周:开始讨价还价","牛宜偶","时代杂志","1947","第7卷 第13期","3-5","上海"
"国际一周:联合国到那里去?","苏宾","时代杂志","1947","第7卷 第37期","4-8","上海"
"莫斯科八百年光荣战斗历史:伊凡三世时代用砖石筑的克里姆林宫:[画图]","华斯聂卓夫","时代杂志","1947","第7卷 第35期","1页","上海"
"凡尔赛--波茨坦--莫斯科","时代杂志","1947","第7卷 第9期","20-21",NA,"上海"
"苏联的无线电机制造厂:从废墟之中站立起来和更加增强的伏洛聂士“电信”无线电机制造厂:复工后的“电信”工厂的总装配工场，该工场设有最新式的连锁输送式机械.有工人四十人.平均每一分半钟出产一座装配完成的机器:[照片]","时代杂志","1947","第7卷 第36期","1页",NA,"上海"
"复兴中的史大林格勒:史大林格勒工农大街修复后的新面目:[照片]","时代杂志","1947","第7卷 第39期","2页",NA,"上海"
"克里姆林沙皇故宫:克里姆林宫的今昔观:[照片]","时代杂志","1947","第7卷 第15期","1页",NA,"上海"
"世界地理志:今日的缅甸(附图)","歇尔比诺夫斯基 潘朗","时代杂志","1947","第7卷 第14期","20-22，27","上海"
"复兴了的顿巴斯:“柯吉加尔卡”矿山进行复兴工作:[照片]","时代杂志","1947","第7卷 第26期","1页",NA,"上海"
"普希金胸像作者陀莫迦茨基:普希金雕刻像:[雕像]","陀莫迦茨基","时代杂志","1947","第7卷 第42期","1页","上海"
"苏联雕刻家梅尔库洛夫:梅尔库洛夫的普希金巨像:[照片]","时代杂志","1947","第7卷 第37期","1页",NA,"上海"
"战后英国的对外政策(中)","列明 祖立","时代杂志","1947","第7卷 第36期","9-10","上海"
"苏联的民族舞:亚美尼亚“阿拉拉”厂舞踊团表演亚美尼亚民族舞:[照片]","时代杂志","1947","第7卷 第14期","1页",NA,"上海"
"春耕:土耳克曼“布尔雪维克”集体农场种植棉花:[照片]","时代杂志","1947","第7卷 第21期","1页",NA,"上海"
"妇女和儿童在殖民地国家","鲍达列娃 榆青","时代杂志","1947","第7卷 第9期","10-12","上海"
"苏联的报纸:大特齐克共和国史大林那巴德文化宫一角，革命前这里书报是罕见之物，识字的人也很少:[照片]","时代杂志","1947","第7卷 第20期","2页",NA,"上海"
"普希金:[画图]","时代杂志","1947","第7卷 第5期","封1",NA,"上海"
"国际评论:国际反动派的挣扎","时代杂志","1947","第7卷 第22期","4-5",NA,"上海"
"苏联锦屑:阿尔泰契玛尔河上的“契玛尔”疗养地的消夏者:[照片]","时代杂志","1947","第7卷 第25期","1页",NA,"上海"
"国际一周:胜利两年","牛宜偶","时代杂志","1947","第7卷 第18期","3-5，10","上海"
"史大林奖金得奖舞剧:“淑露希卡”(“灰姑娘”)在莫斯科国家大剧院舞台上:找寻了许多时候之后，王子(康德拉托夫饰)终于找到了他的淑露希卡(谢妙诺娃饰):[照片]","时代杂志","1947","第7卷 第30期","1页",NA,"上海"
"黑人在美国","伏龙斯基 祖立","时代杂志","1947","第7卷 第1期","32-34","上海"
"国际一周:外长会议新阶段","牛宜偶","时代杂志","1947","第7卷 第12期","4-6，9","上海"
"德境英军占领区的严重局势","莫宁 尚天","时代杂志","1947","第7卷 第7期","19-23","上海"
"世界各国青年动态:民主匈牙利的青年","勃拉金 之同","时代杂志","1947","第7卷 第6期","26，30","上海"
"史大林奖金得奖舞剧:“淑露希卡”(“灰姑娘”):舞剧“淑露希卡”作曲者史大林奖金桂冠作曲家赛尔盖·普罗柯苑耶夫:[照片]","时代杂志","1947","第7卷 第29期","1页",NA,"上海"
"迎接伟大十月社会主义革命三十周纪念节:进步与反动的分水岭:“苏联国外友人”之一","罗宾斯坦 祖立","时代杂志","1947","第7卷 第41期","25-27","上海"
"英美如何从德国获取赔款","梅尔尼柯夫 铃华","时代杂志","1947","第7卷 第12期","14-15","上海"
"苏联学术院全体大会:大会会场中的苏联学术院会员:[照片]","时代杂志","1947","第7卷 第8期","1页",NA,"上海"
"美国经济危机逼近的征兆","白斯特洛夫 尚天","时代杂志","1947","第7卷 第19期","10-11","上海"
"苏联生活:曾在莫斯科业余艺术表演大会上受到观众赞赏的女艺人N.沙特洛娃:[照片]","时代杂志","1947","第7卷 第12期","1页",NA,"上海"
"世界地理志:印度尼西亚(附图)","查波兹拉耶娃 罗凉","时代杂志","1947","第7卷 第29期","23-25","上海"
"苏联怎样解决民族问题?","茨维特珂夫 任谷","时代杂志","1947","第7卷 第43/44期","28-29","上海"
"复兴了的顿巴斯:高尔洛夫卡“柯吉加尔卡”矿山附近新建的住宅:[照片]","时代杂志","1947","第7卷 第26期","2页",NA,"上海"
"对德和约中的德国政治问题(未完)","梅尔尼柯夫 张俗","时代杂志","1947","第7卷 第49期","20-23","上海"
"收割时的白俄罗斯农女:[照片]","时代杂志","1947","第7卷 第9期","封1",NA,"上海"
"在南朝鲜:劳工有保障吗?","波高淑娃 邓梅","时代杂志","1947","第7卷 第36期","14，22","上海"
"德聂泊水力发电站恢复:三和土工人锦标队领袖娜杰士达·奥哥尔，她是许多协助修复该大发电站的妇女之一:[照片]","时代杂志","1947","第7卷 第1期","1页",NA,"上海"
"苏联学术院全体大会:苏联学术院大会主席团:[照片]","时代杂志","1947","第7卷 第8期","2页",NA,"上海"
"莫斯科庆祝建城八百年:纪念日红场夜景:[照片]","时代杂志","1947","第7卷 第45期","1页",NA,"上海"
"苏联的千面人:俄罗斯共和国人民艺人尼古拉·契尔卡索夫:契尔卡索夫饰伊凡雷帝:[照片]","时代杂志","1947","第7卷 第36期","1页",NA,"上海"
"世界职工会运动的中心--世界职工联合会联盟:世界职工联合会联盟是怎样的组织?","查林 何歌","时代杂志","1947","第7卷 第9期","26-27","上海"
"普希金画传:普希金与唐蒂斯决斗受重伤:[画图]","时代杂志","1947","第7卷 第5期","1页",NA,"上海"
"苏联的城市:黑海沿岸的军港西伐斯托波尔的港湾全景:[照片]","时代杂志","1947","第7卷 第40期","2页",NA,"上海"
"苏联的城市:黑海沿岸的港口奥地萨:[照片]","时代杂志","1947","第7卷 第40期","1页",NA,"上海"
"一九二四年一月列宁逝世，在红场举行葬礼:[照片]","时代杂志","1947","第7卷 第3/4期","1页",NA,"上海"
"巴蕾舞蹈家亚拉·谢列斯特:亚拉·谢列斯特在列宁格勒“基洛夫”歌舞剧场化装室中准备上演舞剧“巴赫启萨拉伊濆泉:[照片]","时代杂志","1947","第7卷 第29期","1页",NA,"上海"
"塔齐克巴蕾舞女:塔齐克歌舞剧院大门，门口出来的是该院巴蕾舞女萨希洛娃，摩罕默陀娃和丁姆勃:[照片]","时代杂志","1947","第7卷 第45期","1页",NA,"上海"
"我国可以从苏联学习的几点","马寅初","时代杂志","1947","第7卷 第43/44期","6","上海"
"苏联在建设中:伏罗希洛夫斯克城的冶金厂，最近复工的第一号熔矿炉:[照片]","时代杂志","1947","第7卷 第42期","1页",NA,"上海"
"苏联巴蕾舞女艺人迦丽娜邬拉诺娃:在别墅中练习的迦丽娜·邬拉诺娃，在旁观看的是她的丈夫:[照片]","时代杂志","1947","第7卷 第9期","1页",NA,"上海"
"战后的民主问题:“论苏维埃民主”之一","亚历山大洛夫 何歌","时代杂志","1947","第7卷 第21期","8-9，30","上海"
"论国际形势(下斯续完)(附照片)","日丹诺夫 雷兮","时代杂志","1947","第7卷 第49期","8-12","上海"
"苏联景色:高加索黑海滨疗养地索溪附近的姆采姆达河:[照片]","时代杂志","1947","第7卷 第24期","1页",NA,"上海"
"一九四八年时代书报社出版计划","匝开莫","时代杂志","1947","第7卷 第50期","25-26","上海"
"世界地理志:今日的巴勒斯坦(附图)","薛廖申 何歌","时代杂志","1947","第7卷 第19期","22-26，30","上海"
"诺伏西比尔斯克城的新造的国立歌舞剧院，该剧院还是在战时建筑完成的:[照片]","时代杂志","1947","第7卷 第1期","1页",NA,"上海"
"苏联风景:卡拉:库梅附近沙漠中的骆驼队:[照片]","时代杂志","1947","第7卷 第2期","1页",NA,"上海"
"巴甫洛夫科学镇:柯尔多塞(附照片)","莱因 胡夏","时代杂志","1947","第7卷 第19期","28-30","上海"
"高加索山脉的高峰:爱尔勃鲁斯(高出海面五、六三○公尺)和卡兹贝克峰(高出海面五、○四三公尺):[照片]","时代杂志","1947","第7卷 第38期","封1",NA,"上海"
"春耕和秋收:刈草:[照片]","时代杂志","1947","第7卷 第39期","1页",NA,"上海"
"论社会发展学说史(三)","亚历山大洛夫 梁香","时代杂志","1947","第7卷 第6期","28-30","上海"
"苏联生活:法国青年代表团询问苏联，向前苏联最高苏维埃主席加里宁墓献花圈:[照片]","时代杂志","1947","第7卷 第12期","1页",NA,"上海"
"复兴了的顿巴斯:诺伏·克拉马托尔斯克厂铸成供德聂泊水力发电厂用的大机轮:[照片]","时代杂志","1947","第7卷 第26期","1页",NA,"上海"
"野蛮人世界的法律:希腊作家柯尔那洛斯的公开信","(希)柯尔那洛斯 雷兮","时代杂志","1947","第7卷 第48期","20-21","上海"
"国际两周:社会主义胜利三十年","鲁斯金","时代杂志","1947","第7卷 第43/44期","46-49，59","上海"
"舞剧“淑露希卡”在莫斯科大剧院舞台上:[照片]","时代杂志","1947","第7卷 第30期","封1",NA,"上海"
"苏联苏维埃主席团关于废除死刑的法令(全文)","时代杂志","1947","第7卷 第21期","6",NA,"上海"
"社会主义社会与个人(下)","葛克 岳","时代杂志","1947","第7卷 第3/4期","42-44","上海"
"苏联锦屑:莫斯科中央文化休息公园看台上的莫斯科河渡河游泳比赛参加者:[照片]","时代杂志","1947","第7卷 第25期","1页",NA,"上海"
"战后苏联知识份子的任务:“知识份子在苏联”之五","柯伐列夫 樊英","时代杂志","1947","第7卷 第33期","24-26","上海"
"“援助”乎?扩张乎?:希腊的真相","施密莱夫 光祖","时代杂志","1947","第7卷 第22期","23-24，27","上海"
"苏联的农业:苏联的耕种机站","茨维多夫 尚天","时代杂志","1947","第7卷 第34期","27-28","上海"
"关于占领德国工作的声明(附照片)","索柯洛夫斯基","时代杂志","1947","第7卷 第7期","10-11","上海"
"苏联风景:库页岛冬景:[照片]","时代杂志","1947","第7卷 第2期","1页",NA,"上海"
"苏联的千面人:俄罗斯共和国人民艺人尼古拉·契尔卡索夫:契尔卡索夫的本来面目:[照片]","时代杂志","1947","第7卷 第36期","1页",NA,"上海"
"环绕莫斯科周围(中):“俄罗斯土地”第三篇","米哈伊洛夫 梁香","时代杂志","1947","第7卷 第33期","29-30","上海"
"关于工党对内政策的几个问题","奥克桑诺夫 何歌","时代杂志","1947","第7卷 第13期","9-10","上海"
"谈苏侨归国(下)","南民","时代杂志","1947","第7卷 第32期","25-27，30","上海"
"造书工厂:莫斯科第一模范印刷厂:第一模范印刷厂排字工场.这里的排字机是苏联葛列茨机器厂所造.这工场每天的排字生产量为四十大张:[照片]","时代杂志","1947","第7卷 第28期","1页",NA,"上海"
"国际一周:从莫斯科到莫斯科","什之","时代杂志","1947","第7卷 第1期","7-8","上海"
"关于德国临时政治组织:三月二十日在莫斯科外长会议席上的声明(附照片)","莫洛托夫","时代杂志","1947","第7卷 第12期","7-9","上海"
"英美对欧洲各国的野心(下)","顾西宁 岳光","时代杂志","1947","第7卷 第29期","13，19-20","上海"
"环绕莫斯科周围(上):“俄罗斯土地”第三篇","米哈伊洛夫 梁香","时代杂志","1947","第7卷 第32期","28-30","上海"
"论希腊局势:一九四七年十月二十日在联合国机构大会席上的演词(附照片)","维辛斯基 查克","时代杂志","1947","第7卷 第48期","8-15，18-19","上海"
"高尔基研究:纪念高尔基七十九周年诞辰:柯诺华洛夫(七)","高尔基 磊然","时代杂志","1947","第7卷 第12期","31-38","上海"
"国际一周:围绕在莫斯科会议周围","牛宜偶","时代杂志","1947","第7卷 第8期","6，29","上海"
"蒙古人民共和国的文化建设:扩大保婴机关:蒙古女子抱了自己的儿子到儿童咨询所去询问:[照片]","时代杂志","1947","第7卷 第12期","1页",NA,"上海"
"列宁格勒夏花园:五、波斯特尔街上夏花园大门前的云斑石花瓶:[照片]","时代杂志","1947","第7卷 第22期","1页",NA,"上海"
"八十五岁高龄的大特齐克农民奥根纳夫:[照片]","时代杂志","1947","第7卷 第6期","封1",NA,"上海"
"乌克兰集体农民:[照片]","时代杂志","1947","第7卷 第40期","封1",NA,"上海"
"立体电影在苏联:苏联第一部立体影片导演A.安德里叶会斯基在剪接室中工作.安氏现任立体电影摄影场场长:[照片]","时代杂志","1947","第7卷 第13期","2页",NA,"上海"
"论种族歧视","波里索夫 黄炎","时代杂志","1947","第7卷 第1期","29-31","上海"
"以团结对抗分裂","华莱士 琪昂","时代杂志","1947","第7卷 第33期","11-14，19","上海"
"史大林奖金得奖舞剧:“淑露希卡”(“灰姑娘”)在莫斯科国家大剧院舞台上:淑露希卡的两姊妹之舞(妲姬雅娜·拉查列维奇和明娜·许梅尔金娜):[照片]","时代杂志","1947","第7卷 第30期","1页",NA,"上海"
"幸福的苏联公民回返祖国:(三)“伊里奇”起椗:[照片]","时代杂志","1947","第7卷 第34期","1页",NA,"上海"
"国际一周:巴黎会议触礁","伊莉娜","时代杂志","1947","第7卷 第26期","4-6，30","上海"
"春耕和秋收:收割:[照片]","时代杂志","1947","第7卷 第39期","1页",NA,"上海"
"苏联国际威信的新增长:“苏联国外友人”之三","罗宾斯坦 祖立","时代杂志","1947","第7卷 第46期","26-30","上海"
"苏联雕刻家梅尔库洛夫(附照片)","普拉多赛维奇 高明","时代杂志","1947","第7卷 第37期","3页","上海"
"伏洛聂士州“伊里奇”集体农场:集体农女在用康拜因机收割时将谷物作初次提炼:[照片]","时代杂志","1947","第7卷 第41期","1页",NA,"上海"
"论社会发展学说史(一)","亚历山大洛夫 梁香","时代杂志","1947","第7卷 第1期","38-39","上海"
"苏联艺人志:库克莱尼克赛:艺术家库克莱尼克赛像:[画图]","维列斯基","时代杂志","1947","第7卷 第25期","26","上海"
"美国的两党制度(上):“美国政党内幕”之二","符龙斯基 何歌","时代杂志","1947","第7卷 第11期","20-22","上海"
"马克西姆·高尔基:高尔基铜像:[照片]","时代杂志","1947","第7卷 第24期","11",NA,"上海"
"苏联景色:吉尔吉斯共和国孔格·亚拉韬山:[照片]","时代杂志","1947","第7卷 第24期","1页",NA,"上海"
"史大林格勒耕种机制造厂出产的新耕种机:[照片]","时代杂志","1947","第7卷 第13期","封1",NA,"上海"
"三月十日外长会议的会议事项","时代杂志","1947","第7卷 第7期","12",NA,"上海"
"苏联在建设中:哈萨克斯坦东部伊尔蒂什河上正在建设中的乌斯特--卡明诺高尔斯克水力发电站:[照片]","时代杂志","1947","第7卷 第42期","2页",NA,"上海"
"苏联景色:伏尔加河上游:[照片]","时代杂志","1947","第7卷 第24期","1页",NA,"上海"
"覆劳伦斯先生:关于了解美国的问题","爱伦堡 梁香","时代杂志","1947","第7卷 第23期","22-23","上海"
"苏联生活:乌兹贝克共和国至今还保留着一种古老的民族艺术:雪花石膏雕刻.图为希伐地方的艺人萨波夫制造一个雪花石膏的灯罩:[照片]","时代杂志","1947","第7卷 第21期","1页",NA,"上海"
"在北朝鲜:工业的复兴和发展","巴甫洛夫 秦默","时代杂志","1947","第7卷 第36期","23-24","上海"
"美国扩张主义的经济基础(下)","李昂季叶夫 移模","时代杂志","1947","第7卷 第42期","14，20-23","上海"
"苏联人民艺人·雕刻家赛尔盖·梅尔库洛夫，史大林文艺奖金得奖者:梅尔库洛夫和他的妻子在他们家里的图书馆中:[照片]","时代杂志","1947","第7卷 第37期","1页",NA,"上海"
"今日的加拿大","史吉波伏伊 何歌","时代杂志","1947","第7卷 第14期","13-14","上海"
"苏联的“儿童乐园”:“少年先锋宫”","彼杜霍娃 孟昌","时代杂志","1947","第7卷 第13期","26-27","上海"
"国际一周:繁荣与萧条","什之","时代杂志","1947","第7卷 第1期","10","上海"
"史大林格勒之战四周纪念","亚历山德洛夫 何歌","时代杂志","1947","第7卷 第5期","9-10","上海"
"法国的“僵尸”:关于法国的存在主义文学","查斯拉夫斯基 梁香","时代杂志","1947","第7卷 第18期","21-22，14","上海"
"世界地理志:越南全貌(附图)","顾培尔 何歌","时代杂志","1947","第7卷 第10期","19-22","上海"
"在战神旁玩火的杜鲁门:[画图]","伊戈斯","时代杂志","1947","第7卷 第22期","20","上海"
"造书工厂:莫斯科第一模范印刷厂:装钉工场中的摺书机，每一班可摺二十万帖:[照片]","时代杂志","1947","第7卷 第28期","1页",NA,"上海"
"苏联人民艺术家薇拉·莫馨娜:工作时的莫馨娜:[照片]","时代杂志","1947","第7卷 第47期","1页",NA,"上海"
"世界职工联合会联盟总书记路易·萨扬谈世界工运","罗凉","时代杂志","1947","第7卷 第9期","28-29","上海"
"绣在地毯上的苏联元帅象:人民装饰艺术展览会上陈列的亚塞哈巴德匠人的杰作:苏联元帅高伏洛夫:[照片]","时代杂志","1947","第7卷 第7期","1页",NA,"上海"
"苏联十大象棋大师:一九四七年苏联象棋锦标保罗·克格斯:[照片]","时代杂志","1947","第7卷 第27期","1页",NA,"上海"
"苏联动态:新建的列宁公寓:[照片]","时代杂志","1947","第7卷 第10期","2页",NA,"上海"
"苏联最新木刻杰作选:装饰木刻:[木刻]","法伏尔斯基","时代杂志","1947","第7卷 第16/17期","1页","上海"
"苏维埃民主的意义与力量(下):“论苏维埃民主”之二","亚历山大洛夫 何歌","时代杂志","1947","第7卷 第23期","10-12","上海"
"苏联学术院全体大会:大会休息时的几位领导苏联国内几个学术中心的学者:[照片]","时代杂志","1947","第7卷 第8期","1页",NA,"上海"
"普希金:俄罗斯天才诗人:纪念逝世一百十周年忌辰(附书法)","吉尔波丁 葛达","时代杂志","1947","第7卷 第5期","4-5","上海"
"论苏联币制改革和废除配给制度:“真理报”社论","时代杂志","1947","第7卷 第50期","10-11",NA,"上海"
"缅甸的独立运动","雅洛伏伊 何歌","时代杂志","1947","第7卷 第14期","19-20","上海"
"土耳其反动派怎样压迫工人","卡农尼柯夫 钟桑","时代杂志","1947","第7卷 第13期","12-13","上海"
"罗里茨“勋章”:[画图]","莫亚","时代杂志","1947","第7卷 第12期","13","上海"
"塔齐克巴蕾舞女:塔齐克巴蕾舞女练习功课:[照片]","时代杂志","1947","第7卷 第45期","1页",NA,"上海"
"法兰西在前进中","爱伦堡 草婴","时代杂志","1947","第7卷 第13期","21-23","上海"
"途穷匕首见的纳粹党徒","时代杂志","1945","第5卷 第5期","21",NA,"上海"
"全世界目光的集中点:柏林，比利时，西班牙","阿尔古斯","时代杂志","1945","第5卷 第14期","4-5","上海"
"苏联的工业恢复着并建设着:电气装接工人正在工作之情形:[照片]","时代杂志","1945","第5卷 第16期","封2",NA,"上海"
"德军在苏联之暴行:被德人枪毙的苏联公民:[照片]","时代杂志","1945","第5卷 第14期","封3",NA,"上海"
"国际一周:法兰西“政治死尸”的浮起","时代杂志","1945","第5卷 第7期","10",NA,"上海"
"降书签署前与降书的签署(附照片)","阿法那西叶夫","时代杂志","1945","第5卷 第3期","5-6","上海"
"国际一周:英美报纸评论西班牙宣言","时代杂志","1945","第5卷 第14期","13-14",NA,"上海"
"苏联学术院二百二十周年念纪大会:院长柯马洛夫致开幕词，论述苏联学院发展史","柯马洛夫","时代杂志","1945","第5卷 第9期","19-20","上海"
"苏德战争开始的那一天:军火工厂开始日夜不间断的生产:[照片]","时代杂志","1945","第5卷 第9期","封2",NA,"上海"
"苏片介绍:“东方民族歌舞大会串”","时代杂志","1945","第5卷 第9期","21",NA,"上海"
"苏联全貌:黑海海岸上的奥地萨城:[照片]","时代杂志","1945","第5卷 第2期","16",NA,"上海"
"国际一周:捷克各政党成立政治协定","时代杂志","1945","第5卷 第9期","17-18",NA,"上海"
"国际一周:法兰西宪政会议大选公告","时代杂志","1945","第5卷 第12期","11",NA,"上海"
"苏联后方:民众一切力量献给最后胜利:在复兴了的大工业区顿巴斯，矿工们勤奋地工作，为工厂献上千万吨的煤:[照片]","时代杂志","1945","第5卷 第1期","封3",NA,"上海"
"梵蒂冈的政治活动(续完)","施坦因","时代杂志","1945","第5卷 第12期","15-17","上海"
"国际一角:具有“远见”的政治家:[画图]","米谷","时代杂志","1945","第5卷 第21期","封3","上海"
"画中的苏联:用联合机耕耘的集体农场:[画图]","时代杂志","1945","第5卷 第19期","封2",NA,"上海"
"国际一周:加拿大报纸评论弗朗哥改组内阁的谣传","时代杂志","1945","第5卷 第13期","17",NA,"上海"
"苏联全貌:苏联十月革命后的经济改造:苏联集体农场用联合机收割农产:[照片]","时代杂志","1945","第5卷 第19期","26",NA,"上海"
"最高总司令命令:一九四五年五月八日德国最高司令部代表在柏林签署德国武装力量无条件投降书……","时代杂志","1945","第5卷 第3期","4",NA,"上海"
"反动的德国历史学(续完)","巴斯金","时代杂志","1945","第5卷 第23期","21-22，20","上海"
"国际一周间:德国境内的奇迹","阿尔古斯","时代杂志","1945","第5卷 第23期","13-14","上海"
"苏联的工业恢复着并建设着:直径很大的圆管正将接焊起来:[照片]","时代杂志","1945","第5卷 第16期","封2",NA,"上海"
"建筑师V.G.蓝姆生设计的旧金山联合国组织建筑的模型:[照片]","时代杂志","1945","第5卷 第21期","封2",NA,"上海"
"人民女英雄:保加利亚漫记","铁霍诺夫","时代杂志","1945","第5卷 第18期","21-22","上海"
"国际一周:巴尔干反法西斯青年大会","时代杂志","1945","第5卷 第12期","9",NA,"上海"
"苏联的城市:在不断的改造着，新屋不断建造着……日新月异，刻刻改观:哥萨赫共和国塔斯根特城为工人新造的公寓房子:[照片]","时代杂志","1945","第5卷 第11期","封2",NA,"上海"
"特写:柏林市街战:道恩静街凯萨威廉总寺院:[照片]","时代杂志","1945","第5卷 第1期","20",NA,"上海"
"俄罗斯军队第一次攻入柏林追记(一七六○年十月九日)(附照片)","时代杂志","1945","第5卷 第1期","26",NA,"上海"
"苏维埃民主主义的威力:真理报四月十九日社评","时代杂志","1945","第5卷 第1期","5-7",NA,"上海"
"德国投降结束","守巧夫","时代杂志","1945","第5卷 第4期","5-6","上海"
"苏联纪行(七)","郭沫若","时代杂志","1945","第5卷 第25期","24-26","上海"
"柏林之战:真理报四月二十五日社论","时代杂志","1945","第5卷 第1期","10-11",NA,"上海"
"苏联的城市:在不断的改造着，新屋不断建造着……日新月异，刻刻改观:乔治亚共和国首都特皮利西于战时新造的一座库拉河上的大桥:[照片]","时代杂志","1945","第5卷 第11期","封2",NA,"上海"
"波兰问题:波兰参加旧金山会议问题","时代杂志","1945","第5卷 第1期","16",NA,"上海"
"国际一周:德国人的避难所:西班牙","时代杂志","1945","第5卷 第13期","17",NA,"上海"
"梵蒂冈的政治活动(未完)","施坦因","时代杂志","1945","第5卷 第11期","17-18","上海"
"苏联颁布与对德胜利有关之大赦令","加里宁 高尔金","时代杂志","1945","第5卷 第12期","5","上海"
"军官之妻","迦勃里洛维契","时代杂志","1945","第5卷 第11期","23-24","上海"
"苏片介绍:银舞鞋:一名“圣诞节前夜”","时代杂志","1945","第5卷 第14期","17",NA,"上海"
"红场胜利阅兵观礼记:戈伏洛夫元帅:[照片]","时代杂志","1945","第5卷 第10期","5",NA,"上海"
"苏联的特色:文化生活在苏联:苏联某集体农场组织的剧团上演俄罗斯剧作家封维静的喜剧“未成年者”:[照片]","时代杂志","1945","第5卷 第19期","16",NA,"上海"
"国际一周:法国报纸评论社会党与共产党联合问题","时代杂志","1945","第5卷 第15期","13-14",NA,"上海"
"从苏联宪法说到中国宪法问题","平心","时代杂志","1945","第5卷 第23期","9-10","上海"
"苏联勋章奖章:那希木夫海军勋章:[照片]","时代杂志","1945","第5卷 第6期","封3",NA,"上海"
"红军争夺柏林之战:苏军争夺柏林地下铁道之某车站:[照片]","时代杂志","1945","第5卷 第14期","封2",NA,"上海"
"国际观察:捷克斯洛伐克解放运动(下斯续完)","勃拉尼克","时代杂志","1945","第5卷 第13期","6-9","上海"
"一切反苏阴谋终归徒然:粉碎上海“二十世纪”终刊号的鬼魅宣传","时代杂志","1945","第5卷 第7期","17-18",NA,"上海"
"画中的苏联:炼铁厂:[画图]","时代杂志","1945","第5卷 第19期","封2",NA,"上海"
"解放后的苏维埃土地:熟练的女泥水匠卡萨洛娃:[照片]","时代杂志","1945","第5卷 第3期","封3",NA,"上海"
"参加莫斯科体育节大检阅的苏联少女:[照片]","时代杂志","1947","第7卷 第10期","1页",NA,"上海"
"绣在地毯上的苏联元帅象:人民装饰艺术展览会上陈列的亚塞哈巴德匠人的杰作:苏联元帅柯聂夫:[照片]","时代杂志","1947","第7卷 第7期","1页",NA,"上海"
"雅洛斯拉夫城附近儿童铁道“胜利”车站(该铁道筑在风景如画的伏尔加河畔，全长七公里):[照片]","时代杂志","1947","第7卷 第22期","封1",NA,"上海"
"苏维埃民主的意义与力量(上):“论苏维埃民主”之二","亚历山大洛夫 何歌","时代杂志","1947","第7卷 第22期","8-10","上海"
"蒙古人民共和国文化生活:蒙古国家音乐剧院管弦乐队公开演奏:[照片]","时代杂志","1947","第7卷 第19期","1页",NA,"上海"
"立体电影在苏联:苏联KzS22--式立体电影摄影机:[照片]","时代杂志","1947","第7卷 第13期","1页",NA,"上海"
"苏维埃民主的批判的批判(下):“论苏维埃民主”之三","亚历山大洛夫 何歌","时代杂志","1947","第7卷 第26期","27-30","上海"
"苏联艺术新作:苏联名画家:史大林奖金得奖者:P.索柯洛夫·斯卡尔新近完成的杰作“卡卢加的解放”，该画描写的是苏军解放卡卢加城时巷战的情形:[照片]","时代杂志","1947","第7卷 第14期","1页",NA,"上海"
"论莫洛托夫关于中国问题的声明","柯刚 罗凉","时代杂志","1947","第7卷 第11期","7","上海"
"苏联动态:儿童读物作家S.马尔沙克在马斋里会见他的小读者:[照片]","时代杂志","1947","第7卷 第10期","1页",NA,"上海"
"杰出的苏联女雕刻家:莫兴娜所作的“男工人与集体农女”.这一个群像曾于一九三七年矗立于巴黎世界博览会苏联陈列馆的顶上:[照片]","时代杂志","1947","第7卷 第9期","1页",NA,"上海"
"苏联的城市:乔治亚共和国首都特比里亚.前面是库拉河上的桥:[照片]","时代杂志","1947","第7卷 第40期","1页",NA,"上海"
"一九四七年九月二十四日，乌克兰共和国代表曼纽斯基在联合国机构大会席上演辞(附照片)","曼纽斯基","时代杂志","1947","第7卷 第39期","11-14","上海"
"莫尔达维亚人:[照片]","时代杂志","1947","第7卷 第46期","封1",NA,"上海"
"英国“托管”希腊两年","布朗诺夫 之同","时代杂志","1947","第7卷 第3/4期","32-33","上海"
"迎接伟大十月社会主义革命三十周纪念节:苏联经济发展的道路","顾洛维奇 何歌","时代杂志","1947","第7卷 第40期","26-28","上海"
"苏联人民艺术家薇拉·莫馨娜:薇拉·莫馨娜设计莫斯科城创立者陶尔高鲁基公爵纪念像:[照片]","时代杂志","1947","第7卷 第47期","2页",NA,"上海"
"高尔基研究:纪念高尔基七十九周年诞辰:燎火","托尔斯泰 白寒","时代杂志","1947","第7卷 第12期","28-29","上海"
"小罗斯福夫妇在苏联留影:[照片]","时代杂志","1947","第7卷 第14期","封1",NA,"上海"
"苏联人民艺术家薇拉·莫馨娜:莫馨娜在工作室中:[照片]","时代杂志","1947","第7卷 第47期","18",NA,"上海"
"国际两周:马歇尔计划的时间表","苏宾","时代杂志","1947","第7卷 第36期","4-8","上海"
"莫斯科八百年光荣战斗历史:莫斯科中央红军剧场:[照片]","时代杂志","1947","第7卷 第35期","1页",NA,"上海"
"苏联人民艺术家葛拉西莫夫:赛尔格·葛拉西莫夫:[照片]","时代杂志","1947","第7卷 第34期","1页",NA,"上海"
"法兰西和西欧的最大政治力量:法国共产党(附图)","(美)旭恩勃龙 秦默","时代杂志","1947","第7卷 第28期","21-23，25","上海"
"国际一周:阴谋与和平","什之","时代杂志","1947","第7卷 第24期","19-21，23","上海"
"莫斯科庆祝建城八百周年纪念节:一九四七年九月七日，莫斯科庆祝建城八百周年纪念节，图为莫斯科河桥和红场夜景:[照片]","时代杂志","1947","第7卷 第42期","1页",NA,"上海"
"伏洛聂士州“伊里奇”集体农场:在该厂工作的集体农女将乳倒入造油机:[照片]","时代杂志","1947","第7卷 第41期","1页",NA,"上海"
"普希金画传:普希金的父亲:[画图]","时代杂志","1947","第7卷 第5期","1页",NA,"上海"
"苏联人民艺术家薇拉·莫馨娜:高尔基纪念像制作情形.该像将树立于高尔基故乡高尔基城:[照片]","时代杂志","1947","第7卷 第47期","1页",NA,"上海"
"战争新局势(附图)","马可宁","时代杂志","1947","第7卷 第37期","7-10，29","上海"
"反法西斯画家毕迦索(附照片、图)","王琦","时代杂志","1947","第7卷 第28期","26-27","上海"
"吉尔吉斯苏维埃共和国:盛装的吉尔吉斯少女:[照片]","时代杂志","1947","第7卷 第38期","1页",NA,"上海"
"苏联创造了六十种新文字","戈兰特 君既","时代杂志","1947","第7卷 第34期","28","上海"
"苏联的民族舞:列伏夫城高等学校学生组织的舞踊团表演民族舞“柯洛米卡”:[照片]","时代杂志","1947","第7卷 第14期","1页",NA,"上海"
"人的新世界:蓝色的赛望湖:苏维埃人征服大自然的故事","亚格拉诺夫斯基 德真","时代杂志","1947","第7卷 第12期","25-26，15","上海"
"机械化的苏联农业:维尼察区丁莫生柯集体农场用强大的耕种机垦地:[照片]","时代杂志","1947","第7卷 第34期","1页",NA,"上海"
"缅甸人民的独立斗争","华西里叶娃 葛达","时代杂志","1947","第7卷 第3/4期","37","上海"
"列宁格勒夏花园:四、夏花园中到处都是名胜古迹:图为封坦加河上的彼得大帝的消夏行宫，建于一七一○--一七一四年，是建筑家多米尼柯·特列齐尼所设计:[照片]","时代杂志","1947","第7卷 第22期","1页",NA,"上海"
"苏联第二期国家公债(附照片)","(苏)士维列夫 祖立","时代杂志","1947","第7卷 第19期","8-9","上海"
"人的新世界:在极北(附照片)","波尔代列夫 德真","时代杂志","1947","第7卷 第14期","28-30","上海"
"高尔基研究:纪念高尔基七十九周年诞辰:初会高尔基","唐庆果 白寒","时代杂志","1947","第7卷 第12期","29-30","上海"
"克里米亚山景:[照片]","时代杂志","1947","第7卷 第36期","封1",NA,"上海"
"世界和平的道路","华莱士 琪昂","时代杂志","1947","第7卷 第26期","9-10","上海"
"乔治亚共和国首都特比里西:矗立在鲁斯达维里大街上的乔治亚共和国政府巨厦:[照片]","时代杂志","1947","第7卷 第33期","1页",NA,"上海"
"顿巴斯矿工S.V.奥古尔卓夫:[照片]","时代杂志","1947","第7卷 第37期","封1",NA,"上海"
"我们的呼吁:纪念三八妇女节","许广平 曹孟君","时代杂志","1947","第7卷 第9期","5-6","上海"
"论英美关系","泰伊庚 移模","时代杂志","1947","第7卷 第10期","7-10","上海"
"列宁和史大林:苏维埃国家的创造者:列宁在第二届全俄罗斯工兵代表苏维埃大会上发表历史性的演说，在这次大会上，依照列宁的报告，通过了关于和平与土地的法令:[画图]","谢列勃良纳","时代杂志","1947","第7卷 第43/44期","1页","上海"
"苏联学术院全体大会:学术院会员摩斯赫里希维里(左)和S.索波列夫向会员文德(中)和克拉奇柯夫斯基领取选举票:[照片]","时代杂志","1947","第7卷 第8期","1页",NA,"上海"
"纪念列宁逝世廿三周年忌辰:[雕像]","时代杂志","1947","第7卷 第3/4期","封1",NA,"上海"
"苏联十大象棋大师:参加莫斯科象棋比赛的苏联少年:[照片]","时代杂志","1947","第7卷 第27期","1页",NA,"上海"
"时代书报出版社五年:时代书报出版社装订部:[照片]","时代杂志","1947","第7卷 第34期","6",NA,"上海"
"苏联的城市:莫斯科:[照片]","时代杂志","1947","第7卷 第40期","1页",NA,"上海"
"苏联人民艺人·雕刻家赛尔盖·梅尔库洛夫，史大林文艺奖金得奖者:梅尔库洛夫的史大林像的上部:[照片]","时代杂志","1947","第7卷 第37期","1页",NA,"上海"
"世界各国青年动态:法国青年近况","雅丽波娃 钟桑","时代杂志","1947","第7卷 第18期","19-20","上海"
"越南殖民地战争","魏洛夫 尚天","时代杂志","1947","第7卷 第41期","22-24","上海"
"伟大十月社会主义革命的历史性意义","奥列休克 尚天","时代杂志","1947","第7卷 第43/44期","8-9，59","上海"
"对德和约中的德国经济问题(下)","维希鸟夫 范加尔 张俗","时代杂志","1947","第7卷 第47期","13-14","上海"
"苏维埃联邦建国三十周纪念和苏联敌人毁谤活动三十年(一九一七--一九四七)(附照片、图)","达尔莱 何歌","时代杂志","1947","第7卷 第43/44期","38-41","上海"
"苏联:没有经济恐慌的国家","斯特鲁米林 潘光祖","时代杂志","1947","第7卷 第43/44期","20-21","上海"
"是谁要分裂世界?:评观察周报的“正告美国”","迟道宇","时代杂志","1947","第7卷 第29期","7-8","上海"
"“真理报”:这架庞大的卷筒印报机，每小时可印一百万份:[照片]","时代杂志","1947","第7卷 第27期","27",NA,"上海"
"新慕尼黑势将失败:与“鲁德·布拉”晚报记者谈话","季米特洛夫","时代杂志","1947","第7卷 第41期","5","上海"
"国际一周:三个美国将军与远东","莫宁","时代杂志","1947","第7卷 第33期","4-7","上海"
"他们不是孤儿:幼稚园里的孩子们的教育是以劳动为基础的.图为值班学童记录幼稚园牛奶棚的榨乳量:[照片]","时代杂志","1947","第7卷 第31期","1页",NA,"上海"
"造书工厂","契尔维亚克","时代杂志","1947","第7卷 第28期","20","上海"
"反法西斯画家毕迦索:毕迦索在画室中:[照片]","时代杂志","1947","第7卷 第28期","27",NA,"上海"
"苏联各民族的兄长(中):“俄罗斯土地”第二篇","米哈伊洛夫 梁香","时代杂志","1947","第7卷 第22期","28-30","上海"
"美国官儿的“幽默”","查斯拉夫斯基 罗凉","时代杂志","1947","第7卷 第9期","21","上海"
"蒙古人民共和国的文化建设:乌朗-巴托尔十年制学校四年级上课时情形:[照片]","时代杂志","1947","第7卷 第12期","1页",NA,"上海"
"驳李普曼欲使战争合法化的谬论","沙托夫 宋水","时代杂志","1947","第7卷 第8期","20","上海"
"普希金画传:普希金的叔叔:[画图]","时代杂志","1947","第7卷 第5期","1页",NA,"上海"
"国际人物画像:战争贩子威廉·蒲立特(附图)","兹伐维奇 雷兮","时代杂志","1947","第7卷 第47期","24-27","上海"
"造书工厂:莫斯科第一模范印刷厂:第一模范印刷厂装钉工场全景.这工场每年装钉生产量为五亿张:[照片]","时代杂志","1947","第7卷 第28期","1页",NA,"上海"
"东南欧国家的经济改革","布赫洛夫 樊英","时代杂志","1947","第7卷 第27期","9-11","上海"
"苏联的劳动英雄:[照片]","时代杂志","1947","第7卷 第25期","封1",NA,"上海"
"苏联艺人志:“富足的歌颂者”彼得·康恰洛夫斯基:“黑人像”.一九四○年:[画图]","时代杂志","1947","第7卷 第27期","1页",NA,"上海"
"苏联建筑学院大会:魏斯宁作报告:[照片]","时代杂志","1947","第7卷 第12期","1页",NA,"上海"
"恭贺新禧:[照片]","时代杂志","1947","第7卷 第1期","封1",NA,"上海"
"莫斯科全景:克里姆林城墙下莫斯科河上:[照片]","时代杂志","1947","第7卷 第35期","1页",NA,"上海"
"体育在苏联:苏联体育节莫斯科红场举行检阅:[照片]","时代杂志","1947","第7卷 第29期","1页",NA,"上海"
"流浪者高尔基:[石膏像]","巴尔雪夫斯基","时代杂志","1947","第7卷 第24期","5","上海"
"对德战争胜利日在莫斯科:对德战争胜利日之夜在斯维尔德洛夫广场:[照片]","时代杂志","1947","第7卷 第18期","1页",NA,"上海"
"马歇尔·新任命·新花样","丁静","时代杂志","1947","第7卷 第2期","5-6，30","上海"
"梵谛冈的反民主活动(下)","迦林 罗凉","时代杂志","1947","第7卷 第16/17期","39-41","上海"
"战局怎样变?","马可宁","时代杂志","1947","第7卷 第39期","7-10","上海"
"春耕:国家巨人农场农女基勃里茨卡亚驾驶耕种机耕地:[照片]","时代杂志","1947","第7卷 第21期","1页",NA,"上海"
"四国外长在莫斯科:在大剧院休息室里.图中自左至右:皮杜，马歇尔，皮杜夫人，莫洛托夫夫人:[照片]","时代杂志","1947","第7卷 第21期","1页",NA,"上海"
"在波兰一年","马尔赫列夫斯基 移模","时代杂志","1947","第7卷 第27期","12-14","上海"
"国际一周:以合作对抗分裂","伊莉娜","时代杂志","1947","第7卷 第25期","3-5","上海"
"国际人物画象:恩斯特·贝文(附图)","华西列夫斯卡 梁香","时代杂志","1947","第7卷 第49期","24-26","上海"
"苏联景色:[照片二幅]","时代杂志","1947","第7卷 第24期","封1",NA,"上海"
"复兴中的史大林格勒:修理中的十月大街:[照片]","时代杂志","1947","第7卷 第39期","1页",NA,"上海"
"苏联民用航空事业:飞机运渔网至一家渔业公司，然后再由驳船运到北极圈内的楚米干地方去:[照片]","时代杂志","1947","第7卷 第14期","1页",NA,"上海"
"匈牙利农民斗争的新阶段","萨伏尔斯基 何歌","时代杂志","1947","第7卷 第6期","25","上海"
"苏联的千面人:俄罗斯共和国人民艺人尼古拉·契尔卡索夫(附照片)","邬里茨基 高明","时代杂志","1947","第7卷 第36期","2页，20-22","上海"
"爱伦堡及其“巴黎的陷落”","戈宝权","时代杂志","1947","第7卷 第29期","26-27，6","上海"
"创造胜利的人们:史大林格勒保卫战的传奇的英雄，苏联英雄雅各夫·巴甫洛夫.他曾通过从史大林格勒打到柏林的全部战斗之路:[照片]","时代杂志","1947","第7卷 第18期","1页",NA,"上海"
"关于英国外交政策:一个英国读者和苏联“新时代”杂志编者的通讯:答英国读者书","泰伊庚 罗凉","时代杂志","1947","第7卷 第3/4期","19-22","上海"
"英美对欧洲各国的野心(上)","顾西宁 岳光","时代杂志","1947","第7卷 第28期","8-10","上海"
"杜鲁门主义在近东","毕扬柯夫 草婴","时代杂志","1947","第7卷 第26期","11-12","上海"
"独立斗争中的印度尼西亚共产党:转载马来亚“战友报”","时代杂志","1947","第7卷 第30期","22",NA,"上海"
"史大林奖金得奖舞剧:“淑露希卡”(“灰姑娘”)在莫斯科国家大剧院舞台上:王宫舞会中的“大华尔滋”舞.中央为玛丽娜·谢妙诺娃:[照片]","时代杂志","1947","第7卷 第30期","2页",NA,"上海"
"苏联人民艺术家葛拉西莫夫:“游击队员之母”:[照片]","时代杂志","1947","第7卷 第34期","1页",NA,"上海"
"苏联风景:伏尔加河支流乌萨河岸，右首是常常在俄罗斯诗文中出现的美丽的白桦树:[照片]","时代杂志","1947","第7卷 第2期","1页",NA,"上海"
"苏联体育新闻:苏联女子组掷铁球锦标妲姬杨娜，谢芙留柯娃.不久前她打破世界纪录:[照片]","时代杂志","1947","第7卷 第13期","1页",NA,"上海"
"神怪世界","黛丝 何歌","时代杂志","1947","第7卷 第23期","26-27","上海"
"莫斯科建都八百周年纪念(附照片)","马尔夏克 北泉","时代杂志","1947","第7卷 第35期","1页","上海"
"莫斯科庆祝建城八百年:首都市中心各广场上人山人海:[照片]","时代杂志","1947","第7卷 第45期","1页",NA,"上海"
"关于非敌性国领土上的外国军队(附图)","多尔巧诺夫 草婴","时代杂志","1947","第7卷 第1期","18-21","上海"
"国际一周:进步与退步的潮流","牛宜偶","时代杂志","1947","第7卷 第14期","4-6，30","上海"
"波兰的六大工党","赫布洛夫 尚天","时代杂志","1947","第7卷 第5期","22-25","上海"
"关于柯佛海峡扫雷问题:二月二十三日在联合国安全理事会席上的演词","葛罗米柯","时代杂志","1947","第7卷 第8期","7-8，5","上海"
"战后世界的修补工作:一面补，一面破:[画图]","伊戈斯","时代杂志","1947","第7卷 第27期","5","上海"
"一九四七年十二月十四日苏联部长会议和苏联共产党(布)中央委员会关于实行币制改革和废除配给制度的决议","时代杂志","1947","第7卷 第50期","8-12",NA,"上海"
"苏联作家答英国作家问(上)","移模","时代杂志","1947","第7卷 第36期","27-30","上海"
"苏联全国业余艺术表演大会:莫斯科联合舞踊团，在民族乐器伴奏之下，表演民族舞蹈:[照片]","时代杂志","1947","第7卷 第11期","1页",NA,"上海"
"海参崴，从港口上望去的全景:[照片]","时代杂志","1947","第7卷 第1期","1页",NA,"上海"
"战后英国的对外政策(下)","列明 祖立","时代杂志","1947","第7卷 第37期","20-23","上海"
"“杜鲁门主义”和“马歇尔计划”(下)","马里宁 雷兮","时代杂志","1947","第7卷 第46期","17-19","上海"
"乔治亚共和国首都特比里西:乔治亚共和国学术院大厦:[照片]","时代杂志","1947","第7卷 第33期","1页",NA,"上海"
"论社会发展学说史(六)","亚历山大洛夫 梁香","时代杂志","1947","第7卷 第10期","27-29","上海"
"集邮在苏联:莫斯科集邮商店·集邮者可以在这里获得苏联和各国的罕见的邮票:[照片二幅]","时代杂志","1947","第7卷 第6期","1页",NA,"上海"
"对德战争胜利日在莫斯科:对德战争胜利日之夜在莫斯科河上:[照片]","时代杂志","1947","第7卷 第18期","1页",NA,"上海"
"本刊布哈勒斯特特约航空通讯:新生的罗马尼亚(附图)","罗符林 移模","时代杂志","1947","第7卷 第21期","20-24","上海"
"他们不是孤儿:进早餐时，值班学童分发早餐:[照片]","时代杂志","1947","第7卷 第31期","1页",NA,"上海"
"苏联的无线电机制造厂:从废墟之中站立起来和更加增强的伏洛聂士“电信”无线电机制造厂:逐走了盘据在伏洛聂士的德国法西斯蒂之后的“电信”工厂的厂房:[照片]","时代杂志","1947","第7卷 第36期","1页",NA,"上海"
"乔治亚共和国首都特比里西:特比里西“列宁”铁路运输工程师研究院的大门:[照片]","时代杂志","1947","第7卷 第33期","1页",NA,"上海"
"在柏林","贝瑞明斯基 何歌","时代杂志","1947","第7卷 第7期","26-28，23","上海"
"创造胜利的人们:史大林格勒城内的一所房屋，苏联英雄雅各夫·巴甫洛夫曾经在里面作战过……:[照片]","时代杂志","1947","第7卷 第18期","1页",NA,"上海"
"苏联建筑学院大会:苏联建筑学院开大会时会场情形:[照片]","时代杂志","1947","第7卷 第12期","1页",NA,"上海"
"苏联的报纸:某集体农场附设的报馆印刷所:[照片]","时代杂志","1947","第7卷 第20期","1页",NA,"上海"
"巴甫洛夫科学镇:柯尔多塞:巴甫洛夫的学生及其学说的承继者和进化生理学的创立者，社会主义劳动英雄，苏联学术院会员奥尔贝里:[照片]","时代杂志","1947","第7卷 第19期","30",NA,"上海"
"乔治亚共和国首都特比里西:特比里西吊索铁道载了旅客上山.车子愈上升，这个展开于库拉河盆地的大城市的风景也愈扩展开来.旅客在星期日和假日特别多:[照片]","时代杂志","1947","第7卷 第33期","1页",NA,"上海"
"再论“天下一家或天下无家”:答覆美国科学家的公开信","鲁宾斯坦 邓梅","时代杂志","1947","第7卷 第33期","21-23","上海"
"机械化的苏联农业:史大林耕种机制造厂的产品:[照片]","时代杂志","1947","第7卷 第34期","1页",NA,"上海"
"泛美主义:扩张政策的工具","乔奇叶夫 何歌","时代杂志","1947","第7卷 第8期","23-24","上海"
"普希金画传:普希金原稿，上画有五个吊死的十二月党人:[画图]","时代杂志","1947","第7卷 第5期","1页",NA,"上海"
"一笔血债:希特勒德国在苏联的暴行录:斯摩伦斯克:[照片]","时代杂志","1947","第7卷 第25期","7",NA,"上海"
"苏联的劳动英雄:菲奥陀斯·夏夫留庚及其助手女工伊丽娜·龚察洛娃:[照片]","时代杂志","1947","第7卷 第25期","1页",NA,"上海"
"一九四七年四月九日史大林与史达森话谈记录(附照片)","时代杂志","1947","第7卷 第19期","4-7，11",NA,"上海"
"吉尔吉斯苏维埃共和国:牧放于山坡上的马群:[照片]","时代杂志","1947","第7卷 第38期","1页",NA,"上海"
"战后国际和平建设的领导者:在巴黎和会上发表演说的乌克兰代表曼努伊斯基:[照片]","时代杂志","1947","第7卷 第6期","1页",NA,"上海"
"“在美国”一书的断片:关于美国的报纸·文化及其他","爱伦堡 梁香","时代杂志","1947","第7卷 第16/17期","33-35","上海"
"初步:[雕像]","卡明斯基","时代杂志","1947","第7卷 第50期","封1","上海"
"苏维埃民主与资产阶级民主","(苏)米丁 潘光祖","时代杂志","1947","第7卷 第45期","15，18-20","上海"
"列宁格勒夏花园:二、列宁格勒大学学生在夏花园中的大将军雕刻前:[照片]","时代杂志","1947","第7卷 第22期","1页",NA,"上海"
"日本与朝鲜访问记","(苏)达拉索夫","时代杂志","1947","第7卷 第21期","14，19","上海"
"苏联人民艺人·雕刻家赛尔盖·梅尔库洛夫，史大林文艺奖金得奖者:梅尔库洛夫在自己工作室中为已故苏联最高苏维埃主席团主席米哈伊尔·加里宁创作胸像:[照片]","时代杂志","1947","第7卷 第37期","2页",NA,"上海"
"乔治亚共和国首都特比里西:包括一百间房间的巨厦，它对面是动物园:[照片]","时代杂志","1947","第7卷 第33期","1页",NA,"上海"
"苏联最新木刻杰作选:熔铁炉(原图为二色):[木刻]","沙赫诺夫斯卡亚","时代杂志","1947","第7卷 第16/17期","1页","上海"
"苏联第四期五年计划一九四七年第一季成绩:苏联国家计划委员会公报","时代杂志","1947","第7卷 第15期","12-13",NA,"上海"
"苏联全国业余艺术表演大会:白俄罗斯共和国铁路员工的舞踊团表演民间舞蹈“小风雪”:[照片]","时代杂志","1947","第7卷 第11期","1页",NA,"上海"
"苏联动态:莫斯科举行演奏竞赛会，得奖者十二人.图为全体评判委员:[照片]","时代杂志","1947","第7卷 第10期","1页",NA,"上海"
"苏联十大象棋大师:参加全苏联象棋锦标赛的苏联象棋大师伊哥尔·庞达列夫斯基(左)和维亚契斯拉夫·拉高静:[照片]","时代杂志","1947","第7卷 第27期","1页",NA,"上海"
"苏联第三最大水力发电站:[照片]","时代杂志","1947","第7卷 第38期","1页",NA,"上海"
"山姆叔叫嚣打倒反动派:[画图]","伊戈斯","时代杂志","1947","第7卷 第22期","19","上海"
"列宁和史大林:苏维埃国家的创造者:列宁和史大林在哥尔基:[画图]","斯伐洛格","时代杂志","1947","第7卷 第43/44期","1页","上海"
"莫斯科八百年光荣战斗历史(附图、照片)","巴齐列维奇 梁香","时代杂志","1947","第7卷 第35期","5页","上海"
"苏联的农业:苏联的集体农场","叶尔莫林斯基 祖立","时代杂志","1947","第7卷 第34期","26","上海"
"答问:歌剧在苏联是必需品而不是奢侈品","时代杂志","1947","第7卷 第33期","28",NA,"上海"
"中苏友好同盟条约:远东和平安全的堡垒","符拉其米洛夫 顾克萍","时代杂志","1947","第7卷 第32期","8-10","上海"
"史大林奖金得奖舞剧:“淑露希卡”(“灰姑娘”)在莫斯科国家大剧院舞台上:淑露希卡在舞会上出现.来宾们惊为天人:[照片]","时代杂志","1947","第7卷 第30期","1页",NA,"上海"
"苏联锦屑:勃良斯克机车制造厂出产的第一辆“胜利”号机车:[照片]","时代杂志","1947","第7卷 第25期","1页",NA,"上海"
"法兰西之魂(上)","梁香","时代杂志","1947","第7卷 第29期","28-30，10","上海"
"列宁和史大林:苏维埃国家的创造者:一九一七年列宁在彼得格勒人民大会上:[画图]","谢洛夫","时代杂志","1947","第7卷 第43/44期","1页","上海"
"英国工党的所谓“社会主义”政策","迦恩 尚天","时代杂志","1947","第7卷 第35期","13","上海"
"民主匈牙利的道路","萨莫伊洛夫 何歌","时代杂志","1947","第7卷 第6期","23-24","上海"
"建立社会主义知识份子的斗争:“知识份子在苏联”之三","柯伐列夫 樊英","时代杂志","1947","第7卷 第31期","24-27","上海"
"德聂泊水力发电站恢复:苏联有名的德聂泊水力发电站的堤堰，战时曾被德国人破坏了三百多公尺，现在是完全修复了:[照片]","时代杂志","1947","第7卷 第1期","1页",NA,"上海"
"美国的职工会运动(未完)","马尔金 何歌","时代杂志","1947","第7卷 第16/17期","16-18","上海"
"全世界民主青年联合起来!:记世界民主青年联合会执行委员会会议","邱林 钟桑","时代杂志","1947","第7卷 第14期","23-24","上海"
"苏联全国业余艺术表演大会:表演会中最引人注意的是列宁格勒十月铁路古斯里琴乐队.古斯里琴是俄罗斯古代的一种放在膝上弹拨的多弦乐器:[照片]","时代杂志","1947","第7卷 第11期","2页",NA,"上海"
"四岁时的列宁:[照片]","时代杂志","1947","第7卷 第3/4期","1页",NA,"上海"
"蒙古人民共和国的文化建设:乌朗-巴托尔托儿所儿童进餐情形:[照片]","时代杂志","1947","第7卷 第12期","1页",NA,"上海"
"苏联的神行太保:苏联摩托自行车竞赛锦标西尔金.他所保持的记录是二五·六七秒行一公里:[照片]","时代杂志","1947","第7卷 第20期","封1",NA,"上海"
"苏联观察家眼中的今日的日本:日本的民主势力与反动势力","葛利高列夫 何歌","时代杂志","1947","第7卷 第2期","7-8","上海"
"国际一周:英美军事合作和蒙高茂莱访苏","什之","时代杂志","1947","第7卷 第2期","29-30","上海"
"立体电影在苏联:在强光度立体电影实验试映室:[照片]","时代杂志","1947","第7卷 第13期","1页",NA,"上海"
"马克西姆·高尔基:高尔基与英国作家威尔斯:[照片]","时代杂志","1947","第7卷 第24期","9",NA,"上海"
"法国站在那里?","(法)卡兴 移模","时代杂志","1947","第7卷 第28期","11-13，20","上海"
"战后国际和平建设的领导者:战后国际和平建设的基石:柏林三巨头会议:[照片]","时代杂志","1947","第7卷 第6期","2页",NA,"上海"
"从世界职工联合会看世界(附照片)","达拉索夫 哥尼","时代杂志","1947","第7卷 第9期","27-28","上海"
"奥地利的“幽灵”","叶甫谢夫 何歌","时代杂志","1947","第7卷 第20期","8-10","上海"
"国际一周:两个巴黎会议之间","伊莉娜","时代杂志","1947","第7卷 第27期","4-6，30","上海"
"绞杀英国的金元炼锁","(英)杜德 端纳","时代杂志","1947","第7卷 第23期","19-21","上海"
"论奥国问题","索洛陀夫尼柯夫 移模","时代杂志","1947","第7卷 第20期","6-7，30","上海"
"创造胜利的人们:史大林格勒保卫战及柏林突击战的英雄华西里·葛鲁兴柯:[照片]","时代杂志","1947","第7卷 第18期","1页",NA,"上海"
"克里姆林沙皇故宫:莫斯科的今昔观:[照片]","时代杂志","1947","第7卷 第15期","1页",NA,"上海"
"苏联动态:苏联的农民是人人读书的.图为“巨人”国营农场的领导者们读书的情形:[照片]","时代杂志","1947","第7卷 第10期","1页",NA,"上海"
"集邮在苏联:一九三四年出的列宁逝世十周纪念邮票，中央为列宁陵墓、苏联国歌的作者之一米哈尔柯夫，收集苏联及别国邮票，由来已久.现在他这种集邮癖也传给了他的儿子安德莱了:[照片二幅]","时代杂志","1947","第7卷 第6期","1页",NA,"上海"
"今日寿祝三十春……:[题词]","张西曼","时代杂志","1947","第7卷 第43/44期","5","上海"
"伟大十月社会主义革命三十周纪念节:莫洛托夫报告:莫斯科市苏维埃庆祝大会席上(一九四七年十一月六日)","时代杂志","1947","第7卷 第47期","11-12，18-21",NA,"上海"
"英国和“杜鲁门主义”","时代杂志","1947","第7卷 第26期","20",NA,"上海"
"论美加军事联盟","树柯夫 何歌","时代杂志","1947","第7卷 第14期","11-12","上海"
"莫斯科(上)(附照片)","米哈伊洛夫 梁香","时代杂志","1947","第7卷 第15期","27-29","上海"
"纪念碑:[诗歌]","普希金 戈宝权","时代杂志","1947","第7卷 第5期","8","上海"
"苏联的劳动英雄:建筑工人争相传阅“莫斯科建设者”报上所登的关于获选人夏夫留庚的文章:[照片]","时代杂志","1947","第7卷 第25期","1页",NA,"上海"
"列宁在拉兹里夫:[画图]","雷洛夫","时代杂志","1947","第7卷 第3/4期","2页","上海"
"杰出的苏联女雕刻家:土耳克曼共和国选出的苏联最高苏维埃代表候选人:[照片]","时代杂志","1947","第7卷 第9期","1页",NA,"上海"
"关于肃清德国独占资本问题","波里亚柯夫 何歌","时代杂志","1947","第7卷 第7期","13","上海"
"澳大利亚与英美在太平洋上的关系","米雷柯夫斯基 何歌","时代杂志","1947","第7卷 第15期","10-11","上海"
"列宁与史大林在莫斯科近郊郭尔基:[画图]","斯伐洛格","时代杂志","1947","第7卷 第3/4期","1页","上海"
"法西斯主义在英国","皮莱士柯夫 移模","时代杂志","1947","第7卷 第27期","23-25","上海"
"工农联盟:十月革命胜利的主要基础","卡尔宾斯基 虚桐","时代杂志","1947","第7卷 第43/44期","12-13","上海"
"乔治亚共和国首都特比里西:普希金大街上的“巴拉斯”大饭店:[照片]","时代杂志","1947","第7卷 第33期","1页",NA,"上海"
"捷克的土地改革","列斯聂斯基 祖立","时代杂志","1947","第7卷 第20期","12-13","上海"
"评孙科谈话","尤里耶夫","时代杂志","1947","第7卷 第38期","24","上海"
"苏联在东北的行动是正当的","树柯夫 罗凉","时代杂志","1947","第7卷 第8期","27-28","上海"
"普希金画传:普希金父母的领地:米哈伊洛夫村全景:[画图]","时代杂志","1947","第7卷 第5期","2页",NA,"上海"
"社会主义社会与个人(中)","葛克 岳","时代杂志","1947","第7卷 第2期","21-23","上海"
"他们不是孤儿:值班学童收拾寝室:[照片]","时代杂志","1947","第7卷 第31期","1页",NA,"上海"
"苏联的海军:纪念七月二十七日苏联海军节","潘杰莱叶夫 任谷","时代杂志","1947","第7卷 第30期","23-24","上海"
"体育在苏联:莫斯科“狄那莫”运动场举行足球赛:[照片]","时代杂志","1947","第7卷 第29期","1页",NA,"上海"
"爱的史诗:“阿白萨朗与爱蒂丽”:王子阿白萨朗和爱蒂丽结婚之后，阿比奥王宫中的舞蹈.大剧院的舞剧团表演乔治亚民族舞:[照片]","时代杂志","1947","第7卷 第32期","1页",NA,"上海"
"苏联的四个五年计划","顾洛维奇 任谷","时代杂志","1947","第7卷 第37期","23-25","上海"
"史大林奖金得奖舞剧:“淑露希卡”(“灰姑娘”):奥丽迦·列彼兴斯卡亚和符拉其米尔·普列奥勃拉任斯基在国家大剧院舞台上演出舞剧“淑露希卡”:[照片]","时代杂志","1947","第7卷 第29期","1页",NA,"上海"
"“真理报”(附照片)","海林 草婴","时代杂志","1947","第7卷 第27期","26-30","上海"
"复兴中的史大林格勒:史大林格勒耕种机厂工人宿舍:[照片]","时代杂志","1947","第7卷 第39期","1页",NA,"上海"
"国际一周:和平对战争的问题","苏宾","时代杂志","1947","第7卷 第39期","4-6，30","上海"
"美国怎样在中东夺取石油?(附图)","(英)奥狄德 移模","时代杂志","1947","第7卷 第26期","12-14","上海"
"巴甫洛夫科学镇:柯尔多塞:苏联著名的生理学家，苏联学术院会员贝柯夫:[照片]","时代杂志","1947","第7卷 第19期","30",NA,"上海"
"英国与战后的日本","雅洛伏伊 何歌","时代杂志","1947","第7卷 第15期","8-9","上海"
"原子能的国际管制","罗宾斯坦 罗凉","时代杂志","1947","第7卷 第19期","12-14，21","上海"
"论苏联工人阶级专政","萨查诺夫 樊英","时代杂志","1947","第7卷 第16/17期","7，46","上海"
"美国工人生活的基本特色:工作多收入少","(美)彼得斯 庄淑","时代杂志","1947","第7卷 第16/17期","13-15，46","上海"
"读者来函:编辑草婴先生!……","时代杂志","1947","第7卷 第28期","30",NA,"上海"
"蒙古人民共和国文化生活:首都乌朗·巴托尔(前库伦)的蒙古国家音乐剧院:[照片]","时代杂志","1947","第7卷 第19期","1页",NA,"上海"
"活的传奇:韩国人民英雄金贻荪(附照片)","米洛夫 林达","时代杂志","1947","第7卷 第15期","19-20","上海"
"美国的工人政党","马尔金 何歌","时代杂志","1947","第7卷 第16/17期","19-20","上海"
"莫斯科中央傀儡剧场:中央傀儡剧场演出的“穿靴的猫”中的一场:[照片]","时代杂志","1947","第7卷 第23期","1页",NA,"上海"
"菲列宾人民反抗反动派的斗争","伏夫吉柯夫 尚天","时代杂志","1947","第7卷 第11期","19","上海"
"蒙古人民共和国的文化建设:扫除文盲:乌朗-巴托尔某十年制学校四年级高材生雅玛哈伊:[照片]","时代杂志","1947","第7卷 第12期","1页",NA,"上海"
"普希金画传:一八二五年，普希金被软禁于米哈伊洛夫村时，同学普斯兴来访，左角为乳娘:[画图]","时代杂志","1947","第7卷 第5期","2页",NA,"上海"
"从史大林与贝文的通信看苏英关系与英美关系:塔斯社莫斯科电","时代杂志","1947","第7卷 第3/4期","16，33",NA,"上海"
"苏联艺人志:“富足的歌颂者”彼得·康恰洛夫斯基(附照片、图)","索柯洛娃 祖立","时代杂志","1947","第7卷 第27期","3页","上海"
"莫斯科中央傀儡剧场:中央傀儡剧场演出的吉伯林的“莫格里”一剧中的一场:[照片]","时代杂志","1947","第7卷 第23期","1页",NA,"上海"
"苏联观察家眼中的今日的日本:财阀:推动日本侵略的力量","马尔柯夫 何歌","时代杂志","1947","第7卷 第2期","10-11","上海"
"苏联的千面人:俄罗斯共和国人民艺人尼古拉·契尔卡索夫:契尔卡索夫在影片“波罗的海代表”中饰波列萨耶夫教授:[照片]","时代杂志","1947","第7卷 第36期","1页",NA,"上海"
"复兴中的史大林格勒:史大林格勒市中心“殉国战士”广场上的林荫路，经过修理后，已经焕然一新:[照片]","时代杂志","1947","第7卷 第39期","1页",NA,"上海"
"迎接伟大十月社会主义革命三十周纪念节:苏维埃政权与国民教育","(俄)卡拉斯尼柯夫 祖立","时代杂志","1947","第7卷 第39期","29-30","上海"
"苏联的城市:乌克兰共和国的首都基辅.图中是柯洛连科街上的达拉斯·谢夫成珂歌舞剧院:[照片]","时代杂志","1947","第7卷 第40期","1页",NA,"上海"
"苏联风景:俄罗斯中部高地的典型的景色，图为莫斯科附近莫斯科河:[照片]","时代杂志","1947","第7卷 第2期","1页",NA,"上海"
"拉丁美洲“反苏”与“反共”的背景","时代杂志","1947","第7卷 第42期","24",NA,"上海"
"普希金画传:普希金逝世后，遗体送到他的故乡米哈伊洛夫村，葬在圣山寺镇的教堂中:[画图]","时代杂志","1947","第7卷 第5期","1页",NA,"上海"
"论九国共产党情报局","宋扬","时代杂志","1947","第7卷 第43/44期","54-59","上海"
"伯力城中的要道之一:[照片]","时代杂志","1947","第7卷 第1期","1页",NA,"上海"
"世界各国青年动态:民主罗马尼亚青年近况","安基波夫 潘朗","时代杂志","1947","第7卷 第21期","26","上海"
"法国的经济问题","伊凡诺夫 何歌","时代杂志","1947","第7卷 第18期","9-10","上海"
"国际一周:美元引导下的英镑危机","莫宁","时代杂志","1947","第7卷 第31期","4-9","上海"
"伏洛聂士州“伊里奇”集体农场:集体农场的养猪场养着许多血统纯粹的猪，都经过该农场改良，又大又白:[照片]","时代杂志","1947","第7卷 第41期","1页",NA,"上海"
"国际一周:动乱的泉源","什之","时代杂志","1947","第7卷 第1期","9-10","上海"
"论国际形势(下)","日丹诺夫 雷兮","时代杂志","1947","第7卷 第50期","13-16","上海"
"迎接伟大十月社会主义革命三十周纪念节:一面镜子","巴契里斯 何歌","时代杂志","1947","第7卷 第40期","27-29","上海"
"苏联学术院全体大会:大社会场无愁宫一角.时正在倾听学术院各部书记轮流报告各部讨论候选人的结果:[照片]","时代杂志","1947","第7卷 第8期","1页",NA,"上海"
"爱的史诗:“阿白萨朗与爱蒂丽”:苏联国家大剧院的后台.俄罗斯共和国功勋艺人娜妲丽亚穿了乔治亚女子的服装，饰演爱蒂丽、俄罗斯共和国功勋艺人葛里哥利·布尔夏柯夫(饰阿白萨朗)和乔治亚共和国人民艺人大卫·迦姆列克里(饰大臣古尔曼):[照片二幅]","时代杂志","1947","第7卷 第32期","1页",NA,"上海"
"普希金画传:普希金诞生地:莫斯科雅岛查河畔一所半砖半木的房子里:[画图]","时代杂志","1947","第7卷 第5期","1页",NA,"上海"
"工作权和休息权在苏联","巴歇尔斯特尼克 黄炎","时代杂志","1947","第7卷 第16/17期","8-12","上海"
"请看希腊法西斯蒂的兽行!","何歌","时代杂志","1947","第7卷 第46期","16","上海"
"天山风景:[照片]","时代杂志","1947","第7卷 第47期","1页",NA,"上海"
"复兴了的顿巴斯:高尔洛夫卡是煤城:[照片]","时代杂志","1947","第7卷 第26期","1页",NA,"上海"
"血的教训:帝国主义日本投降两周纪念","(苏)达尔莱 何歌","时代杂志","1947","第7卷 第32期","7-9","上海"
"史大林奖金得奖舞剧:“淑露希卡”(“灰姑娘”):因演“淑露希卡”而得奖的迦丽娜·乌拉诺娃:[照片]","时代杂志","1947","第7卷 第29期","1页",NA,"上海"
"普希金画传:普希金在沙皇村中学升级时，即席咏诗:[画图]","时代杂志","1947","第7卷 第5期","1页",NA,"上海"
"保卫苏联边疆的战士在严寒中烤火:[照片]","时代杂志","1947","第7卷 第7期","封1",NA,"上海"
"苏联人民艺术家薇拉·莫馨娜:莫馨娜对于艺术理论也很注意，她常常撰写论文和作学术演讲:[照片]","时代杂志","1947","第7卷 第47期","1页",NA,"上海"
"欧美各国共产党评论九国共产党情报会议","时代杂志","1947","第7卷 第41期","6-7",NA,"上海"
"史大林奖金得奖舞剧:“淑露希卡”(“灰姑娘”)(附照片)","高明","时代杂志","1947","第7卷 第29期","2页","上海"
"杰出的苏联女雕刻家:厂里的输送机器:[照片]","时代杂志","1947","第7卷 第9期","1页",NA,"上海"
"守信善邻:[题词]","颜惠庆","时代杂志","1947","第7卷 第43/44期","5","上海"
"苏联风景:土耳克曼尼亚共和国卡拉:库梅附近沙漠中的奇葩:[照片]","时代杂志","1947","第7卷 第2期","1页",NA,"上海"
"苏联学术院全体大会:选举学术院新会员时的大会主席团:[照片]","时代杂志","1947","第7卷 第8期","2页",NA,"上海"
"论苏联的国际政策","Allen，I.S. 沈志远","时代杂志","1947","第7卷 第40期","8-14，19-20","上海"
"鲁尔煤和欧洲经济","施比尔特 樊英","时代杂志","1947","第7卷 第46期","20","上海"
"苏联巴蕾舞女艺人迦丽娜邬拉诺娃:迦丽娜心爱的山羊玛希卡，她每天喂它吃糖果:[照片]","时代杂志","1947","第7卷 第9期","1页",NA,"上海"
"苏联行(二)","茅盾","时代杂志","1947","第7卷 第6期","27","上海"
"法兰西之魂(中)","马尔蒂儿 卡龙 梁香","时代杂志","1947","第7卷 第30期","28-30","上海"
"片山内阁引日本往何处去?","巴夫洛夫 孟恢","时代杂志","1947","第7卷 第24期","22-23","上海"
"苏联锦屑:德席尔静斯基三山纺织厂出产的一种品质很高的新的棉织物:[照片]","时代杂志","1947","第7卷 第25期","1页",NA,"上海"
"莫斯科举行全联邦职工业余音乐舞蹈大会.图为为舞蹈者伴奏的乔治亚合唱队:[照片]","时代杂志","1947","第7卷 第10期","1页",NA,"上海"
"美国扩张计划的拥护者:从中国“新闻报”的言论说起","亚方宁 任谷","时代杂志","1947","第7卷 第31期","6-8","上海"
"塔齐克老人:[照片]","时代杂志","1947","第7卷 第49期","封1",NA,"上海"
"塔斯社受权声明:巴西与苏联绝交因果","时代杂志","1947","第7卷 第42期","7",NA,"上海"
"列宁格勒装饰艺术学校:雕刻班女学生摹仿雕刻米开朗琪罗的“大卫”像以研究人面的构造:[照片]","时代杂志","1947","第7卷 第32期","1页",NA,"上海"
"苏联艺人志:“富足的歌颂者”彼得·康恰洛夫斯基:读者看了这幅画，一定以为是画家康恰洛夫斯基在他自己的花园里拍的照相.其实错了.画家背后是他自己所画的一幅“苹果图”:[照片]","时代杂志","1947","第7卷 第27期","2页",NA,"上海"
"一个盛装的乌兹贝克人:[照片]","时代杂志","1947","第7卷 第2期","封1",NA,"上海"
"杰出的苏联女雕刻家:被选为苏联最高苏维埃白俄罗斯代表候选人的苏联人民女艺人腊丽萨·亚历山大洛夫斯卡亚:[照片]","时代杂志","1947","第7卷 第9期","1页",NA,"上海"
"纪念孙中山先生逝世廿二周年","鲍罗廷 何歌","时代杂志","1947","第7卷 第9期","3","上海"
"创造胜利的人们:苏联英雄，近卫军军厨尼古拉·多尔马淑夫是柏林突击战的英雄.他用自动枪和机关枪的本领也不下于下厨房烹饪的艺术:[照片]","时代杂志","1947","第7卷 第18期","1页",NA,"上海"
"列宁格勒夏花园:三、夏花园中的林荫大道:[照片]","时代杂志","1947","第7卷 第22期","1页",NA,"上海"
"从日内瓦会议看美国经济扩张","瓦尔加 端纳","时代杂志","1947","第7卷 第37期","11-14，29-30","上海"
"国际一周:美国的反共连锁","莫宁","时代杂志","1947","第7卷 第34期","8-10","上海"
"莫斯科(中)","米哈伊洛夫 梁香","时代杂志","1947","第7卷 第16/17期","42-46","上海"
"国际一周:金元闪烁下的西欧","伊莉娜","时代杂志","1947","第7卷 第28期","4-5，28","上海"
"机械化的苏联农业:土耳克曼的“布尔雪维克”集体农场耕种棉花时用的特殊机器:[照片]","时代杂志","1947","第7卷 第34期","1页",NA,"上海"
"造书工厂:莫斯科第一模范印刷厂:第一模范印刷厂最老的排字工人德洛莫夫.图为德洛莫夫检查刚铸成的铅字:[照片]","时代杂志","1947","第7卷 第28期","1页",NA,"上海"
"国际一周:美元所到之处","齐林柯","时代杂志","1947","第7卷 第42期","4-7","上海"
"论九国共产党情报会议","时代杂志","1947","第7卷 第41期","6",NA,"上海"
"造书工厂:莫斯科第一模范印刷厂:第一模范印刷厂平版机印刷工场.每年可以印刷七千万张彩色印刷物:[照片]","时代杂志","1947","第7卷 第28期","1页",NA,"上海"
"国民经济国家计划化:苏联最重要的优点","柯塞廖夫 祖立","时代杂志","1947","第7卷 第43/44期","22-25","上海"
"乔治亚共和国首都特比里西:特比里西古城残迹一角:[照片]","时代杂志","1947","第7卷 第33期","2页",NA,"上海"
"造书工厂:莫斯科第一模范印刷厂:第一模范印刷厂的出品:[照片]","时代杂志","1947","第7卷 第28期","1页",NA,"上海"
"苏联最新木刻杰作选:无家可归:[木刻]","波列柯夫","时代杂志","1947","第7卷 第16/17期","1页","上海"
"今年五一劳动节的意义","奥列休克 范照","时代杂志","1947","第7卷 第16/17期","6","上海"
"爱的史诗:“阿白萨朗与爱蒂丽”:歌剧“阿白萨朗与爱蒂丽”中之一场:在阿比奥宫中:[照片]","时代杂志","1947","第7卷 第32期","1页",NA,"上海"
"国际人物画象:小邱吉尔","波高亭 雷兮","时代杂志","1947","第7卷 第50期","24-25","上海"
"蒙古人民共和国文化生活:该电影场拍摄蒙古人民共国二十五周年立国纪念的记录影片:[照片]","时代杂志","1947","第7卷 第19期","1页",NA,"上海"
"世界地理志:加拿大(附图)","叶尔马什夫 邓梅","时代杂志","1947","第7卷 第35期","27-30","上海"
"苏联民用航空事业:大特齐克，沙俄时代本是一个落后的殖民地，现在集体农民们到大特齐克共和国首都史大林那巴德去时都可以乘坐飞机了:[照片]","时代杂志","1947","第7卷 第14期","1页",NA,"上海"
"莫斯科建都八百周年纪念:从莫斯科河上远眺的景色:[照片]","时代杂志","1947","第7卷 第35期","1页",NA,"上海"
"苏联武力部长苏联大元帅约瑟夫·史大林:[照片]","时代杂志","1947","第7卷 第7期","1页",NA,"上海"
"苏联第四次五年计划第一年总结","叶戈洛夫 祖立","时代杂志","1947","第7卷 第5期","12，11","上海"
"苏联的城市:西比利亚工业中心库兹巴斯的史大林斯克.这是十月革命之后在苏维埃时代开拓出来的新城市:[照片]","时代杂志","1947","第7卷 第40期","1页",NA,"上海"
"苏联在建设中:史大林格勒曳引机制造厂中新__的炼铁部:[照片]","时代杂志","1947","第7卷 第6期","1页",NA,"上海"
"杰出的苏联女雕刻家:存储已经制成的罐头鱼的栈房:[照片]","时代杂志","1947","第7卷 第9期","1页",NA,"上海"
"美国在伊朗","巴希基洛夫 祖立","时代杂志","1947","第7卷 第26期","19-20","上海"
"向华尔街屈膝中的英国","维克多洛夫 何歌","时代杂志","1947","第7卷 第35期","11-12","上海"
"面目一新的德国东部苏联占领区:一、反纳粹工作与民主建设","伏尔金 尚天","时代杂志","1947","第7卷 第7期","24-25","上海"
"苏联全国业余艺术表演大会:莫斯科工程师与技师宫，里加中央工人俱乐部和斯维尔德洛夫斯克乌拉尔机器制造厂文化宫三个团体组织的联合大交响乐队:[照片]","时代杂志","1947","第7卷 第11期","2页",NA,"上海"
"爱的史诗:“阿白萨朗与爱蒂丽”(附照片)","时代杂志","1947","第7卷 第32期","3页",NA,"上海"
"苏联体育新闻:巴黎世界举重比赛的胜利者:[照片]","时代杂志","1947","第7卷 第13期","1页",NA,"上海"
"“德国丑闻”及其他","时代杂志","1947","第7卷 第6期","13-14",NA,"上海"
"竖起了起来:竖立起来的不是铜像而是普希金他本人","臧克家","时代杂志","1947","第7卷 第5期","7","上海"
"战后苏联经济的繁荣","彿罗洛夫 何歌","时代杂志","1947","第7卷 第49期","27-29","上海"
"美国扩张主义的史的发展(下)","李昂季叶夫 黄岩","时代杂志","1947","第7卷 第40期","21-25","上海"
"他们不是孤儿:学童们制造玩具:[照片]","时代杂志","1947","第7卷 第31期","1页",NA,"上海"
"四国外长在莫斯科:三月二十五日，莫斯科外长会议四国外长莅临国家歌舞大剧院参观舞剧“罗米欧与朱丽叶”.图中自左至右第二人起是皮杜，莫洛托夫夫人，贝文，莫洛托夫，皮杜夫人，马歇尔，维辛斯基:[照片]","时代杂志","1947","第7卷 第21期","1页",NA,"上海"
"论美国军国主义的成长","迦拉克季昂诺夫 罗凉","时代杂志","1947","第7卷 第2期","14，19-20","上海"
"复兴中的史大林格勒:这所房屋，在史大林格勒之战的时候，曾为巴甫洛夫中士及其部下所坚守苦战:[照片]","时代杂志","1947","第7卷 第39期","1页",NA,"上海"
"蒙古人民共和国的文化建设:全国第一所公共图书馆:蒙古人民共和国国立图书馆在乌朗一巴托尔成立.图为阅览室:[照片]","时代杂志","1947","第7卷 第12期","1页",NA,"上海"
"苏联最新木刻杰作选:“沙逊大卫”插图:[木刻二幅]","毕柯夫","时代杂志","1947","第7卷 第16/17期","1页","上海"
"国际一周:德国和日本","什之","时代杂志","1947","第7卷 第1期","8-9","上海"
"苏联是怎样扫除文盲的?","李夫兴 何歌","时代杂志","1947","第7卷 第43/44期","42-45","上海"
"乔治亚共和国首都特比里西:该街道头上的旭展·鲁斯达维里纪念像:[照片]","时代杂志","1947","第7卷 第33期","1页",NA,"上海"
"法兰西之魂(下)","琪恩 彼埃尔 梁香","时代杂志","1947","第7卷 第31期","28-30","上海"
"一笔血债:希特勒德国在苏联的暴行录:明斯克:[照片]","时代杂志","1947","第7卷 第25期","8",NA,"上海"
"一笔血债:希特勒德国在苏联的暴行录(附照片)","(苏)特拉伊宁 蓝吉","时代杂志","1947","第7卷 第25期","7-10","上海"
"国际一周:两种和平的对立","鲁斯金","时代杂志","1947","第7卷 第49期","4-5，29-30","上海"
"苏联的报纸:奥洛西亚少女手持报纸阅读:[照片]","时代杂志","1947","第7卷 第20期","1页",NA,"上海"
"韩国的农业问题","斯摩伦斯基 英","时代杂志","1947","第7卷 第15期","14，19","上海"
"苏联的城市:从鹰山上遥望的远东大港海参崴.后面是虎山，右面是港口:[照片]","时代杂志","1947","第7卷 第40期","2页",NA,"上海"
"论社会发展学说史(五)","亚历山大洛夫 梁香","时代杂志","1947","第7卷 第9期","30","上海"
"苏联的神行太保:是莫斯科厂出的第一辆“明星”号竞赛汽车:[照片]","时代杂志","1947","第7卷 第20期","封1",NA,"上海"
"苏联人民艺人·雕刻家赛尔盖·梅尔库洛夫，史大林文艺奖金得奖者:梅氏检视那些从他的草稿铸成的戈果理小雕像:[照片]","时代杂志","1947","第7卷 第37期","2页",NA,"上海"
"苏联十大象棋大师:曾七度获苏联象棋锦标的米哈伊尔·波特文尼克.图为波氏参加格洛宁根国际比赛大会:[照片]","时代杂志","1947","第7卷 第27期","1页",NA,"上海"
"国际评论:匈牙利政潮及其他","时代杂志","1947","第7卷 第23期","4，29",NA,"上海"
"历史性的法令","维辛斯基","时代杂志","1947","第7卷 第21期","6-7","上海"
"朝鲜南部的政党","斯摩伦斯基 草婴","时代杂志","1947","第7卷 第21期","12-13","上海"
"他们不是孤儿:星期日，学童们游戏:[照片]","时代杂志","1947","第7卷 第31期","1页",NA,"上海"
"杰尔静斯基厂职工组织的班陀拉琴乐队:[照片]","时代杂志","1947","第7卷 第11期","封1",NA,"上海"
"美国资本家与希特勒德国独占资本的关系","希斯金 何歌","时代杂志","1947","第7卷 第7期","14","上海"
"苏联炮兵学研究院成立:炮兵学研究院院长炮兵中将勃拉龚拉伏夫，生于一八九四年七月二日:[照片]","时代杂志","1947","第7卷 第7期","1页",NA,"上海"
"列宁和史大林:多民族的苏维埃国家的组织者(附图)","巴斯金 达章","时代杂志","1947","第7卷 第43/44期","10-11","上海"
"伏洛聂士州“伊里奇”集体农场的畜牧场:[照片]","时代杂志","1947","第7卷 第41期","封1",NA,"上海"
"中苏友谊的历史性文献:纪念中国第一个平等条约二十三周年","倍雷维泰洛","时代杂志","1947","第7卷 第22期","6-7","上海"
"莫斯科中央傀儡剧场:中央傀儡剧场演出的吉伯林的神话剧“莫格里”中的许多动物和它们的表演者.中央左首是奥勃拉兹卓夫:[照片]","时代杂志","1947","第7卷 第23期","1页",NA,"上海"
"苏联生活:莫斯科赛马日的马车竞赛:[照片]","时代杂志","1947","第7卷 第21期","1页",NA,"上海"
"论英法关系","泰伊庚 移模","时代杂志","1947","第7卷 第18期","11-14","上海"
"母亲与儿童在苏联:新五年计划及母性与儿童的问题","(苏)柯夫黎金娜 何歌","时代杂志","1947","第7卷 第9期","7-9","上海"
"联合全世界进步人士为和平而奋斗:在南斯拉夫民族阵线大会上的演辞","铁托","时代杂志","1947","第7卷 第41期","8，30","上海"
"国际一周:向和平挺进!","齐林珂","时代杂志","1947","第7卷 第41期","4，27-29","上海"
"德国工人的经济状况","华西里叶夫 思立","时代杂志","1947","第7卷 第50期","23","上海"
"国际一周:在世界上谁能快乐而自由?","鲁斯金","时代杂志","1947","第7卷 第50期","4-7","上海"
"动荡中的义大利政局","雷丁","时代杂志","1947","第7卷 第48期","22-23","上海"
"莫斯科庆祝建城八百周年纪念节:九月七日早上七时普希金广场的盛况.远处为节日市场:[照片]","时代杂志","1947","第7卷 第42期","1页",NA,"上海"
"列宁和史大林:苏维埃国家的创造者:列宁和史大林在一九一七年:[画图]","谢洛夫","时代杂志","1947","第7卷 第43/44期","1页","上海"
"迎接伟大十月社会主义革命三十周纪念节:在走向社会主义革命的路上","阿齐翔 何歌","时代杂志","1947","第7卷 第38期","27-30","上海"
"“民主”乎?反动乎?:日本经济危机的原因","彼得斯基 何歌","时代杂志","1947","第7卷 第22期","19-20","上海"
"援助复兴和自力复兴","南民","时代杂志","1947","第7卷 第28期","6-7，30","上海"
"他们不是孤儿:女孩子们爱好刺绣:[照片]","时代杂志","1947","第7卷 第31期","1页",NA,"上海"
"史大林奖金得奖舞剧:“淑露希卡”(“灰姑娘”)在莫斯科国家大剧院舞台上:王宫舞会上的“三苹果”舞:[照片]","时代杂志","1947","第7卷 第30期","1页",NA,"上海"
"普通人和生意人:美国杂记之二","树柯夫 孟恢","时代杂志","1947","第7卷 第26期","21-22","上海"
"莫斯科建都八百周年纪念:莫斯科红场，每逢节日，苏联人民在这里举行检阅和游行，左面是克里姆林宫，宫墙下是列宁陵墓:[照片]","时代杂志","1947","第7卷 第35期","1页",NA,"上海"
"乔治亚共和国首都特比里西:马克思--恩格斯--列宁学院，是鲁斯达维里大街上的漂亮建筑物之一，记计者是史大林奖金得奖者建筑学院会员A.休赛夫:[照片]","时代杂志","1947","第7卷 第33期","1页",NA,"上海"
"国际一周:一个世界·两个制度","鲁斯金","时代杂志","1947","第7卷 第45期","4-7","上海"
"编辑室:本期是献给七月十四日法国国庆纪念的……","时代杂志","1947","第7卷 第28期","30",NA,"上海"
"苏联最新木刻杰作选:列宁·高尔基与渔夫谈话:[木刻]","波列柯夫","时代杂志","1947","第7卷 第16/17期","1页","上海"
"立体电影在苏联:苏联第一部文艺立体影片“罗滨逊漂流记”:[照片]","时代杂志","1947","第7卷 第13期","1页",NA,"上海"
"人民教育家陶行知先生逝世周年祭:一切着眼于救国:救国老人沈衡山(钧儒)先生追述陶行知先生往事","沈钧儒 方与严","时代杂志","1947","第7卷 第29期","9-12，30","上海"
"高加索卡巴亭女子:[照片]","时代杂志","1947","第7卷 第47期","封1",NA,"上海"
"莫斯科全景(附照片)","莱蒙托夫 葆荃","时代杂志","1947","第7卷 第35期","4页","上海"
"国际一周:正义与印尼在一起","莫宁","时代杂志","1947","第7卷 第30期","4-6，9","上海"
"莫斯科城郊的十八世纪建筑:花园中上层平坛和下层平坛的雕刻及花坛:[照片]","时代杂志","1947","第7卷 第39期","1页",NA,"上海"
"英国武力在阿剌伯东方","庐茨基 何歌","时代杂志","1947","第7卷 第3/4期","29-30","上海"
"体育在苏联(附照片)","吉尔莫","时代杂志","1947","第7卷 第29期","14，1页","上海"
"一笔血债:希特勒德国在苏联的暴行录:史大林格勒:[照片]","时代杂志","1947","第7卷 第25期","10",NA,"上海"
"造书工厂:莫斯科第一模范印刷厂:第一模范印刷厂现在正印刷史大林文集.在一九四七年中，将出版七卷.图为最近出版的第三卷:[照片]","时代杂志","1947","第7卷 第28期","1页",NA,"上海"
"匈牙利作家笔下的苏联(附图)","亚迪 柯米亚特 梁香","时代杂志","1947","第7卷 第25期","27-30","上海"
"美国文学在苏联","马基德夫 鸣骑","时代杂志","1947","第7卷 第10期","23-26，30","上海"
"纪念高尔基","马尔沙克 草婴","时代杂志","1947","第7卷 第24期","12-14","上海"
"史大林答小罗斯福问","时代杂志","1947","第7卷 第3/4期","7-8",NA,"上海"
"关于英国外交政策:一个英国读者和苏联“新时代”杂志编者的通讯:致“新时代”杂志编者函","马歇尔 罗凉","时代杂志","1947","第7卷 第3/4期","17-18","上海"
"“消息报”是怎样出版的?","普朗宁 草婴","时代杂志","1947","第7卷 第20期","19-21","上海"
"莫斯科外长会议成功的关键:苏联“新时代”杂志社论","时代杂志","1947","第7卷 第10期","6，30",NA,"上海"
"梵谛冈的反民主活动(上)","迦林 罗凉","时代杂志","1947","第7卷 第15期","23-26","上海"
"立体电影在苏联:苏联立体电影发明者，史大林奖金得奖者谢妙·伊凡诺夫，在实验室中工作情形:[照片]","时代杂志","1947","第7卷 第13期","1页",NA,"上海"
"论阿刺伯民族解放运动","华西里叶夫","时代杂志","1947","第7卷 第3/4期","31，22","上海"
"对德和约中的德国政治问题(下)","梅尔尼柯夫 张俗","时代杂志","1947","第7卷 第50期","19-22","上海"
"全世界各国人民送给史大林的礼物:捷克斯洛伐克库苏麦克·诺伐·梅斯多城所送的斯洛伐克民族英雄雅诺塞克木刻雕像:[照片]","时代杂志","1947","第7卷 第48期","1页",NA,"上海"
"苏联的无线电机制造厂:从废墟之中站立起来和更加增强的伏洛聂士“电信”无线电机制造厂:制造完成的无线电收音机:[照片]","时代杂志","1947","第7卷 第36期","2页",NA,"上海"
"关于希腊问题:八月四日在联合国机构安全理事会席上的演词","葛罗米柯","时代杂志","1947","第7卷 第32期","13-14，19-20","上海"
"苏联景色:克拉斯诺雅尔斯克区叶尼塞河:[照片]","时代杂志","1947","第7卷 第24期","1页",NA,"上海"
"苏联各民族的兄长(四):“俄罗斯土地”第二篇","米哈伊洛夫 梁香","时代杂志","1947","第7卷 第24期","24-26，23","上海"
"普希金颂","强布尔 白寒","时代杂志","1947","第7卷 第5期","6","上海"
"克里姆林沙皇故宫:由餐室通达觐见室的走廊:[照片]","时代杂志","1947","第7卷 第15期","1页",NA,"上海"
"今日的印度(下):战后印度的农民运动","戈尔维契 潘光祖","时代杂志","1947","第7卷 第31期","12-13","上海"
"莫斯科中央傀儡剧场:中央傀儡剧场导演主任葛罗莫夫:[照片]","时代杂志","1947","第7卷 第23期","1页",NA,"上海"
"对德战争胜利日在莫斯科:对德战争胜利日在普希金广场上的市场:[照片]","时代杂志","1947","第7卷 第18期","1页",NA,"上海"
"莫斯科中央傀儡剧场:[照片]","时代杂志","1947","第7卷 第23期","封1",NA,"上海"
"苏联民用航空事业:一架飞机运五千册新书到乌兹贝克斯坦的萨玛干，另外再由几架飞机分送到山里的村镇中去:[照片]","时代杂志","1947","第7卷 第14期","1页",NA,"上海"
"巴蕾舞蹈家亚拉·谢列斯特:亚拉·谢列斯特在钢琴前:[照片]","时代杂志","1947","第7卷 第29期","1页",NA,"上海"
"美国扩张主义的经济基础(上)","李昂季叶夫 移模","时代杂志","1947","第7卷 第41期","9-11","上海"
"苏联的农业:苏联的国营农场","罗巴诺夫 何歌","时代杂志","1947","第7卷 第34期","24-25","上海"
"一九四一年六月二十二日纪念希特勒德国背信进攻苏联六周年","时代杂志","1947","第7卷 第25期","6",NA,"上海"
"时代书报出版社五年(附照片)","罗果夫","时代杂志","1947","第7卷 第34期","4-7","上海"
"“长明灯”的火焰更光辉了:纪念鲁迅先生十一周年忌辰","夏康农","时代杂志","1947","第7卷 第42期","25-26","上海"
"苏联动态:苏联北极区新地岛上的猎人，猎获白熊一头.时为夏天，故雾气弥漫，颇能传达出当地夏季的境界:[照片]","时代杂志","1947","第7卷 第10期","2页",NA,"上海"
"国际一周:美国新国会开幕","什之","时代杂志","1947","第7卷 第2期","3-4","上海"
"武装队伍活跃，德境英军占领区","罗凉","时代杂志","1947","第7卷 第7期","22-23","上海"
"苏联各加盟共和国与自治共和国的最高国家政权机关与国家行政机关","卡尔宾斯基 尚天","时代杂志","1947","第7卷 第6期","6-7","上海"
"“噤若寒蝉”解:读傅雷先生“我们对于美苏关系的态度”","章重","时代杂志","1947","第7卷 第16/17期","36-38","上海"
"苏联景色:伏尔加河支流:[照片]","时代杂志","1947","第7卷 第24期","1页",NA,"上海"
"苏联生活:莫斯科赛马日的观众:[照片]","时代杂志","1947","第7卷 第21期","1页",NA,"上海"
"民主东南欧的工人和农民:民主东南欧的农民运动","康斯坦丁诺夫斯基 何歌","时代杂志","1947","第7卷 第25期","20-23","上海"
"苏联在建设中:萨波洛兹耶钢铁厂中最新装置的第三号熔矿炉:[照片]","时代杂志","1947","第7卷 第42期","1页",NA,"上海"
"苏联的城市:哥萨赫共和国首都阿尔玛-阿达的加里宁街:[照片]","时代杂志","1947","第7卷 第40期","1页",NA,"上海"
"捷克的经济建设","梅特维杰夫 樊英","时代杂志","1947","第7卷 第20期","11-12","上海"
"苏联的报纸:高加索卡巴亭区报编辑摩哈比亲自到田野里去向集体农民们解释最近的时事:[照片]","时代杂志","1947","第7卷 第20期","1页",NA,"上海"
"莫斯科地下铁道:莫斯科地下铁道的车厢，设备极尽舒适的能事:[照片]","时代杂志","1947","第7卷 第36期","1页",NA,"上海"
"冬春之间","张沛","时代杂志","1947","第7卷 第3/4期","11-15","上海"
"反对战争贩子的斗争:九月廿六日在纽约记者招待会上的演讲(附照片)","维辛基斯","时代杂志","1947","第7卷 第42期","10-13","上海"
"战后国际和平建设的领导者:巴黎和会上的白俄罗斯代表团.第一排左首第二人为代表团团长吉赛列夫:[照片]","时代杂志","1947","第7卷 第6期","1页",NA,"上海"
"十月革命和中国","倍雷维尔泰洛 云林","时代杂志","1947","第7卷 第43/44期","18-19","上海"
"幸福的苏联公民回返祖国:(三)神父罗高静为返国者祝福:[照片]","时代杂志","1947","第7卷 第34期","1页",NA,"上海"
"幸福的苏联公民回返祖国:(四)一部份返国者与“伊里奇”号船员合影:[照片]","时代杂志","1947","第7卷 第34期","1页",NA,"上海"
"旅行杂记:今日丹麦的浮雕","查斯拉夫斯基 樊英","时代杂志","1947","第7卷 第3/4期","38-41","上海"
"巴蕾舞蹈家亚拉·谢列斯特:亚拉·谢列斯特在家里阅读:[照片]","时代杂志","1947","第7卷 第29期","1页",NA,"上海"
"杰出的苏联女雕刻家:大特齐克集体农女奥古尔:[照片]","时代杂志","1947","第7卷 第9期","1页",NA,"上海"
"苏联共产党中央委员会全会关于农业发展的决议案","时代杂志","1947","第7卷 第9期","24-25",NA,"上海"
"绣在地毯上的苏联元帅象:人民装饰艺术展览会上陈列的亚塞哈巴德匠人的杰作:苏联元帅树柯夫:[照片]","时代杂志","1947","第7卷 第7期","1页",NA,"上海"
"莫斯科中央傀儡剧场:中央傀儡剧场的创立者和演出者赛尔格·奥勃拉兹卓夫:[照片]","时代杂志","1947","第7卷 第23期","1页",NA,"上海"
"列宁格勒夏花园:七、休假日子的夏花园:[照片]","时代杂志","1947","第7卷 第22期","1页",NA,"上海"
"希腊侵犯阿尔巴尼亚的证据","沙基洛夫 任谷","时代杂志","1947","第7卷 第46期","14-16","上海"
"国际一周:真理只有一个!","齐林柯","时代杂志","1947","第7卷 第40期","4-5，29-30","上海"
"史大林奖金得奖舞剧:“淑露希卡”(“灰姑娘”):莫斯科苏联国家大剧院演出舞剧“淑露希卡”.图为第二幕王宫舞会的场面:[照片]","时代杂志","1947","第7卷 第29期","1页",NA,"上海"
"国际一周:苏联不要战争!","苏宾","时代杂志","1947","第7卷 第38期","4-7","上海"
"论社会发展学说史(七)","亚历山大洛夫 梁香","时代杂志","1947","第7卷 第11期","26-30","上海"
"今日的印度(上):印度共产党对目前时局的声明:论印度分治(附图)","黄培","时代杂志","1947","第7卷 第30期","12-14，19-21","上海"
"“民主”乎?反动乎?:日本阁潮的原因","顾德里亚夫采夫","时代杂志","1947","第7卷 第22期","13-14","上海"
"蒙古人民共和国的文化建设:乌朗-巴托尔市立医院的生产病院:[照片]","时代杂志","1947","第7卷 第12期","2页",NA,"上海"
"苏联艺人志:“富足的歌颂者”彼得·康恰洛夫斯基:画家的家庭:[照片]","时代杂志","1947","第7卷 第27期","1页",NA,"上海"
"关于德国问题:一九四七年十一月二十一日在盟国管制委员会会议席上的声明","(苏)索柯洛夫斯基","时代杂志","1947","第7卷 第49期","13-19","上海"
"典型的土耳克曼人:[照片]","时代杂志","1947","第7卷 第42期","封1",NA,"上海"
"苏联炮兵学研究院成立:炮兵总元帅伏龙诺夫主持成立典礼:[照片]","时代杂志","1947","第7卷 第7期","1页",NA,"上海"
"关于裁军委员会:一月十五日在安全理事会会议席的演辞","葛罗米柯","时代杂志","1947","第7卷 第3/4期","9-10","上海"
"环绕莫斯科周围(下):“俄罗斯土地”第三篇","米哈伊洛夫 梁香","时代杂志","1947","第7卷 第34期","29-30","上海"
"“制造舆论的工厂”","李昂季叶夫 潘朗","时代杂志","1947","第7卷 第16/17期","31-32","上海"
"世界各国青年动态:日本青年近况","契珂娃 草婴","时代杂志","1947","第7卷 第2期","13","上海"
"苏联的农业:苏联农民和平劳动二年","(苏)罗巴诺夫 符之良","时代杂志","1947","第7卷 第34期","20-21","上海"
"苏联的农业:战后苏联农业发展计划","柯塞廖夫 何歌","时代杂志","1947","第7卷 第34期","22-23","上海"
"列宁格勒夏花园:一、列宁格勒夏花园朝向聂瓦河一面的大门:[照片]","时代杂志","1947","第7卷 第22期","1页",NA,"上海"
"罗马尼亚工人的成就","夏基洛夫 移模","时代杂志","1947","第7卷 第21期","25，24","上海"
"吉尔吉斯苏维埃共和国:该共和国最老的“牧牛童”库尔布尔迪·多孔巴耶夫，现在是吉尔吉斯共和国最高苏维埃代表:[照片]","时代杂志","1947","第7卷 第38期","1页",NA,"上海"
"莫斯科中央傀儡剧场:舞台上演得活龙活现的神话剧中的通灵性的动物，其实都是在幕后由演员的“魔手”做出来的:[照片]","时代杂志","1947","第7卷 第23期","1页",NA,"上海"
"莫斯科地下铁道:莫斯科地下铁道车站之一.整个建筑充满着光明和欢乐的气氛:[照片]","时代杂志","1947","第7卷 第36期","1页",NA,"上海"
"悼韬奋诗","柳亚子","时代杂志","1947","第7卷 第29期","11","上海"
"关于联合国机构的武力问题:六月八日在联合国机构安全理事会会议席上的演词","葛罗米柯","时代杂志","1947","第7卷 第23期","5-9，30","上海"
"苏联的无线电机制造厂:从废墟之中站立起来和更加增强的伏洛聂士“电信”无线电机制造厂:“电信”工厂装配工场之一:[照片]","时代杂志","1947","第7卷 第36期","1页",NA,"上海"
"波兰经济的复兴","阿芬宁 樊英","时代杂志","1947","第7卷 第27期","10-11，22","上海"
"南菲联邦的殖民欲","拉查列夫 何歌","时代杂志","1947","第7卷 第3/4期","34","上海"
"英国政界的反美潮","瓦尔加 尚天","时代杂志","1947","第7卷 第13期","7-8","上海"
"苏联学术院全体大会:学术院会员席林斯基在确立推选莫洛托夫为苏联学术院荣誉会员的大会记录上签字:[照片]","时代杂志","1947","第7卷 第8期","1页",NA,"上海"
"吉尔吉斯苏维埃共和国:吉尔吉斯国营马厂工人居住的一家一宅的宿舍:[照片]","时代杂志","1947","第7卷 第38期","1页",NA,"上海"
"最后的王牌","张沛","时代杂志","1947","第7卷 第5期","13-14，19-20","上海"
"纪念五五苏联出版节:关于出版的自由和责任","查斯拉夫斯基 尚天","时代杂志","1947","第7卷 第16/17期","22，27-30","上海"
"苏联版英国文学史","萨马林 移谟","时代杂志","1947","第7卷 第14期","25-27","上海"
"苏联各民族的兄长:“俄罗斯土地”第二篇(未完)","米哈伊洛夫 梁香","时代杂志","1947","第7卷 第21期","28-30","上海"
"苏联作家答英国作家问(下)","移模","时代杂志","1947","第7卷 第39期","22-25","上海"
"史大林宪法创立十一周纪念:苏维埃宪法的世界意义","(苏)特拉伊宁 何歌","时代杂志","1947","第7卷 第48期","26-30","上海"
"社会主义革命和旧知识份子:“知识份子在苏联”之二","柯伐列夫 樊英","时代杂志","1947","第7卷 第30期","25-27","上海"
"苏联巴蕾舞女艺人迦丽娜邬拉诺娃:迦丽娜·邬拉诺娃在休息时期并不中断练习.她每天仍要在露天新鲜空气中练习数小时:[照片]","时代杂志","1947","第7卷 第9期","1页",NA,"上海"
"一九四七年苏联国民经济复兴与发展计划","时代杂志","1947","第7卷 第9期","22-23，25",NA,"上海"
"国际一周:破坏莫斯科会议的企图","牛宜偶","时代杂志","1947","第7卷 第10期","4-5，29","上海"
"苏联行:一、“斯摩尔纳”号","茅盾","时代杂志","1947","第7卷 第1期","40","上海"
"蒙古人民共和国的文化建设:建设学校教育:乌朗-巴托尔(即库伦)新造的一所十年制学校:[照片]","时代杂志","1947","第7卷 第12期","2页",NA,"上海"
"苏联雕刻家梅尔库洛夫:苏联人民艺人雕刻家赛尔盖·梅尔库洛夫:[照片]","时代杂志","1947","第7卷 第37期","1页",NA,"上海"
"莫斯科:苏联学术中心(附照片)","勃拉斯拉夫斯基 何歌","时代杂志","1947","第7卷 第35期","2页","上海"
"伏洛聂士州“伊里奇”集体农场:集体农场中的养马场主任伊凡·伏洛比尧夫，是一个养马的能手.图中他牵在手中的是两岁大的良马“季希那”，这匹马今年将参加莫斯科赛马场的比赛:[照片]","时代杂志","1947","第7卷 第41期","1页",NA,"上海"
"莫斯科八百年光荣战斗历史:一九○五年第一次俄罗斯革命·莫斯科市街战:[画图]","符拉其米洛夫","时代杂志","1947","第7卷 第35期","1页","上海"
"立体电影在苏联:S.伊凡诺夫发明的强光度立体电影银幕:[照片]","时代杂志","1947","第7卷 第13期","1页",NA,"上海"
"苏联体育新闻:苏联重量级举重冠军葛里高利·诺伐克创世界新纪录:双手慢举127.5公斤，快举--130公斤:[照片]","时代杂志","1947","第7卷 第13期","1页",NA,"上海"
"苏联生活:苏联南方各区已开始春耕工作.图为乌克兰某集体农场工作时的耕种机:[照片]","时代杂志","1947","第7卷 第12期","1页",NA,"上海"
"美国政党的特点:“美国政党内幕”之一","符龙斯基 何歌","时代杂志","1947","第7卷 第10期","13-14","上海"
"谈苏侨归国(上)","南民","时代杂志","1947","第7卷 第30期","7-9","上海"
"印度之行","(苏)伏尔金 潘光祖","时代杂志","1947","第7卷 第31期","19-23","上海"
"美国的职工会运动(下)","马尔金 何歌","时代杂志","1947","第7卷 第18期","23-25","上海"
"社会民主党和工人团结运动","伊凡诺夫 邓梅","时代杂志","1947","第7卷 第45期","25-30","上海"
"伟大十月社会主义革命三十周纪念节:莫洛托夫报告:莫斯科市苏维埃庆祝大会席上(一九四七年十一月六日)(附图)","莫洛托夫","时代杂志","1947","第7卷 第45期","8-14","上海"
"苏联在建设中:白俄罗斯共和国莫吉廖夫城德聂泊尔河上，有一座大桥被德国法西斯党徒所毁坏，现在已经重造了一座新桥:[照片]","时代杂志","1947","第7卷 第42期","1页",NA,"上海"
"苏联最新木刻杰作选:德国侵略者在俄罗斯:[木刻]","波列柯夫","时代杂志","1947","第7卷 第16/17期","1页","上海"
"东京日本人列队领取以杂粮代米的十天的口粮，与上海日侨在酒肆咖啡店中之胡天胡帝而其他居民之节衣缩食，恰成一绝好的对照:[照片]","时代杂志","1945","第5卷 第21期","封2",NA,"上海"
"希腊近状(附图)","夏吉洛夫","时代杂志","1945","第5卷 第17期","12-14","上海"
"在东普鲁士(续完)","爱伦堡","时代杂志","1945","第5卷 第10期","24-26","上海"
"史大林画传(下):一九三五年出席第一次史达哈诺夫运动者大会发表演说的史大林:[画图]","时代杂志","1945","第5卷 第25期","封3",NA,"上海"
"特写:柏林市街战:在西门子厂旁","时代杂志","1945","第5卷 第2期","21",NA,"上海"
"苏联的特色:文化生活在苏联:城市居民远足郊外，调剂生活.图为卡萨赫斯坦群山中的旅行者:[照片]","时代杂志","1945","第5卷 第19期","18",NA,"上海"
"波兰问题:史大林演词","时代杂志","1945","第5卷 第1期","15-16",NA,"上海"
"苏联的城市:在不断的改造着，新屋不断建造着……日新月异，刻刻改观:为纪念列宁格勒英勇的保卫者，近将于被德军所毁的普尔可夫天文台附近建造一纪念碑.图为该纪念碑设计图样:[画图]","时代杂志","1945","第5卷 第11期","封2",NA,"上海"
"四年来的文献摘要:希特勒进兵莫斯科及其结果……(附图)","时代杂志","1945","第5卷 第9期","5-7",NA,"上海"
"高尔基研究:我们的高尔基:高氏逝世九周年:高尔基雕像:[雕像]","施维卓夫 莫馨娜","时代杂志","1945","第5卷 第8期","26","上海"
"红军进入德土:德城达尔齐特被苏联第三乌克兰战线军队占领时情形:[照片]","时代杂志","1945","第5卷 第1期","封2",NA,"上海"
"国际一周:三头会议前奏","时代杂志","1945","第5卷 第12期","9",NA,"上海"
"国际一周:法兰西复兴议会开幕","时代杂志","1945","第5卷 第12期","11",NA,"上海"
"劝酒歌:“东方民族歌舞大会串”插曲:[歌曲]","柳巴尔 嘉喜善","时代杂志","1945","第5卷 第9期","21","上海"
"到柏林之路:(三)在勃伦登堡省","葛洛斯曼","时代杂志","1945","第5卷 第7期","24-26","上海"
"苏联的母亲英雄:三代同堂的贝里亚叶夫家:[照片]","时代杂志","1945","第5卷 第7期","封2",NA,"上海"
"国际一周:瑞典的反苏","时代杂志","1945","第5卷 第6期","16",NA,"上海"
"特写:柏林之战:“攻不破”的柏林","时代杂志","1945","第5卷 第3期","16",NA,"上海"
"旧金山会议席上莫洛托夫演词(附照片)","时代杂志","1945","第5卷 第2期","5-8",NA,"上海"
"高尔基研究:我们的高尔基:高氏逝世九周年(附图)","施维卓夫","时代杂志","1945","第5卷 第8期","25-26","上海"
"莫斯科胜利阅兵:检阅时苏联战士将战斗时所夺获的德国法西斯军队的旗帜，垂在列宁陵墓的脚下.这是象征对德国法西斯的完全胜利.后来这些旗帜又都抛在史大林的脚前:[照片]","时代杂志","1945","第5卷 第17期","封3",NA,"上海"
"点将录(2):苏联元帅沙波希尼珂夫(附图)","时代杂志","1945","第5卷 第3期","23",NA,"上海"
"“苏维埃社会主义共和国联邦宫”(简称“苏维埃宫”)","维歇鲁兴","时代杂志","1945","第5卷 第24期","21-23","上海"
"苏联海军扬威海外:苏联海军进驻罗马尼亚孔斯当柴海港:[画图]","时代杂志","1945","第5卷 第13期","封2",NA,"上海"
"德国法西斯“死营”中的惊人罪行!:波兰奥斯文青城死营中被德人在瓦斯室中毒死的人们.这一部分尸体，德人未及焚毁:[画图]","时代杂志","1945","第5卷 第12期","封3",NA,"上海"
"国际一周:全世界等待着旧金山会议的决定","时代杂志","1945","第5卷 第7期","8",NA,"上海"
"苏维埃重坦克从埋伏中出现:[照片]","时代杂志","1945","第5卷 第2期","封3",NA,"上海"
"莫斯科胜利阅兵:红军优秀部队战旗在红场上飘扬过去:[照片]","时代杂志","1945","第5卷 第17期","封3",NA,"上海"
"苏联幼稚园之一:在导师的监护之下，儿童们在花园里散步玩耍:[照片]","时代杂志","1945","第5卷 第16期","封3",NA,"上海"
"苏联学术院新院长华维洛夫(附照片)","时代杂志","1945","第5卷 第14期","22-23",NA,"上海"
"美苏两阵线的民主势力","郭生","时代杂志","1945","第5卷 第24期","11-12，26","上海"
"国际一周:塔斯社发表否认","时代杂志","1945","第5卷 第8期","15",NA,"上海"
"国际一周:国际卡特尔的再现","时代杂志","1945","第5卷 第8期","18",NA,"上海"
"胜利日在上海:跑马厅举行庆祝典礼时与会者向蒋主席致敬礼:[照片]","时代杂志","1945","第5卷 第18期","封3",NA,"上海"
"在新波兰:在卢布林竖立纪念碑时的波军检阅式:[照片]","时代杂志","1945","第5卷 第15期","封3",NA,"上海"
"解放后的挪威","谢伽尔","时代杂志","1945","第5卷 第18期","15-16","上海"
"史大林画传(上):十八岁的青年史大林在工人群中进行宣传工作:[画图]","时代杂志","1945","第5卷 第25期","封2",NA,"上海"
"复兴被破坏的城乡:苏联被破坏的城市均依照新定的计划进行复兴工作.图为史大林格勒的计划之一，系史楚歇夫工程师设计.右为国立大剧院，左为史大林城战士英灵碑:[画图]","时代杂志","1945","第5卷 第4期","封3",NA,"上海"
"苏联全貌(二):乔治亚葡萄累累:[照片]","时代杂志","1945","第5卷 第3期","21",NA,"上海"
"苏联全貌(二)(附照片)","米哈伊洛夫","时代杂志","1945","第5卷 第3期","19-23","上海"
"西行漫记(3):红军进入德国之后沿途所见","戈尔巴朵夫 库尔干诺夫","时代杂志","1945","第5卷 第3期","24-26","上海"
"马克思主义辩证法关于发展中的新势力之不可克制性的法则(续完)","苏尔","时代杂志","1945","第5卷 第21期","13-15","上海"
"波兰破坏犯公审时纪详(续完)","时代杂志","1945","第5卷 第11期","19-22",NA,"上海"
"人的胜利","爱伦堡","时代杂志","1945","第5卷 第9期","25-26","上海"
"国际一角:“纽伦堡法西斯蒂”的最后肖像:[画图]","时代杂志","1945","第5卷 第23期","封2",NA,"上海"
"三国柏林会议公告(未完)","时代杂志","1945","第5卷 第15期","11-13",NA,"上海"
"英国主教休莱脱·约翰生称:波兰必将复兴，即使英美不加承认","时代杂志","1945","第5卷 第8期","11",NA,"上海"
"德国为什么失败","E.C.","时代杂志","1945","第5卷 第1期","12","上海"
"关于旧金山会议:无稽谣言与反覆态度妨碍会议工作","时代杂志","1945","第5卷 第6期","10",NA,"上海"
"关于旧金山会议:苏美两国人民应当一起向前迈进","时代杂志","1945","第5卷 第6期","10-11",NA,"上海"
"莫斯科中央列宁纪念馆:列宁纪念馆外貌.该馆位在革命广场与红场及克里姆林宫毗邻:[照片]","时代杂志","1947","第7卷 第15期","1页",NA,"上海"
"莫洛托夫谈德国问题及其他:对美记者解答十大问题","时代杂志","1947","第7卷 第14期","10",NA,"上海"
"帆船竞赛得奖者狄那莫体育会会员叶列明:[照片]","时代杂志","1947","第7卷 第29期","封1",NA,"上海"
"普希金画传:九岁时的普希金:[画图]","时代杂志","1947","第7卷 第5期","1页",NA,"上海"
"伏洛聂士州“伊里奇”集体农场:“伊里奇”集体农场中，除了养鸡场之外，并且有游水飞禽饲养场，图为池塘里的鹅和鸭:[照片]","时代杂志","1947","第7卷 第41期","1页",NA,"上海"
"苏维埃军事科学的进步性","鲍高留波夫 何歌","时代杂志","1947","第7卷 第47期","26-30","上海"
"全世界各国人民送给史大林的礼物:中国珲春县十一万民众所送的银盃:[照片]","时代杂志","1947","第7卷 第48期","1页",NA,"上海"
"国际一周:是谁分裂了德国?","鲁斯金","时代杂志","1947","第7卷 第48期","4-7","上海"
"国际一周:交换分歧意见","牛宜偶","时代杂志","1947","第7卷 第11期","4-6","上海"
"苏联动态:一九四六年十二月二十六日莫斯科举行苏联妇女象棋比赛.图为其中的一组:[照片]","时代杂志","1947","第7卷 第10期","1页",NA,"上海"
"苏联电影明星妲姬雅娜·奥古聂夫斯卡亚:[照片]","时代杂志","1947","第7卷 第10期","1页",NA,"上海"
"苏联的城市:雅尔达海滨:[照片]","时代杂志","1947","第7卷 第40期","1页",NA,"上海"
"九国共产党代表情报会议:“真理报”公报","时代杂志","1947","第7卷 第40期","6-7",NA,"上海"
"美国对土贷款的用途","安季波夫 何歌","时代杂志","1947","第7卷 第33期","10","上海"
"美国资产阶级与对外政策","(美)福斯特 端纳","时代杂志","1947","第7卷 第33期","13-14，19-20","上海"
"乔治亚共和国首都特比里西:乔治亚苏维埃社会主义共和国的首都特比里西是全世界最古老的城市之一:[照片]","时代杂志","1947","第7卷 第33期","1页",NA,"上海"
"苏联作家答英国作家问(中)","移模","时代杂志","1947","第7卷 第37期","26-29","上海"
"杰出的苏联女雕刻家:先天聋哑的克拉芙基亚·福林娜是缝絍厂的女工……:[照片]","时代杂志","1947","第7卷 第9期","1页",NA,"上海"
"苏联建军二十九周年纪念日，武力部长史大林命令(第十号)","史大林","时代杂志","1947","第7卷 第8期","4-5","上海"
"伏洛聂士州“伊里奇”集体农场:准备输送到国家谷仓去的谷物，在装上汽车之前，先要过磅.天气好的时候，输送谷物的工作就在田野里进行:[照片]","时代杂志","1947","第7卷 第41期","1页",NA,"上海"
"资本主义国家战后经济的某些指标","布洛夫 祖立","时代杂志","1947","第7卷 第6期","8","上海"
"伟大的普希金站在人民的立场坚决地反抗黑暗……:[题词]","茅盾","时代杂志","1947","第7卷 第5期","6","上海"
"自由神的危机:[画图]","(苏)叶菲莫夫","时代杂志","1947","第7卷 第50期","7","上海"
"苏联人民艺术家薇拉·莫馨娜(附照片)","索柯洛娃 高明","时代杂志","1947","第7卷 第47期","2页，18","上海"
"全世界各国人民送给史大林的礼物:南斯拉夫斯科普勒城青年所送的银质墨水缸:[照片]","时代杂志","1947","第7卷 第48期","2页",NA,"上海"
"社会主义社会与个人(上)","葛克 岳","时代杂志","1947","第7卷 第1期","35-37","上海"
"达勒斯先生及其企图","达尔莱 何歌","时代杂志","1947","第7卷 第8期","21-22","上海"
"在北欧","克雷莫娃 雷兮","时代杂志","1947","第7卷 第20期","21-23","上海"
"苏联最新木刻杰作选:伐木:[木刻]","史塔洛诺索夫","时代杂志","1947","第7卷 第16/17期","1页","上海"
"国际一周:世界工人为和平斗争","牛宜偶","时代杂志","1947","第7卷 第16/17期","3-5，45","上海"
"外高加索三个加盟共和国(上):“苏联各民族概况”之五","(美)Lamont，C. 古琴","时代杂志","1947","第7卷 第2期","27-30","上海"
"一九四七年四月九日史大林与史达森话谈记录:约瑟夫·史大林:[照片]","时代杂志","1947","第7卷 第19期","4",NA,"上海"
"一九四七年四月九日史大林与史达森话谈记录:哈罗德·史达森:[照片]","时代杂志","1947","第7卷 第19期","4",NA,"上海"
"苏联风景:欧俄农村雪景:[照片]","时代杂志","1947","第7卷 第2期","1页",NA,"上海"
"世界各国青年动态:捷克青年近况","(捷)高特华","时代杂志","1947","第7卷 第20期","13-14","上海"
"“消息报”编辑部大厦:[照片]","时代杂志","1947","第7卷 第20期","1页",NA,"上海"
"苏联的报纸:集体农女们休息时阅读当天的报纸:[照片]","时代杂志","1947","第7卷 第20期","1页",NA,"上海"
"伟大俄罗斯科学家巴甫洛夫及其学说:逝世十一周年纪念","胡夏","时代杂志","1947","第7卷 第8期","9-10","上海"
"绣在地毯上的苏联元帅象:人民装饰艺术展览会上陈列的亚塞哈巴德匠人的杰作:苏联元帅罗柯索夫斯基:[照片]","时代杂志","1947","第7卷 第7期","1页",NA,"上海"
"面目一新的德国东部苏联占领区:二、农业改革","毕明诺夫 罗凉","时代杂志","1947","第7卷 第7期","25","上海"
"欧洲苏联的白桦林:[照片]","时代杂志","1947","第7卷 第39期","封1",NA,"上海"
"苏联的城市:古代的卫城，城墙下市民们正在举行运动比赛，街道两旁是观众:[照片]","时代杂志","1947","第7卷 第40期","1页",NA,"上海"
"今日的印度(下):战后印度的难题","波尔夏柯夫 祖立","时代杂志","1947","第7卷 第31期","11-12","上海"
"马来亚人民的独立斗争","华西里叶娃 王伯达","时代杂志","1947","第7卷 第3/4期","35-36","上海"
"造书工厂:莫斯科第一模范印刷厂:第一模范印刷厂橡皮版印刷工场.这里的机器每年可以生产二千万张印刷物:[照片]","时代杂志","1947","第7卷 第28期","1页",NA,"上海"
"一九四七年九月十八日，苏联外交次长维辛斯基在联合国大会席上演辞(附照片)","维辛斯基","时代杂志","1947","第7卷 第38期","8-14，19-24","上海"
"复兴中的史大林格勒:装修后重新开幕的高尔基剧场:[照片]","时代杂志","1947","第7卷 第39期","1页",NA,"上海"
"苏联人民艺术家葛拉西莫夫:“集体农场的节日”:[照片]","时代杂志","1947","第7卷 第34期","1页",NA,"上海"
"苏联风景:俄罗斯中部伏尔加河上游夏雨清洗之后的景色:[照片]","时代杂志","1947","第7卷 第2期","1页",NA,"上海"
"克里姆林沙皇故宫:沙皇礼拜室，图右为雕刻镀金的神龛:[照片]","时代杂志","1947","第7卷 第15期","1页",NA,"上海"
"国际一周:马歇尔回国任国务卿","什之","时代杂志","1947","第7卷 第2期","4，29","上海"
"苏联观察家眼中的今日的日本:秘密军国主义在日本","贝符兹纳 何歌","时代杂志","1947","第7卷 第2期","8-9","上海"
"苏联的报纸:莫斯科动力学院学生的壁报:[照片]","时代杂志","1947","第7卷 第20期","1页",NA,"上海"
"莫斯科建都八百周年纪念:[照片]","时代杂志","1947","第7卷 第15期","封1",NA,"上海"
"关于中国问题:莫洛托夫致马歇尔函","莫洛托夫","时代杂志","1947","第7卷 第14期","7","上海"
"苏联的报纸:卡巴亭自治共和国的田野里为报纸留出了特别荣誉的地位:[照片]","时代杂志","1947","第7卷 第20期","1页",NA,"上海"
"苏联风景:德聂泊河流域乌克兰农村中的街道.通常以树木和泥土为墙而以藁草为顶的农舍，街道和农舍之间隔着用树枝编搭的栅栏:[照片]","时代杂志","1947","第7卷 第2期","1页",NA,"上海"
"论社会发展学说史(二)","亚历山大洛夫 梁香","时代杂志","1947","第7卷 第2期","24-26","上海"
"苏联的报纸:报纸将土耳克曼牧人汇集成了一圈:[照片]","时代杂志","1947","第7卷 第20期","1页",NA,"上海"
"巴甫洛夫科学镇:柯尔多塞:柯尔多塞(巴甫洛夫镇)全景:[照片]","时代杂志","1947","第7卷 第19期","29",NA,"上海"
"苏联“消息报”社论:评马歇尔广播演说","时代杂志","1947","第7卷 第18期","6-8",NA,"上海"
"蒙古人民共和国文化生活:国家音乐剧院女艺人华扎尔-拉赫佳在电台广播，她用民族乐器“尚哲”三弦琴弹奏民族乐曲:[照片]","时代杂志","1947","第7卷 第19期","1页",NA,"上海"
"蒙古人民共和国文化生活:共和国功勋艺人蔡伦登杜勃演蒙古民族英雄阿摩尔桑:[照片]","时代杂志","1947","第7卷 第19期","1页",NA,"上海"
"再论德国政治组织问题:四月二日在莫斯科外长会议席上的两个声明","莫洛托夫","时代杂志","1947","第7卷 第14期","8-9","上海"
"苏联国家计划委员会报告:一九四六年国民经济复兴与发展计划执行的结果","时代杂志","1947","第7卷 第11期","23-25",NA,"上海"
"苏联儿童放学后作滑雪之戏:[照片]","时代杂志","1947","第7卷 第10期","1页",NA,"上海"
"输入英美的德国科学家","罗宾斯坦 潘朗","时代杂志","1947","第7卷 第19期","19-21","上海"
"美国在太平洋上的扩张(附图)","马尔柯夫 何歌","时代杂志","1947","第7卷 第11期","10-12，25","上海"
"美国海军的扩张(附图)","施威德 尚天","时代杂志","1947","第7卷 第1期","22，27-28","上海"
"时代日报举办普希金画像奖","时代杂志","1947","第7卷 第1期","34",NA,"上海"
"谈苏侨归国(中)","南民","时代杂志","1947","第7卷 第31期","9-10","上海"
"列宁在一八九二年(二十二岁):[照片]","时代杂志","1947","第7卷 第3/4期","1页",NA,"上海"
"列宁与高尔基:[画图]","阿托夫","时代杂志","1947","第7卷 第3/4期","1页","上海"
"苏联学术院全体大会:苏联学术院院长华维__夫主持举行苏联学术院全体大会开幕典礼:[照片]","时代杂志","1947","第7卷 第8期","1页",NA,"上海"
"普希金胸像作者陀莫迦茨基(附图)","高明","时代杂志","1947","第7卷 第42期","2页","上海"
"史大林奖金得奖舞剧:“淑露希卡”(“灰姑娘”):奥丽迦·列彼兴斯卡亚:[照片]","时代杂志","1947","第7卷 第29期","1页",NA,"上海"
"造书工厂:莫斯科第一模范印刷厂:第一模范印刷厂装钉工场每天出产二万五千卅书:[照片]","时代杂志","1947","第7卷 第28期","1页",NA,"上海"
"最后胜利必属于我!:希腊民主军领袖乔治·雅努里斯的公开信","雅努里斯 羽佳","时代杂志","1947","第7卷 第32期","14，19-20","上海"
"史大林奖金得奖舞剧:“淑露希卡”(“灰姑娘”)在莫斯科国家大剧院舞台上:王子(康德拉托夫饰)之舞:[照片]","时代杂志","1947","第7卷 第30期","1页",NA,"上海"
"今日的印度(下):印度的饥馑及其原因","波尔夏柯夫 何歌","时代杂志","1947","第7卷 第31期","13-14","上海"
"反动派控制下的美国科学界","鲁宾斯坦 移模","时代杂志","1947","第7卷 第8期","11-14，19-20","上海"
"外高加索三个加盟共和国(下):“苏联各民族概况”之七","(美)Lamont，C. 古琴","时代杂志","1947","第7卷 第5期","29-30","上海"
"莫斯科庆祝建城八百年:九月六日莫斯科苏联大剧院举行建城庆祝大会:[照片]","时代杂志","1947","第7卷 第45期","1页",NA,"上海"
"全世界各国人民送给史大林的礼物:南朝鲜民主民族阵线代表所送的用真珠母镶嵌的红木箱.图为箱子的盖:[照片]","时代杂志","1947","第7卷 第48期","1页",NA,"上海"
"十月革命给予了劳动者什么?","马邱希金 思立","时代杂志","1947","第7卷 第43/44期","14-16","上海"
"苏联人民艺人·雕刻家赛尔盖·梅尔库洛夫，史大林文艺奖金得奖者:梅尔库洛夫是莫斯科市苏维埃代表.每天早上他要阅读许多信件和答覆他的选举人询问他各种问题的书信:[照片]","时代杂志","1947","第7卷 第37期","1页",NA,"上海"
"高尔基:远东各民族的友人","列文 何歌","时代杂志","1947","第7卷 第24期","3-5","上海"
"不列颠及其自治领:不列颠及其自治领各共产党联合宣言","鲍立德 勃克 亨利","时代杂志","1947","第7卷 第23期","20-21","上海"
"土耳其反动派的新攻势","米哈伊洛夫 祖立","时代杂志","1947","第7卷 第13期","11","上海"
"苏联锦屑:苏联最高苏维埃主席团主席施维尔尼克主持的授勋典礼:[照片]","时代杂志","1947","第7卷 第25期","2页",NA,"上海"
"苏联十大象棋大师:二十五岁的象棋大师华西里·斯梅斯洛夫:[照片]","时代杂志","1947","第7卷 第27期","20",NA,"上海"
"国际评论:国际反动派的新攻势","时代杂志","1947","第7卷 第21期","4-5",NA,"上海"
"列宁格勒夏花园:六、夏花园中央有俄罗斯著名寓言作家克雷洛夫纪念像:[照片]","时代杂志","1947","第7卷 第22期","1页",NA,"上海"
"我们自己的军队","绥拉菲莫维支 葛达","时代杂志","1947","第7卷 第7期","7，30","上海"
"纳粹余孽苏马赫","查斯拉夫斯基 何歌","时代杂志","1947","第7卷 第6期","12","上海"
"美国鹰爪下的泛美会议","梅碧华","时代杂志","1947","第7卷 第35期","6-8","上海"
"幸福的苏联公民回返祖国:(二)升火待发的“伊里奇”号:[照片]","时代杂志","1947","第7卷 第34期","1页",NA,"上海"
"幸福的苏联公民回返祖国:(一)(二)“伊里奇”号船舷上:[照片]","时代杂志","1947","第7卷 第34期","1页",NA,"上海"
"苏联最新木刻杰作选:建筑防御阵地:[木刻]","毕柯夫","时代杂志","1947","第7卷 第16/17期","1页","上海"
"列宁:苏维埃国家的创造者:纪念列宁七七诞辰","勃郎登堡斯基 刘枫","时代杂志","1947","第7卷 第16/17期","21，32","上海"
"苏联民用航空事业:莫斯科中央飞场机等候乘客的定期运输机:[照片]","时代杂志","1947","第7卷 第14期","2页",NA,"上海"
"立体电影在苏联:立体电影摄影场总摄影师D.苏林斯基及其新设计的立体电影摄影机:[照片]","时代杂志","1947","第7卷 第13期","1页",NA,"上海"
"资本主义社会的知识份子:“知识份子在苏联”之一","柯伐列夫 樊英","时代杂志","1947","第7卷 第27期","7-8，28","上海"
"乌兹贝克斯坦萨玛干州集体农场樱桃园中的集体农女:[照片]","时代杂志","1947","第7卷 第27期","封1",NA,"上海"
"女演员奥尔伽·齐士聂娃:[照片]","时代杂志","1947","第7卷 第10期","1页",NA,"上海"
"英美的对德政策","戈洛特凯维奇 何歌","时代杂志","1947","第7卷 第6期","10-11","上海"
"论社会发展学说史(四)","亚历山大洛夫 梁香","时代杂志","1947","第7卷 第7期","29-30","上海"
"苏联锦屑:苏联舞剧演员玛丽亚娜·鲍高留勃斯卡亚和犹里·霍夫曼，在苏联大剧院表演恰伊柯夫斯基的华尔滋舞:[照片]","时代杂志","1947","第7卷 第25期","1页",NA,"上海"
"苏联艺人志:“富足的歌颂者”彼得·康恰洛夫斯基:俄罗斯共和国人民艺术家史大林奖金得奖者彼得·康恰洛夫斯基:[照片]","时代杂志","1947","第7卷 第27期","1页",NA,"上海"
"苏联锦屑:顿巴斯伏罗希洛夫冶金工厂中复工的第一号熔矿炉:[照片]","时代杂志","1947","第7卷 第25期","1页",NA,"上海"
"复兴中的史大林格勒:修理中的史大林格勒某中学:[照片]","时代杂志","1947","第7卷 第39期","1页",NA,"上海"
"吉尔吉斯苏维埃共和国:吉尔吉斯国营畜牧场的羊群:[照片]","时代杂志","1947","第7卷 第38期","1页",NA,"上海"
"莫斯科:苏联学术中心:莫斯科列宁图书馆:[照片]","时代杂志","1947","第7卷 第35期","1页",NA,"上海"
"莫斯科全景:莫斯科苏维埃广场.中央是莫斯科市劳动者代表苏维埃:[照片]","时代杂志","1947","第7卷 第35期","2页",NA,"上海"
"进步运动在美国(上)","符龙斯基 符之良","时代杂志","1947","第7卷 第33期","8-10","上海"
"关于波兰普选的结果","沙庇罗 尚天","时代杂志","1947","第7卷 第5期","21","上海"
"幸福的苏联公民回返祖国:(一)“伊里奇”号船舷上的标语:“我们很幸福，祖国收容我们，认我们是家庭中平等的一员”:[照片]","时代杂志","1947","第7卷 第34期","1页",NA,"上海"
"苏联雕刻家梅尔库洛夫:梅尔库洛夫为克里姆林宫中苏联最高苏维埃大厅所作的列宁像:[照片]","时代杂志","1947","第7卷 第37期","1页",NA,"上海"
"幸福的苏联公民回返祖国:(四)本社俄文版“时代”半月刊编辑N.司维劳夫登轮前留影:[照片]","时代杂志","1947","第7卷 第34期","1页",NA,"上海"
"俄罗斯伟大科学家伊凡·巴甫洛夫逝世十一周纪念(1936-1947):大会会场的苏联学术院会员:[照片]","时代杂志","1947","第7卷 第8期","1页",NA,"上海"
"巴甫洛夫科学镇:柯尔多塞:柯尔多塞镇巴甫洛夫胸像:[照片]","时代杂志","1947","第7卷 第19期","28",NA,"上海"
"乔治亚共和国首都特比里西:从山上遥望特比里西:[照片]","时代杂志","1947","第7卷 第33期","2页",NA,"上海"
"普希金画传:普希金的母亲:[画图]","时代杂志","1947","第7卷 第5期","1页",NA,"上海"
"论英美军事合作","迦拉克季奥诺夫 潘朗","时代杂志","1947","第7卷 第11期","8-9","上海"
"莫斯科全景:莫斯科河上的克里米亚桥:[照片]","时代杂志","1947","第7卷 第35期","1页",NA,"上海"
"幸福的苏联公民回返祖国:(一)装载行李:[照片]","时代杂志","1947","第7卷 第34期","1页",NA,"上海"
"迎接伟大十月社会主义革命三十周纪念节:“布尔雪维克”杂志社论:迎接伟大十月革命节","祖立","时代杂志","1947","第7卷 第38期","25-26","上海"
"苏联的千面人:俄罗斯共和国人民艺人尼古拉·契尔卡索夫:契尔卡索夫和他的妻子与儿子:[照片]","时代杂志","1947","第7卷 第36期","1页",NA,"上海"
"在北朝鲜:工业建设一例:“哈季钦”水力发电站","吉多维奇 布尔索夫 何歌","时代杂志","1947","第7卷 第36期","25-26","上海"
"乔治亚共和国首都特比里西:在通达特比里西西心的要道旁的山上，新造了一所国家马戏场.有石砌的阶级通上去.这马戏场，城里有好几个区域都可以望见:[照片]","时代杂志","1947","第7卷 第33期","1页",NA,"上海"
"苏联民用航空事业:苏联领土广大，东至太平洋，西至波罗的海……:[照片]","时代杂志","1947","第7卷 第14期","1页",NA,"上海"
"高尔基研究:纪念高尔基七十九周年诞辰:我们为什么将“高尔基研究”停刊","罗果夫","时代杂志","1947","第7卷 第12期","27-28","上海"
"土耳其和希特勒德国的勾结","罗文斯基 祖立","时代杂志","1947","第7卷 第13期","14，19-20","上海"
"吉尔吉斯的赶马老人:[照片]","时代杂志","1947","第7卷 第10期","封1",NA,"上海"
"吉尔吉斯苏维埃共和国:吉尔吉斯首都傅龙芝国家歌舞剧院演出的歌剧“马那斯”(左)和“巧尔邦”(右)的场面:[照片]","时代杂志","1947","第7卷 第38期","1页",NA,"上海"
"苏联的无线电机制造厂:从废墟之中站立起来和更加增强的伏洛聂士“电信”无线电机制造厂:恢复之后的伏洛聂士“电信”工厂的厂房之一:[照片]","时代杂志","1947","第7卷 第36期","2页",NA,"上海"
"苏联的无线电机制造厂:从废墟之中站立起来和更加增强的伏洛聂士“电信”无线电机制造厂:装配工场主任V·赫伏斯托夫指示女工A·斯特勃柯娃工作:[照片]","时代杂志","1947","第7卷 第36期","2页",NA,"上海"
"苏联学术院全体大会:苏联外交部长莫洛托夫……:[照片]","时代杂志","1947","第7卷 第8期","1页",NA,"上海"
"爱沙尼亚的复兴","卡罗顿 樊英","时代杂志","1947","第7卷 第8期","30","上海"
"反对分化民主青年的统一","安季波夫 尚天","时代杂志","1947","第7卷 第6期","9","上海"
"奥地利的阴暗面","安康宁","时代杂志","1947","第7卷 第6期","19-22","上海"
"伟大国家的伟大军队:红军创立二十九周年纪念(附图)","(苏)华西列夫斯基 祖立","时代杂志","1947","第7卷 第7期","4-6","上海"
"苏联行(三)","茅盾","时代杂志","1947","第7卷 第7期","8-9，30","上海"
"集邮在苏联:地质矿物学博士兹贝静，在他所收集的欧洲各国邮票方面，是苏联最完全的收藏家之一:[照片]","时代杂志","1947","第7卷 第6期","1页",NA,"上海"
"集邮在苏联:克里甫卓夫所收藏的俄罗斯邮票集:[照片]","时代杂志","1947","第7卷 第6期","1页",NA,"上海"
"战后国际和平建设的领导者:巴黎和会上的苏联代表团:[照片]","时代杂志","1947","第7卷 第6期","2页",NA,"上海"
"杰出的苏联女雕刻家:工作时的莫兴娜:[照片]","时代杂志","1947","第7卷 第9期","1页",NA,"上海"
"机械化的苏联农业:史大林耕种机制造厂大量生产的农业机器:[照片]","时代杂志","1947","第7卷 第34期","1页",NA,"上海"
"乔治亚共和国首都特比里西:特比里西最美的街道:鲁斯达维里大街:[照片]","时代杂志","1947","第7卷 第33期","1页",NA,"上海"
"苏联景色:遥望苏胡米城:[照片]","时代杂志","1947","第7卷 第24期","1页",NA,"上海"
"美国杂记","树柯夫 孟恢","时代杂志","1947","第7卷 第23期","24-25，30","上海"
"苏维埃国家的伟大的组织者:纪念列宁逝世廿三周年忌辰","维辛斯基 祖立","时代杂志","1947","第7卷 第3/4期","4-5","上海"
"造书工厂:莫斯科第一模范印刷厂:第一模范印刷厂装钉工场:[照片]","时代杂志","1947","第7卷 第28期","1页",NA,"上海"
"英国经济状况(附表)","瓦尔加 蓝吉","时代杂志","1947","第7卷 第23期","13-14，12","上海"
"苏联生活:参加第三次最高苏维埃大会的作家代表:[照片]","时代杂志","1947","第7卷 第21期","2页",NA,"上海"
"关于草拟对日和约的问题","皮杰尔斯基 张俗","时代杂志","1947","第7卷 第32期","11-12","上海"
"列宁在斯莫尔纳宫内工作:[画图]","勃洛德斯基","时代杂志","1947","第7卷 第3/4期","1页","上海"
"追忆史大林格勒之战:查哈洛夫将军的谈话","时代杂志","1947","第7卷 第5期","10-11",NA,"上海"
"普希金画传:普希金自画像:[画图]","时代杂志","1947","第7卷 第5期","1页",NA,"上海"
"从东京审判看日本的侵略阴谋","高龙斯基 张泉","时代杂志","1947","第7卷 第26期","23-25","上海"
"巴黎外长会议:莫洛托夫建议案全文","时代杂志","1947","第7卷 第26期","5",NA,"上海"
"巴蕾舞蹈家亚拉·谢列斯特:亚拉·谢列斯特在“基洛夫”剧场排练室练习:[照片]","时代杂志","1947","第7卷 第29期","1页",NA,"上海"
"一九四三年度苏联国家预算","古罗维奇 草婴","时代杂志","1947","第7卷 第22期","11-12","上海"
"“援助”乎?扩张乎?:土耳其的独立和美国的借款","米哈伊洛夫 云林","时代杂志","1947","第7卷 第22期","22-23","上海"
"论九国共产党情报会议","时代杂志","1947","第7卷 第41期","7-8",NA,"上海"
"苏联的城市:彼得洛扎伏德斯克:[照片]","时代杂志","1947","第7卷 第40期","1页",NA,"上海"
"乔治亚共和国首都特比里西:特比里西人非常爱好运动，特别是足球.这一所新造的运动场，不论天气如何，总是塞满着观众:[照片]","时代杂志","1947","第7卷 第33期","1页",NA,"上海"
"杰出的苏联女雕刻家:当代苏联画家M.V.聂斯吉洛夫所作的莫兴娜像:[照片]","时代杂志","1947","第7卷 第9期","1页",NA,"上海"
"列宁和体育:纪念苏联体育节","彼得洛夫 祖立","时代杂志","1947","第7卷 第29期","14","上海"
"莫斯科庆祝建城八百年:莫斯科全体劳动者赠送给史大林的刻花玻璃瓶，这瓶是莫斯科“白鹅”刻花玻璃厂全体同人所制造:[照片]","时代杂志","1947","第7卷 第45期","1页",NA,"上海"
"伏洛聂士州“伊里奇”集体农场:伏洛聂士州“伊里奇”集体农场有两架制造免费电力的风车.供给畜牧场用水的抽水机就是靠这两架风车电力发动机而工作的:[照片]","时代杂志","1947","第7卷 第41期","1页",NA,"上海"
"伏洛聂士州“伊里奇”集体农场:“伊里奇”集体农场的奶油奶酪制造厂生产的干酩，在苏联是以味美驰名的，产量每年达九千五百公斤:[照片]","时代杂志","1947","第7卷 第41期","1页",NA,"上海"
"复兴了的顿巴斯:“基洛夫”冶金工厂:[照片]","时代杂志","1947","第7卷 第26期","1页",NA,"上海"
"自然法则","爱伦堡 无以","时代杂志","1947","第7卷 第26期","7-8，26","上海"
"讽刺诗:欺人的幻影(附图)","马尔沙克 库克莱尼克赛 其生","时代杂志","1947","第7卷 第25期","24-25","上海"
"他们不是孤儿:学童们的菜圃是他们自己经营的.图为学童们在菜圃里装置稻草人:[照片]","时代杂志","1947","第7卷 第31期","1页",NA,"上海"
"今日的印度(上):英国对印度政策的新阶段","基雅珂夫 张俗","时代杂志","1947","第7卷 第30期","10-11","上海"
"三八国际妇女节中国妇女致世界妇女电","时代杂志","1947","第7卷 第9期","6",NA,"上海"
"杰出的苏联女雕刻家:高鲁勃金娜所作的“列夫·托尔斯泰”:[照片]","时代杂志","1947","第7卷 第9期","1页",NA,"上海"
"苏联巴蕾舞女艺人迦丽娜邬拉诺娃:苏联著名芭蕾舞女艺人迦丽娜·邬拉诺娃，去年夏天曾在列宁格勒城郊凯洛米亚基的别墅中休息.该别墅是列宁格勒劳动者代表苏维埃所赠:[照片]","时代杂志","1947","第7卷 第9期","1页",NA,"上海"
"苏联体育新闻:苏联及欧洲掷铁饼冠军妮娜，邓巴泽.她的最高纪录为50，5公尺，超过世界纪录3.87公尺:[照片]","时代杂志","1947","第7卷 第13期","1页",NA,"上海"
"立体电影在苏联:苏联最早出版的论立体电影的书籍.作者为V.塞贝刘克和B.伊凡诺夫:[照片]","时代杂志","1947","第7卷 第13期","2页",NA,"上海"
"美国的两党制度(下):“美国政党内幕”之二","符龙斯基 何歌","时代杂志","1947","第7卷 第12期","18，23-24","上海"
"苏联的城市:列宁格勒.聂瓦河上的宫桥.沿岸为冬宫的一角:[照片]","时代杂志","1947","第7卷 第40期","1页",NA,"上海"
"复兴中的史大林格勒:供“红十月”工厂工程师居住的住宅区:[照片]","时代杂志","1947","第7卷 第39期","2页",NA,"上海"
"一笔血债:希特勒德国在苏联的暴行录:西伐斯托波尔:[照片]","时代杂志","1947","第7卷 第25期","9",NA,"上海"
"复兴了的顿巴斯:[照片]","时代杂志","1947","第7卷 第21期","封1",NA,"上海"
"苏联的报纸:学生们经常出版自己的壁报，他们在诗歌、小说、图画等等之中表现他们的全部生活.他们鼓励勤勉的人，嘲笑懒惰的人:[照片]","时代杂志","1947","第7卷 第20期","2页",NA,"上海"
"“援助”乎?扩张乎?:美国“援助”希腊法案的第一个结果","谢列斯托夫 潘朗","时代杂志","1947","第7卷 第22期","21-22","上海"
"朝鲜政治的南北两极","叶戈洛夫 潘朗","时代杂志","1947","第7卷 第21期","11-12","上海"
"春耕:在斯达甫洛波尔地方索尔达托·亚历山大区库壁希夫集体农场:[照片]","时代杂志","1947","第7卷 第21期","1页",NA,"上海"
"苏联全国业余艺术表演大会:德聂泊洛杰尔静斯克车厢制造工人舞踊团表演民族舞“柯巴克”:[照片]","时代杂志","1947","第7卷 第11期","1页",NA,"上海"
"吉尔吉斯苏维埃共和国:吉尔吉斯共和国首都傅龙芝的医学院:[照片]","时代杂志","1947","第7卷 第38期","2页",NA,"上海"
"吉尔吉斯苏维埃共和国:从山湖沐浴回来的吉尔吉斯良马:[照片]","时代杂志","1947","第7卷 第38期","2页",NA,"上海"
"高尔基大理石雕像:[雕像]","特里纽克","时代杂志","1947","第7卷 第24期","1页","上海"
"马克西姆·高尔基(附照片)","远吉尔 磊然","时代杂志","1947","第7卷 第24期","6-11","上海"
"苏维埃民主的批判的批判(上):“论苏维埃民主”之三","亚历山大洛夫 何歌","时代杂志","1947","第7卷 第25期","11-13","上海"
"苏联各民族的兄长(中):“俄罗斯土地”第二篇","米哈伊洛夫 梁香","时代杂志","1947","第7卷 第23期","28-29","上海"
"苏联观察家眼中的今日的日本:日本的罢工运动","阿历克赛叶夫 何歌","时代杂志","1947","第7卷 第2期","9-10","上海"
"在德国乡村里:德境苏军占领区土地改革一例","特罗雅诺夫斯基 潘朗","时代杂志","1947","第7卷 第19期","27，30","上海"
"蒙古人民共和国文化生活:蒙古某学校上绘画课的情形:[照片]","时代杂志","1947","第7卷 第19期","1页",NA,"上海"
"茅盾夫妇在列宁格勒:[照片]","时代杂志","1947","第7卷 第18期","封1",NA,"上海"
"“杜鲁门主义”和“马歇尔计划”(待续)","马里宁 雷兮","时代杂志","1947","第7卷 第45期","21-24","上海"
"一年来国际形势的回顾与展望(附图)","张沛","时代杂志","1947","第7卷 第1期","3-6","上海"
"苏联各民族的伟大友谊(附照片)","符拉索夫 达章","时代杂志","1947","第7卷 第43/44期","26-27","上海"
"苏联国民经济复兴与发展计划:一九四七年第三季实施成绩:苏联国家计划委员会公报","时代杂志","1947","第7卷 第42期","8-9",NA,"上海"
"蒙古人民共和国文化生活:国家音乐剧院领袖女艺人，共和国功勋艺人奥云.他不仅在剧院中工作，而且曾经拍摄过几部电影:[照片]","时代杂志","1947","第7卷 第19期","1页",NA,"上海"
"对德战争胜利日在莫斯科:对德战争胜利日之夜在克里姆林宫:[照片]","时代杂志","1947","第7卷 第18期","1页",NA,"上海"
"白林斯基致伊凡诺夫弟兄函(一八二九年)(附照片)","时代杂志","1947","第7卷 第15期","1页",NA,"上海"
"世界各国青年动态:加拿大青年的团结运动","爱德华茨 祖立","时代杂志","1947","第7卷 第14期","14，30","上海"
"苏联艺术新作:苏联工勋艺术家:史大林奖金得奖者:A.李塞夫教授及其雕刻:“母与子”:[照片]","时代杂志","1947","第7卷 第14期","1页",NA,"上海"
"“真理报”:“在这座邮船似的“真理报”馆大厦中，灯光是永远不灭的”:[照片]","时代杂志","1947","第7卷 第27期","26",NA,"上海"
"对德和约中的德国经济问题(下期续完)","维希鸟夫 范加尔 张俗","时代杂志","1947","第7卷 第46期","21-25","上海"
"有了俄国革命世界人类便生出一个大希望:[题词]","邵力子","时代杂志","1947","第7卷 第43/44期","4","上海"
"秋季战局小结","马可宁","时代杂志","1947","第7卷 第43/44期","50-53","上海"
"迎接伟大十月社会主义革命三十周纪念节:苏联社会主义建设与世界舆论:“苏联国外友人”之二","罗宾斯坦 祖立","时代杂志","1947","第7卷 第42期","28-30","上海"
"集邮在苏联:莫斯科科学家宫集邮部主席团团员:[照片]","时代杂志","1947","第7卷 第6期","1页",NA,"上海"
"波兰经济发展的道路","亚冯宁 何歌","时代杂志","1947","第7卷 第5期","26","上海"
"全世界各国人民送给史大林的礼物:荷兰贝尔格克村居民所送的该村风景画:[照片]","时代杂志","1947","第7卷 第48期","2页",NA,"上海"
"“援助”乎?扩张乎?:苏联人民法庭的一日","克鲁彼尼珂夫 草婴","时代杂志","1947","第7卷 第22期","25-27","上海"
"关于国际管制原子能:六月十一日在联合国机构原子能管制委员会会议席上的声明","葛罗米柯","时代杂志","1947","第7卷 第23期","8-9","上海"
"国际一周:一九四五年在完成了它世界史上最光荣伟大的任务……","什之","时代杂志","1947","第7卷 第1期","7","上海"
"国际一周:新生的力量在壮大着","什之","时代杂志","1947","第7卷 第1期","10","上海"
"“新汉俄字典”:苏联学术院会员阿历克赛叶夫访问记","密舒洛维奇","时代杂志","1947","第7卷 第1期","31","上海"
"伏尔加河右岸的森林:[照片]","时代杂志","1947","第7卷 第10期","1页",NA,"上海"
"幻想的旅行记:苏联在一九五○年","曹斯金 何歌","时代杂志","1947","第7卷 第1期","11-14","上海"
"列宁和孙中山:为纪念列宁逝世二十三周年(一月廿一日)作","鲍罗廷 公彦","时代杂志","1947","第7卷 第3/4期","6，10","上海"
"造书工厂:莫斯科第一模范印刷厂:第一模范印刷厂平版机印刷工场.图为印刷“国语”教本封面:[照片]","时代杂志","1947","第7卷 第28期","1页",NA,"上海"
"复兴了的顿巴斯:乌克兰顿巴斯工业区:[照片]","时代杂志","1947","第7卷 第26期","1页",NA,"上海"
"苏联艺人志:库克莱尼克赛(附图)","克拉夫成柯 祖立","时代杂志","1947","第7卷 第25期","25-26","上海"
"苏联锦屑:这瓶里装的新鲜水果已经保藏了一年半……:[照片]","时代杂志","1947","第7卷 第25期","2页",NA,"上海"
"东南亚第一部民主的宪法:越南民主共和国的宪法","维洛夫 雷兮","时代杂志","1947","第7卷 第28期","24-25","上海"
"伏洛聂士州“伊里奇”集体农场:集体农场马夫在跑道上训练跑马:[照片]","时代杂志","1947","第7卷 第41期","1页",NA,"上海"
"印度尼西亚殖民地战争","普雷雪夫斯基 尚天","时代杂志","1947","第7卷 第41期","20-21","上海"
"“民主”乎?反动乎?:日本反动派环绕新阁组织的阴谋活动","巴夫洛夫 潘朗","时代杂志","1947","第7卷 第22期","14，19","上海"
"白与黑","爱伦堡 梁香","时代杂志","1947","第7卷 第20期","24-29","上海"
"苏联作家致美国文化工作者的公开信:你们和谁在一起，美国文化工作者?","华西列夫斯卡 维斯聂夫斯基 雷兮","时代杂志","1947","第7卷 第47期","22-23","上海"
"国际一周:法义人民揭起了斗争之旗","鲁斯金","时代杂志","1947","第7卷 第46期","4-7","上海"
"关于希腊问题:一九四七年九月廿七日在联大政治委员会上的演讲(附照片)","葛罗米柯 查克","时代杂志","1947","第7卷 第46期","8-13","上海"
"莫斯科全景:列宁陵墓和克里姆林宫斯巴克塔:[照片]","时代杂志","1947","第7卷 第35期","1页",NA,"上海"
"莫斯科八百年光荣战斗历史:一九四五年六月二十四日莫斯科举行胜利检阅.夺获的德国军旗在红场上:[照片]","时代杂志","1947","第7卷 第35期","1页",NA,"上海"
"美国科学界的军事化","鲁宾斯坦 移模","时代杂志","1947","第7卷 第34期","12-14，19","上海"
"苏联人民艺术家薇拉·莫馨娜:莫馨娜创作高尔基纪念像:[照片]","时代杂志","1947","第7卷 第47期","1页",NA,"上海"
"论外援问题","齐诺甫","时代杂志","1947","第7卷 第49期","6-7","上海"
"英国“每日工人”报:论南菲联邦的野心","时代杂志","1947","第7卷 第3/4期","35",NA,"上海"
"普希金画传:普希金画像:[画图]","时代杂志","1947","第7卷 第5期","1页",NA,"上海"
"普希金画传:普希金诗“青铜骑士”插图:[画图]","时代杂志","1947","第7卷 第5期","1页",NA,"上海"
"展望冬战场","马可宁","时代杂志","1947","第7卷 第47期","7-10","上海"
"义大利的新法西斯主义","罗萨诺夫 移模","时代杂志","1947","第7卷 第48期","24-25","上海"
"苏联的城市:列宁格勒远景:[照片]","时代杂志","1947","第7卷 第40期","1页",NA,"上海"
"苏联的城市:布里亚特蒙古自治共和国首都乌朗·乌德的列宁街:[照片]","时代杂志","1947","第7卷 第40期","1页",NA,"上海"
"第二次世界大战后的殖民地问题","儒柯夫 何歌","时代杂志","1947","第7卷 第41期","12-14，19","上海"
"苏联对外政策的民主基础","列明 何歌","时代杂志","1947","第7卷 第43/44期","30，35-36","上海"
"苏联在建设中:复工部份的工场:[照片]","时代杂志","1947","第7卷 第42期","1页",NA,"上海"
"复兴了的顿巴斯:顿巴斯诺伏·克拉巴托尔斯克“史大林”工厂制造德聂泊“史大林”水力发电站轮机用的一百廿吨重的运转轴:[照片]","时代杂志","1947","第7卷 第26期","1页",NA,"上海"
"克里姆林沙皇故宫:沙皇寝宫，中央为十七世纪式寝床:[照片]","时代杂志","1947","第7卷 第15期","1页",NA,"上海"
"克里姆林沙皇故宫:觐见室:[照片三幅]","时代杂志","1947","第7卷 第15期","2页",NA,"上海"
"里海滨的巴库城.海滨林荫路:[照片]","时代杂志","1947","第7卷 第12期","封1",NA,"上海"
"俄罗斯伟大科学家伊凡·巴甫洛夫逝世十一周纪念(1936-1947):苏联学术院会员，大物理学家A.越飞在会场中:[照片]","时代杂志","1947","第7卷 第8期","1页",NA,"上海"
"国际一周:决定性的日子","牛宜偶","时代杂志","1947","第7卷 第9期","13-14，19","上海"
"苏联艺人志:“富足的歌颂者”彼得·康恰洛夫斯基:“作家A.托尔斯泰在作者家里”.一九四一年:[画图]","时代杂志","1947","第7卷 第27期","1页",NA,"上海"
"苏联十大象棋大师:莫斯科象棋锦标叶丽莎薇妲·裴柯娃:[照片]","时代杂志","1947","第7卷 第27期","1页",NA,"上海"
"苏联艺人志:“富足的歌颂者”彼得·康恰洛夫斯基:晚上休息的时间是属于画家的孙女玛尔高特的:[照片]","时代杂志","1947","第7卷 第27期","1页",NA,"上海"
"苏联艺人志:“富足的歌颂者”彼得·康恰洛夫斯基:作家A.法捷耶夫画象.一九四○年:[画图]","时代杂志","1947","第7卷 第27期","1页",NA,"上海"
"苏联艺人志:“富足的歌颂者”彼得·康恰洛夫斯基:“这里有谁愿意供给血液?”一九四三年:[画图]","时代杂志","1947","第7卷 第27期","1页",NA,"上海"
"音乐学校学生玛丽亚·保加蒂尔抱着她自己的孩子给卫国战争时代的名指挥员苏联英雄柯夫巴克(上图右首)观看……:[照片二幅]","时代杂志","1947","第7卷 第1期","1页",NA,"上海"
"幸福的苏联公民回返祖国:(三)左“伊里奇”船员之一，右“伊里奇”号起椗后，送行者散去、(四)“伊里奇”号船舷上的另一条标语:“向诚恳和好客的中国人民谨致俄罗斯的最大谢意”:[照片二幅]","时代杂志","1947","第7卷 第34期","1页",NA,"上海"
"机械化的苏联农业:卫国战争时代创设的阿尔泰耕种机制造厂所出产的《ATZ》型耕种机:[照片]","时代杂志","1947","第7卷 第34期","1页",NA,"上海"
"苏联知识份子的面貌:“知识份子在苏联”之四","柯伐列夫 樊英","时代杂志","1947","第7卷 第32期","21-24","上海"
"莫斯科八百年光荣战斗历史:十八世纪时莫斯科的诺文斯克林荫路:[画图]","华斯聂卓夫","时代杂志","1947","第7卷 第35期","1页","上海"
"为建立美国第三党的斗争:“美国政党内幕”之三","符龙斯基 何歌","时代杂志","1947","第7卷 第13期","24-25，30","上海"
"男演员符拉其米尔·德鲁士尼柯夫:[照片]","时代杂志","1947","第7卷 第10期","1页",NA,"上海"
"法共和越南:三月十九日法共中央对于越南事件的声明","时代杂志","1947","第7卷 第28期","25",NA,"上海"
"苏联人民艺术家葛拉西莫夫(附照片)","时代杂志","1947","第7卷 第34期","1页",NA,"上海"
"他们不是孤儿(附照片)","康德拉塞娃 高明","时代杂志","1947","第7卷 第31期","4页","上海"
"“独立”的菲律宾","查波兹拉叶夫 英","时代杂志","1947","第7卷 第11期","13-14","上海"
"苏联全国业余艺术表演大会:不久以前，莫斯科大剧院举行了一次盛大的全国职工业余音乐舞蹈表演大会.图为外喀尔巴阡乌克兰共和国木材业职工联合会的舞踊团:[照片]","时代杂志","1947","第7卷 第11期","1页",NA,"上海"
"论德国政治统一问题","贝席明斯基 移模","时代杂志","1947","第7卷 第12期","10-11，13","上海"
"苏联动态:诺伏西比尔斯克城的汽车工厂所出产的载重三吨半的新货车:[照片]","时代杂志","1947","第7卷 第10期","1页",NA,"上海"
"迎接伟大十月社会主义革命三十周纪念节:从社会主义走向共产主义","尤琴 草婴","时代杂志","1947","第7卷 第39期","26-28","上海"
"苏联人民艺人·雕刻家赛尔盖·梅尔库洛夫，史大林文艺奖金得奖者:梅尔库洛夫在自己工作室中为亚美尼亚共和国首都叶列望创作史大林巨像:[照片]","时代杂志","1947","第7卷 第37期","1页",NA,"上海"
"苏联在建设中:白俄罗斯奥尔夏水力发电站，现已修复和开始向莫吉廖夫，奥尔夏，维吉勃斯克以及白俄罗斯共和国其他城镇输送电力:[照片]","时代杂志","1947","第7卷 第42期","2页",NA,"上海"
"对日寇的伟大胜利:纪念击溃日本帝国主义两周年","席林卓夫","时代杂志","1947","第7卷 第35期","4-5","上海"
"国际评论:美国的危机及其他","时代杂志","1947","第7卷 第20期","4，29",NA,"上海"
"日本的美式“民主”","毕扬柯夫 光祖","时代杂志","1947","第7卷 第21期","10","上海"
"苏联生活:喀山某幼稚园的女学生手持识字课本入学:[照片]","时代杂志","1947","第7卷 第21期","1页",NA,"上海"
"世界共产党越南共产党","时代杂志","1947","第7卷 第41期","24",NA,"上海"
"英国作家写的政治趣剧“第四十九州”","韦克","时代杂志","1947","第7卷 第35期","8","上海"
"在南朝鲜:希望成为泡影","亚历克赛耶夫 邓梅","时代杂志","1947","第7卷 第36期","11-12","上海"
"在南朝鲜:民主化了吗?","达拉索夫 邓梅","时代杂志","1947","第7卷 第36期","12-13","上海"
"莫斯科地下铁道:建筑将近竣工时的莫斯科地下铁道库尔斯克车站的隧道:[照片]","时代杂志","1947","第7卷 第36期","1页",NA,"上海"
"苏联生活:一九○五年对日本海军作战时英勇牺牲的“伐里亚”号巡洋舰上获救水兵之一，访问海军上将N.库士聂卓夫，陈述俄罗斯水兵在他所参加的那一次战斗中的英勇战迹:[照片]","时代杂志","1947","第7卷 第12期","1页",NA,"上海"
"风雨飘摇中的中苏条约","柯刚 罗凉","时代杂志","1947","第7卷 第13期","6，23","上海"
"苏联的报纸:某集体农场早上报差将本农场所出版的报送给集体农民:[照片]","时代杂志","1947","第7卷 第20期","1页",NA,"上海"
"蒙古人民共和国文化生活:国家音乐剧院最近演出的戏剧“三个沙拉高尔可汗”.图为该剧场面之一:[照片]","时代杂志","1947","第7卷 第19期","2页",NA,"上海"
"全世界民主妇女联合起来!:国际民主妇女联合会决议案","时代杂志","1947","第7卷 第9期","4",NA,"上海"
"莫斯科(下)","米哈伊洛夫 梁香","时代杂志","1947","第7卷 第18期","26-30","上海"
"胜利的苏维埃人民的领导者:苏联大元帅约瑟夫·史大林:[照片]","时代杂志","1947","第7卷 第18期","1页",NA,"上海"
"莫斯科中央列宁纪念馆:纪念馆一角:[照片]","时代杂志","1947","第7卷 第15期","1页",NA,"上海"
"国际一周:艰难的道路","牛宜偶","时代杂志","1947","第7卷 第15期","4-6，30","上海"
"苏联民用航空事业:保障远地人民的医药急救的特别航空救护队:[照片]","时代杂志","1947","第7卷 第14期","2页",NA,"上海"
"旅途杂记:纳粹逃犯的乐园:瑞士(附照片)","梭宾诺夫 任谷","时代杂志","1947","第7卷 第27期","20-22","上海"
"苏联十大象棋大师(附照片)","李亚斯 雷兮","时代杂志","1947","第7卷 第27期","2页，20-21","上海"
"时代书报出版社五年:时代书报出版社发行部办公室:[照片]","时代杂志","1947","第7卷 第34期","4",NA,"上海"
"时代书报出版社五年:时代书报出版社印刷部:[照片]","时代杂志","1947","第7卷 第34期","6",NA,"上海"
"苏联在建设中:史大林格勒曳引机制造厂，战时为德国法西斯党徒破坏殆尽，现已修复，并已开始出产新的曳引机:[照片]","时代杂志","1947","第7卷 第6期","1页",NA,"上海"
"战后国际和平建设的领导者:在巴黎和会上发表演说的苏联外长莫洛托夫:[照片二幅]","时代杂志","1947","第7卷 第6期","1页",NA,"上海"
"先裁军后安全呢，还是先安全后裁军?:战贩们的假面扯下来了:联大政委会十月十一日会议速写","时代杂志","1948","第8卷 第41期","15-19",NA,"上海"
"驳胡适“国际形势里的两个问题”","郭沫若","时代杂志","1948","第8卷 第9期","7-11","上海"
"为保卫农民利益而斗争的法国共产党","(法)罗塞 宋恩泽","时代杂志","1948","第8卷 第30期","15-17","上海"
"苏联在建设中:莫斯科摩托自行车制造厂出产的“莫斯科”牌新式摩托自行车:[照片]","时代杂志","1948","第8卷 第20期","封2",NA,"上海"
"好心和恶果:和爱因斯坦教授谈和平与民主问题","君山","时代杂志","1948","第8卷 第25期","20-24","上海"
"一周时事类编:世界民主青联将召开执委会","时代杂志","1948","第8卷 第50期","39",NA,"上海"
"苏联妇女:获得苏联英雄勋号的女飞行家拉伊萨·亚罗诺娃:[照片]","时代杂志","1948","第8卷 第10期","封3",NA,"上海"
"时事随感:新方向(外二题)","力夫","时代杂志","1948","第8卷 第34期","5-7","上海"
"时事随感:阳光下","钟素","时代杂志","1948","第8卷 第19期","4-6","上海"
"出版“自由”在战后日本","布宾科夫 之良","时代杂志","1948","第8卷 第23期","9-10","上海"
"一周时事类编:实行马歇尔计划后，荷兰经济益趋恶化","时代杂志","1948","第8卷 第50期","39-40",NA,"上海"
"以色列代表斥责安全理事会帮凶","时代杂志","1948","第8卷 第46期","30-31",NA,"上海"
"莫斯科的新屋:用电机修饰镶木地板:[照片]","时代杂志","1948","第8卷 第44期","封2",NA,"上海"
"纪念百年诞辰:苏柯里夫与历史绘画","北辰","时代杂志","1948","第8卷 第4期","26","上海"
"民主和反民主:百万份宣言","时代杂志","1948","第8卷 第34期","11",NA,"上海"
"少年先锋营:离营不远的池塘.孩子们常在这里捕鱼:[照片]","时代杂志","1948","第8卷 第32期","封2",NA,"上海"
"民主和反民主:模范法官","时代杂志","1948","第8卷 第29期","7",NA,"上海"
"一周时事类编:匈国工业突飞猛进","时代杂志","1948","第8卷 第50期","38",NA,"上海"
"工厂·家庭·收入:一个苏联工人生活的实例:鎚镰工厂:[照片]","时代杂志","1948","第8卷 第37期","31",NA,"上海"
"民主和反民主:“藐视国会”罪","时代杂志","1948","第8卷 第29期","7",NA,"上海"
"关于哲学史和我们哲学战线上的形势:一九四七年六月二十四日在亚历山大洛夫著“西欧哲学史”一书讨论会上的演词","梁香","时代杂志","1948","第8卷 第35期","15-21","上海"
"日本:美国在远东的宪兵:论美国独占资本家的亚洲计划","库德里亚符采夫 林秀","时代杂志","1948","第8卷 第33期","16-18","上海"
"春耕:[照片]","时代杂志","1948","第8卷 第46期","封1",NA,"上海"
"联大历次会议纪详:九月廿二日:综合委会讨论议程","时代杂志","1948","第8卷 第38期","17-18",NA,"上海"
"民主和反民主:“最幸福的一天”","时代杂志","1948","第8卷 第34期","27",NA,"上海"
"苏联艺术事业委员会的工作(一):莫斯科斯维尔德洛夫广场前的苏联国立大剧院:[照片]","时代杂志","1948","第8卷 第3期","封2",NA,"上海"
"美元开入巴黎，法郎卖身投靠:[画图]","李斯","时代杂志","1948","第8卷 第22期","6","上海"
"论巴勒斯坦问题:十一月十五日在安理会演辞","马力克","时代杂志","1948","第8卷 第46期","29-31","上海"
"苏义易货谈判，两国联合公报","时代杂志","1948","第8卷 第50期","27-28",NA,"上海"
"世界一周:义大利政权为谁服务?","鲁斯金","时代杂志","1948","第8卷 第15期","1页，4-6","上海"
"文化的堕落与文化的新生:在国际文化人保卫和平大会上演辞","法捷耶夫 无以","时代杂志","1948","第8卷 第49期","31-37","上海"
"莫斯科的新屋:庞大的起重机起运建筑材料:[照片]","时代杂志","1948","第8卷 第44期","封2",NA,"上海"
"民主和反民主:军装投机家","时代杂志","1948","第8卷 第20期","8",NA,"上海"
"喂(附图):[诗歌]","马尔夏克 海白","时代杂志","1948","第8卷 第12期","20-21","上海"
"美国为什么要控制荷印?","柯根 林秀","时代杂志","1948","第8卷 第34期","24-25","上海"
"苏联妇女:莫斯科地下铁道女工程师娜姐莎·贝科娃:[照片]","时代杂志","1948","第8卷 第10期","封2",NA,"上海"
"民主和反民主:教育之果","时代杂志","1948","第8卷 第38期","41",NA,"上海"
"斯拉夫民族舞(三):乌克兰“村姑”舞.“村姑”登场:[照片]","时代杂志","1948","第8卷 第5期","封4",NA,"上海"
"警卫周密:[画图]","库克莱尼克赛","时代杂志","1948","第8卷 第6期","4","上海"
"一周时事类编:贪污风吹到英工党政府","时代杂志","1948","第8卷 第49期","39",NA,"上海"
"柏林发生了什么?","伊林 君山","时代杂志","1948","第8卷 第32期","29-31","上海"
"忆莫斯科艺术剧院:为纪念莫斯科艺术剧院五十周年而作(附照片)","戈宝权","时代杂志","1948","第8卷 第42期","40-42","上海"
"世界一周:与佛朗哥齐名的人物","郭华烈","时代杂志","1948","第8卷 第40期","1页，4-7","上海"
"苏维埃国家对妇女健康的关注:从上图中可以看出苏联产科医院床位增加状况:[照片]","时代杂志","1948","第8卷 第9期","封3",NA,"上海"
"为土地改革而斗争的日本农民","维克多洛夫 思立","时代杂志","1948","第8卷 第16期","23-24","上海"
"即将竖立于莫斯科的玛雅柯夫斯基纪念像:[照片]","时代杂志","1948","第8卷 第38期","封1",NA,"上海"
"所谓大西洋公约","时代杂志","1948","第8卷 第45期","24",NA,"上海"
"越南敲起了殖民主义的丧钟","许端光","时代杂志","1948","第8卷 第45期","38-41","上海"
"十月革命和中国","亚历山大洛夫","时代杂志","1948","第8卷 第43期","10-11","上海"
"苏联共产党(布)中央颁布纪念本届十月革命节口号","时代杂志","1948","第8卷 第44期","8-10",NA,"上海"
"论朝鲜局势","马尔柯夫","时代杂志","1948","第8卷 第42期","9-10","上海"
"和平民主战士:马蒂亚斯·拉科西(附照片)","白洛夫 雷兮","时代杂志","1948","第8卷 第18期","24-25","上海"
"日本威胁和平与安全吗?","普雷塞夫斯基 任谷","时代杂志","1948","第8卷 第23期","7-8","上海"
"理论与批判:现代资本主义奴隶制度“理论家”","勃侣明 何歌","时代杂志","1948","第8卷 第23期","17-19","上海"
"民主和反民主:强盗和总统","时代杂志","1948","第8卷 第36期","34",NA,"上海"
"三年来的日本劳工运动","马尔柯夫 硕夫","时代杂志","1948","第8卷 第47期","15-18","上海"
"十月革命节纪念大会上莫洛托夫报告全文(续)","莫洛托夫","时代杂志","1948","第8卷 第45期","25-26","上海"
"十月革命节前夕，苏京市街风景线","时代杂志","1948","第8卷 第44期","8-9",NA,"上海"
"苏维埃国家对妇女健康的关注:苏联对于母亲和婴孩的关注:[画图]","时代杂志","1948","第8卷 第9期","封3",NA,"上海"
"苏联的雕刻:苏联英雄契尔匿霍夫斯基将军胸像，作者符契维奇因此像获得史大林奖金:[照片]","时代杂志","1948","第8卷 第19期","封3",NA,"上海"
"华尔街三剑客:胡佛--范登堡--杜尔斯","罗森茨维格 雷兮","时代杂志","1948","第8卷 第11期","30-33","上海"
"民主和反民主:危险的影片","时代杂志","1948","第8卷 第13期","14",NA,"上海"
"马来亚真相:“劳动报”专文摘要","时代杂志","1948","第8卷 第45期","35-36",NA,"上海"
"民主和反民主:狡猾的幽灵","时代杂志","1948","第8卷 第38期","41",NA,"上海"
"美帝国主义与殖民地世界","(美)菲力泼斯 石蕴","时代杂志","1948","第8卷 第8期","13-16","上海"
"一周时事类编:中国领事馆前纽约市民示威","时代杂志","1948","第8卷 第49期","41",NA,"上海"
"战斗中的西班牙人民","(西)李斯特 移模","时代杂志","1948","第8卷 第15期","12-13","上海"
"论波兰工人党中央委员会的工作:一九四七年九月底在各国共产党代表席上的报告","高摩尔加 何歌","时代杂志","1948","第8卷 第13期","21-29","上海"
"印度问题面面观(附图)","阿历克赛叶夫 何歌","时代杂志","1948","第8卷 第34期","12-18","上海"
"民主和反民主:美国游客云集荷兰","时代杂志","1948","第8卷 第28期","7",NA,"上海"
"一个希腊读者的报告:美国怎样“援助”希腊","祖文","时代杂志","1948","第8卷 第1期","30-32","上海"
"今日的北朝鲜:北朝鲜人民委员会选举庆祝大会时，朝鲜学童表演朝鲜民族舞蹈:[照片]","时代杂志","1948","第8卷 第8期","封3",NA,"上海"
"德国人民的呼声:三、抗议鲁尔工业归还原主","时代杂志","1948","第8卷 第47期","20",NA,"上海"
"一周时评:评柏林西区“选举”","时代杂志","1948","第8卷 第48期","5",NA,"上海"
"莫斯科之春:莫斯科州收割:[照片]","时代杂志","1948","第8卷 第16期","封2",NA,"上海"
"苏联的儿童:苏联战时失去父母的儿童，都在特设的幼稚园里受到温暖的关心和教养:[照片]","时代杂志","1948","第8卷 第13期","封2",NA,"上海"
"高尔基致孙中山先生的信(附照片)","时代杂志","1948","第8卷 第12期","封2",NA,"上海"
"复兴:准备乘自行车出游的农女:[照片]","时代杂志","1948","第8卷 第40期","封2",NA,"上海"
"一周时评:巴黎联合国大会告诉我们什么?","时代杂志","1948","第8卷 第50期","1页，4",NA,"上海"
"喀山“高尔基”农业研究所:[照片]","时代杂志","1948","第8卷 第49期","封1",NA,"上海"
"俄罗斯东正教会独立五百周纪念:一九四八年七月八日莫斯科暨全俄罗斯总主教亚历克西领导莫斯科在莫斯科大寺院举行礼拜仪式:[照片]","时代杂志","1948","第8卷 第49期","封2",NA,"上海"
"关于四国柏林问题谈判，塔斯社受权发表声明","时代杂志","1948","第8卷 第38期","8",NA,"上海"
"英镑奴才:“死海王”阿勃杜拉","奥西波夫 雷兮","时代杂志","1948","第8卷 第22期","20-23","上海"
"苏维埃军队在普拉格:[照片]","时代杂志","1948","第8卷 第18期","封2",NA,"上海"
"民主和反民主:野兽和人","时代杂志","1948","第8卷 第26期","26",NA,"上海"
"中国与对日和约问题","季莫菲叶夫 思立","时代杂志","1948","第8卷 第10期","12-13","上海"
"比罗比疆:犹太自治共和国:比罗比疆市内街道之一 :[照片]","时代杂志","1948","第8卷 第36期","封2",NA,"上海"
"一周时事类编:美陆长抵雅典","时代杂志","1948","第8卷 第50期","40",NA,"上海"
"史大林答覆华莱士的声明","史大林","时代杂志","1948","第8卷 第19期","8-9","上海"
"新进攻的标志","凌修","时代杂志","1948","第8卷 第34期","21","上海"
"远东人民又碰到了威胁","艾杜斯 君山","时代杂志","1948","第8卷 第33期","19-20","上海"
"“女贵族莫罗索娃”(一八八一至一八八七):[画图]","时代杂志","1948","第8卷 第4期","封3",NA,"上海"
"民食在苏联:“乌克兰”产销合作社肉类部:[照片]","时代杂志","1948","第8卷 第29期","封2",NA,"上海"
"美国的军事化","奥席洛夫 移模","时代杂志","1948","第8卷 第25期","16-19","上海"
"“小小”的修改:[画图]","叶菲莫夫","时代杂志","1948","第8卷 第21期","5","上海"
"乌兹倍克塔什干国家艺术陈列馆馆长，女画家哈桑诺娃:[照片]","时代杂志","1948","第8卷 第27期","封1",NA,"上海"
"七年前苏德战争在这里开始(附照片)","时代杂志","1948","第8卷 第24期","封2",NA,"上海"
"复兴:“波克罗夫斯柯叶”集体农场新筑的房屋:[照片]","时代杂志","1948","第8卷 第40期","封2",NA,"上海"
"斥横行霸道的美国原子政策(续完):维辛斯基十月一日在联大政委会演词","时代杂志","1948","第8卷 第40期","15-23",NA,"上海"
"美国在日“新路线”的成果","科维成柯 林秀","时代杂志","1948","第8卷 第33期","18","上海"
"民主和反民主:正义的呼声","时代杂志","1948","第8卷 第29期","7",NA,"上海"
"苏联共产党(布尔雪维克)政治局委员(上):伏罗希洛夫:[照片]","时代杂志","1948","第8卷 第17期","封2",NA,"上海"
"乌兹倍克斯坦:朝鲜人的“北极星”集体农场:集体农民子弟在朝鲜学校求学:[照片]","时代杂志","1948","第8卷 第15期","封3",NA,"上海"
"苏联妇女:女作家纹黛·华西列夫斯卡:[画图]","时代杂志","1948","第8卷 第10期","封2",NA,"上海"
"民主和反民主:最后机会","时代杂志","1948","第8卷 第22期","19",NA,"上海"
"时事随感:恐吓手段及其他","力夫","时代杂志","1948","第8卷 第32期","4-7","上海"
"蒙特法案:[画图]","司田","时代杂志","1948","第8卷 第31期","5","上海"
"时事随感:反苏新法","钟素","时代杂志","1948","第8卷 第3期","4-7","上海"
"印荷签订停战协定的真相","华洛夫 何歌","时代杂志","1948","第8卷 第9期","25-27","上海"
"两年前后:[画图二幅]","叶菲莫夫","时代杂志","1948","第8卷 第37期","14","上海"
"幸福国家的幸福儿童:[照片]","时代杂志","1948","第8卷 第35期","封1",NA,"上海"
"美国独占资本怎样进攻美国工人生活水准","齐明 君山","时代杂志","1948","第8卷 第29期","24-25","上海"
"日本社会党内閧丑史","尼柯尔斯基 安尼","时代杂志","1948","第8卷 第16期","19-20","上海"
"论出版和新闻自由(“新时代”周刊社论)","程立","时代杂志","1948","第8卷 第17期","20-21，26","上海"
"民主和反民主:贝当后援会","时代杂志","1948","第8卷 第38期","41",NA,"上海"
"本届联大全体会上维辛斯基演词全文","时代杂志","1948","第8卷 第38期","9-16",NA,"上海"
"今日东京(日本通信)","伐夏夫斯基 移模","时代杂志","1948","第8卷 第50期","33-36","上海"
"从“柏林问题”看美英法政策，史大林答“真理报”记者问","时代杂志","1948","第8卷 第43期","17",NA,"上海"
"维辛斯基的演说引起空前的掌声:各小国代表深受感动","时代杂志","1948","第8卷 第38期","10",NA,"上海"
"民主和反民主:好莱坞的“创造问题”","时代杂志","1948","第8卷 第22期","18",NA,"上海"
"英美干涉希腊的结果","思立","时代杂志","1948","第8卷 第13期","34","上海"
"司徒大使的“进步运动”","齐诺甫","时代杂志","1948","第8卷 第10期","6-11","上海"
"朝鲜人民民主共和国外长致赖伊和伊瓦特的抗议电","时代杂志","1948","第8卷 第49期","10",NA,"上海"
"苏联国民教育:国立基辅大学的一群大学生:[照片]","时代杂志","1948","第8卷 第47期","封2",NA,"上海"
"繁用消费品生产在苏联:“红十月”糖果厂出产的朱古力糖:[照片]","时代杂志","1948","第8卷 第46期","封2",NA,"上海"
"为日本民主化而斗争的苏联","克拉依诺夫","时代杂志","1948","第8卷 第43期","9-10","上海"
"五一国际劳动节在莫斯科:游行群众的一角:[照片]","时代杂志","1948","第8卷 第28期","封2",NA,"上海"
"苏联共产党(布尔雪维克)政治局委员(下):赫鲁歇夫:[照片]","时代杂志","1948","第8卷 第17期","封3",NA,"上海"
"苏联的儿童:莫斯科傀儡剧场中的儿童观众:[照片]","时代杂志","1948","第8卷 第13期","封2",NA,"上海"
"印度通讯:印度:农民的炼狱","萧演","时代杂志","1948","第8卷 第34期","18-20","上海"
"苏联的民族政策","杰洛夫 君山","时代杂志","1948","第8卷 第43期","7-8","上海"
"俄罗斯音乐天才葛林卡:苏联文艺传记影片“陌上春回”:葛林卡的妻子:俄罗斯共和国功勋演员谢洛娃饰:[照片]","时代杂志","1948","第8卷 第27期","封2",NA,"上海"
"世界一周:华盛顿发令员的骄横","郭华烈","时代杂志","1948","第8卷 第25期","1页，4-6","上海"
"民主和反民主:练兵一览","时代杂志","1948","第8卷 第33期","14",NA,"上海"
"苏联的茶:乔治亚“佳克华”茶叶集体种植场:[照片]","时代杂志","1948","第8卷 第9期","封2",NA,"上海"
"苏维埃军队在索菲亚:[照片]","时代杂志","1948","第8卷 第18期","封3",NA,"上海"
"最近战局的发展","李查克 何干","时代杂志","1948","第8卷 第16期","8-9","上海"
"苏联的茶:乔治亚“佳克华”茶叶集体种植场的优秀采茶女叶琳娜，佳奇华才:[照片]","时代杂志","1948","第8卷 第9期","封2",NA,"上海"
"世界一周:日本对外发展的蜘蛛爪","鲁斯金","时代杂志","1948","第8卷 第14期","1页，4-6，34","上海"
"民主和反民主:密约与基地","时代杂志","1948","第8卷 第34期","11",NA,"上海"
"时事随感:祝中苏友谊(外二题)","钟素","时代杂志","1948","第8卷 第17期","23-26","上海"
"民主和反民主:他们的“科学”","时代杂志","1948","第8卷 第36期","34",NA,"上海"
"关于柏林的局势:苏联政府致美国政府的覆文","时代杂志","1948","第8卷 第28期","9-10",NA,"上海"
"将永远活在战士们的心里","时代杂志","1948","第8卷 第35期","12",NA,"上海"
"美间谍在苏被捕","时代杂志","1948","第8卷 第32期","32",NA,"上海"
"民主和反民主:不值得纪念","时代杂志","1948","第8卷 第18期","34",NA,"上海"
"苏维埃军队在贝尔格勒:[照片]","时代杂志","1948","第8卷 第18期","封3",NA,"上海"
"美国进步力量一致呼吁，要求美苏合作停止冷战","时代杂志","1948","第8卷 第46期","26-27",NA,"上海"
"论四亿六千三百万","韩小煦","时代杂志","1948","第8卷 第14期","7-10，34","上海"
"苏联艺术事业委员会的工作(二):莫斯科特列季亚科夫画苑，里面收集的俄国画家的作品，是全世界最多的:[照片]","时代杂志","1948","第8卷 第3期","封3",NA,"上海"
"苏联全貌(四):北海捕鱼:[照片]","时代杂志","1945","第5卷 第6期","17",NA,"上海"
"在新波兰:在集会的讲坛上:[照片]","时代杂志","1945","第5卷 第15期","封3",NA,"上海"
"一九四五年五月二日苏联红军战士插在柏林德国国会大厦之上的胜利的苏维埃红旗:[照片]","时代杂志","1945","第5卷 第12期","封1",NA,"上海"
"关于德国投降的几张历史照片:苏联坦克车手于一九四五年五月二日在柏林“凯旋”门口举行露天大会:[照片]","时代杂志","1945","第5卷 第12期","封2",NA,"上海"
"特写:柏林市街战:政府，秩序，力量","时代杂志","1945","第5卷 第2期","21",NA,"上海"
"美报“P.M.”曝露:德国工业家与金融家准备战后活动的阴谋","时代杂志","1945","第5卷 第5期","11-12",NA,"上海"
"解放了的法兰西","斯吉普尼亚克","时代杂志","1945","第5卷 第4期","15-18","上海"
"国际观察:捷克斯洛伐克解放运动(下期续完)","勃拉尼克","时代杂志","1945","第5卷 第14期","6-8","上海"
"苏波签订两协定","时代杂志","1945","第5卷 第12期","6",NA,"上海"
"五月一日","史维特洛夫","时代杂志","1945","第5卷 第1期","1页，4","上海"
"国际一周:希腊保皇党与法西斯势力","时代杂志","1945","第5卷 第12期","9",NA,"上海"
"苏军与英美联军在德会师:莫斯科以三百廿四尊大炮鸣礼炮廿四响庆贺苏联最高总司令命令","史大林","时代杂志","1945","第5卷 第1期","19","上海"
"德纳粹准备第三次世界大战","时代杂志","1945","第5卷 第1期","13-14",NA,"上海"
"国际一周间:日本的政治生命","阿尔古斯","时代杂志","1945","第5卷 第23期","11-12","上海"
"苏联是和平与安全的柱石:为纪念十月革命廿八周年作","阿尔古斯","时代杂志","1945","第5卷 第19期","4-5","上海"
"特写:柏林市街战:一面进攻，一面整理","时代杂志","1945","第5卷 第2期","22",NA,"上海"
"红军进入德土:苏联英雄拉克赤夫少将.他部下的飞行士曾击下德机七百架:[照片]","时代杂志","1945","第5卷 第1期","封2",NA,"上海"
"法国的政治生命","时代杂志","1945","第5卷 第10期","14-16",NA,"上海"
"特写:柏林市街战:满城飞扬白旗(附图)","时代杂志","1945","第5卷 第1期","20-21",NA,"上海"
"塔斯社声明:关于所谓波兰要员“失踪”","时代杂志","1945","第5卷 第3期","4",NA,"上海"
"武功煊赫的三英雄:“真理报”六月二日社论(附图)","时代杂志","1945","第5卷 第7期","3-4",NA,"上海"
"复兴被破坏的城乡:列宁格勒的著名古桥“安尼赤柯夫桥”，战时被敌破坏，现在进行复兴中:[照片]","时代杂志","1945","第5卷 第4期","封3",NA,"上海"
"梵蒂冈与战后整理问题(续完)","米尔尼柯夫 阶","时代杂志","1945","第5卷 第24期","20-21","上海"
"无苏联即无和平","时代杂志","1945","第5卷 第6期","13-14",NA,"上海"
"苏联全貌(二):苏联鱼产丰富:[照片]","时代杂志","1945","第5卷 第3期","21",NA,"上海"
"国际一周:邱吉尔谈英国外交政策","时代杂志","1945","第5卷 第9期","14",NA,"上海"
"直捣柏林:(二)柏林巷战记","维希聂夫斯基 淑林","时代杂志","1945","第5卷 第13期","24-26","上海"
"苏联后方:民众一切力量献给最后胜利:某军火工厂努力制造军火:[照片]","时代杂志","1945","第5卷 第1期","封3",NA,"上海"
"国际一周间:法国的新生命","阿尔古斯","时代杂志","1945","第5卷 第23期","15-16","上海"
"苏联全貌:南方高加索的疗养处:[照片]","时代杂志","1945","第5卷 第2期","17",NA,"上海"
"红场胜利阅兵观礼记(附照片)","时代杂志","1945","第5卷 第10期","4-6",NA,"上海"
"国际一周:驻德协约军管理局公告","时代杂志","1945","第5卷 第15期","13",NA,"上海"
"国际一周:保国主教向报界发表谈话","时代杂志","1945","第5卷 第15期","15",NA,"上海"
"特写:柏林市街战:哥萨克和坦克","时代杂志","1945","第5卷 第2期","20-21",NA,"上海"
"国际一周:英工党主张与苏交好","时代杂志","1945","第5卷 第6期","15",NA,"上海"
"保国人民努力建立民主政府:爱国阵线发表宣言","时代杂志","1945","第5卷 第11期","11",NA,"上海"
"红军争夺柏林之战:柏林入口处火点之一，被苏联大炮击中:[照片]","时代杂志","1945","第5卷 第14期","封2",NA,"上海"
"解放后的苏维埃土地:著名的铁匠:少共女团员契夫庆切娃，她一人一天做两人的工作:[照片]","时代杂志","1945","第5卷 第3期","封3",NA,"上海"
"夏令运动在苏联:苏联游泳冠军波伊庆珂:[照片]","时代杂志","1945","第5卷 第8期","封2",NA,"上海"
"德国国内苏联占领区军政府命令","(苏)树柯夫 (苏)顾拉索夫","时代杂志","1945","第5卷 第8期","19","上海"
"苏联十月革命纪念节莫洛托夫演辞:苏联人民委员长苏维埃副主席兼外交人民委员长莫洛托夫在莫斯科市劳动者代表苏维埃举行的伟大十月社会主义革命二十八周纪念大会席上的报告","时代杂志","1945","第5卷 第20期","3-6",NA,"上海"
"旧金山会议席上莫洛托夫演词:苏联外交人民委员长莫洛托夫:[照片]","时代杂志","1945","第5卷 第2期","5",NA,"上海"
"保加利亚作家会见记","铁霍诺夫","时代杂志","1945","第5卷 第20期","24-26","上海"
"世界之窗:最后的堡垒:[画图]","米谷","时代杂志","1945","第5卷 第19期","封3","上海"
"特写:柏林市街战:“我在柏林”","时代杂志","1945","第5卷 第1期","23-24",NA,"上海"
"从史大林格勒攻到柏林的胜利红旗:[画图]","时代杂志","1945","第5卷 第4期","封1",NA,"上海"
"高尔基生活片断:一九二○年高尔基和列宁:[照片]","时代杂志","1945","第5卷 第8期","封3",NA,"上海"
"上海苏联侨民举行庆祝胜利大会","时代杂志","1945","第5卷 第8期","18",NA,"上海"
"苏联的特色:文化生活在苏联:乌克兰某集体农场俱乐部里表演的乌克兰民族艺术节目:[照片]","时代杂志","1945","第5卷 第19期","18",NA,"上海"
"国际一周:危险!美国预备保全德国工业!","时代杂志","1945","第5卷 第14期","13",NA,"上海"
"查高尔斯克玩具陈列馆:安娜·儒柯娃在查高尔斯克玩具厂涂绘木制玩具:[照片]","时代杂志","1948","第8卷 第37期","封3",NA,"上海"
"苏联最高苏维埃:苏联最高苏维埃举行会议之后休息时各代表在大克里姆林宫乔治厅散步憩息:[照片]","时代杂志","1948","第8卷 第2期","封2",NA,"上海"
"答美国读者书:美国人民和美国战争贩子","泰伊庚 查克","时代杂志","1948","第8卷 第1期","23-27","上海"
"日丹诺夫病逝:联共中央和苏联政府发表公报","时代杂志","1948","第8卷 第34期","1页",NA,"上海"
"华沙八国外长会议:关于伦敦六国会议的声明(一九四八年六月二十四日)","时代杂志","1948","第8卷 第25期","7-9",NA,"上海"
"私人财产在苏联","安菲基亚特罗夫 伊平","时代杂志","1948","第8卷 第50期","19-21","上海"
"复兴:莫斯科州波克罗夫斯柯叶村在逐走希特勒党徒之后的遗迹:[照片]","时代杂志","1948","第8卷 第40期","封2",NA,"上海"
"波兰工人党的新生:批评前领导人高穆尔卡的错误","(波)贝鲁特 黄克美","时代杂志","1948","第8卷 第43期","36-41","上海"
"盖世太保在美国","颖颐","时代杂志","1948","第8卷 第21期","14","上海"
"为改善生活而斗争的日本工人","华新 思立","时代杂志","1948","第8卷 第16期","21-22","上海"
"日本的报纸","奥尔洛夫 林秀","时代杂志","1948","第8卷 第33期","21-22","上海"
"华沙的盛会","时代杂志","1948","第8卷 第31期","22",NA,"上海"
"论苏联的和平政策","弗理曼 移模","时代杂志","1948","第8卷 第38期","24-27","上海"
"世界一周:华盛顿狂想曲","鲁斯金","时代杂志","1948","第8卷 第11期","1页，4-6","上海"
"关于美国大选的四个问题","(美)丹尼斯","时代杂志","1948","第8卷 第11期","22-26","上海"
"和平民主战士:希腊民主军战士及其领袖马戈斯将军","斯梅良诺夫 卡尔伏尼迭 何歌","时代杂志","1948","第8卷 第1期","33-34，32","上海"
"为完全独立和人民民主而斗争:印度共产党中央委员会对于目前政治形势的决议(一九四七年十二月七日--十六日，孟买)","时代杂志","1948","第8卷 第7期","11-15",NA,"上海"
"论知识份子的类型","费泼莱","时代杂志","1948","第8卷 第11期","10-11，29","上海"
"俄罗斯东正教会独立五百周纪念:波兰东正教总主教季莫菲，安蒂奥克总主教代表:大司教亚历山大，乔治亚总主教卡里斯特立特，大司教日耳曼，寒尔维亚总主教迦甫利尔:[照片]","时代杂志","1948","第8卷 第49期","封2",NA,"上海"
"十月革命的敌人的命运","库尔纳珂夫 任谷","时代杂志","1948","第8卷 第45期","32-34","上海"
"论国际裁军:十月七日在联大政委会演辞(未完)","维辛斯基","时代杂志","1948","第8卷 第40期","24-25","上海"
"乌兹贝克共和国:塔什干学校女学生绘制纪念乌兹贝克请人那伏伊的壁画:[照片]","时代杂志","1948","第8卷 第35期","封2",NA,"上海"
"我为什么重返祖国:一个和英国人结婚的苏联女子给“真理报”编者的信","马库兴娜","时代杂志","1948","第8卷 第23期","24-25","上海"
"上海普希金纪念像揭幕(附照片)","N.K.","时代杂志","1948","第8卷 第2期","封3","上海"
"苏联的儿童:“斯维尔德洛夫”纺绸厂幼稚园在十月革命三十周纪念日举行庆祝大会，图中为奥丽亚·叶里萨洛娃朗诵诗歌“十月节”:[照片]","时代杂志","1948","第8卷 第13期","封2",NA,"上海"
"看得好清楚!:[画图]","普罗科洛夫","时代杂志","1948","第8卷 第8期","25","上海"
"苏联的茶:乔治亚卡布列茨基区“加里宁”集体农场茶叶种植园:[照片]","时代杂志","1948","第8卷 第9期","封2",NA,"上海"
"一周时事类编:波兰共社两党举行合并大会","时代杂志","1948","第8卷 第50期","38-39",NA,"上海"
"远东大国一致原则与和平安全问题","季莫菲耶夫 思立","时代杂志","1948","第8卷 第3期","18-19","上海"
"英国和马歇尔计划:一九四八年一月二十九日英国共产党执行委员会的声明","时代杂志","1948","第8卷 第14期","26-27",NA,"上海"
"世界一周:美国向军国主义迈进","鲁斯金","时代杂志","1948","第8卷 第12期","1页，4-6","上海"
"华尔街三剑客之四:美国扩张政策的发言人","罗森茨维格 雪兮","时代杂志","1948","第8卷 第21期","19-20","上海"
"莫斯科“高尔基”文化休息公园:池塘旁的茶座:[照片]","时代杂志","1948","第8卷 第12期","封3",NA,"上海"
"世界两周:真和平与假和平","郭华烈","时代杂志","1948","第8卷 第18期","1页，4-7","上海"
"希腊问题讨论结束了:英美集团硬生生地埋葬了苏联的合理建议","时代杂志","1948","第8卷 第47期","30-32",NA,"上海"
"理论和批判:论国家资本主义与社会主义","(美)艾伦 谢明","时代杂志","1948","第8卷 第28期","26-30","上海"
"苏联艺术在国外(附照片)","(苏)列彼兴斯卡雅 榆青","时代杂志","1948","第8卷 第1期","45-47","上海"
"民主和反民主:如此“代价”!","时代杂志","1948","第8卷 第34期","11",NA,"上海"
"俄罗斯音乐天才葛林卡:苏联文艺传记影片“陌上春回”:葛林卡写作歌剧“伊凡·苏蕯宁”(契尔柯夫饰 ):[照片]","时代杂志","1948","第8卷 第27期","封2",NA,"上海"
"惶惑与混乱","时代杂志","1948","第8卷 第37期","9",NA,"上海"
"乌克兹斯倍坦:朝鲜人的“北极星”集体农场:收割稻果:[照片]","时代杂志","1948","第8卷 第15期","封2",NA,"上海"
"马脚:[画图]","司田","时代杂志","1948","第8卷 第27期","11","上海"
"从数字和事实看苏军","君山","时代杂志","1948","第8卷 第8期","8","上海"
"希腊解放区","求思","时代杂志","1948","第8卷 第31期","29-33","上海"
"苏联的新剧场:哈萨克共和国首都阿尔马:阿达为儿童设立的新剧院:[照片]","时代杂志","1948","第8卷 第38期","封2",NA,"上海"
"聂克拉索夫逝世七十周年祭:伟大俄罗斯民主诗人","苏尔柯夫 知侏","时代杂志","1948","第8卷 第2期","22-24，21","上海"
"苏联共产党(布尔雪维克)政治局委员(下):柯赛庚:[照片]","时代杂志","1948","第8卷 第17期","封3",NA,"上海"
"乔治亚民族舞:古代特比里西的“卡拉巧格里”舞:[照片]","时代杂志","1948","第8卷 第34期","封2",NA,"上海"
"美国化的比利时","查斯拉夫斯基 张俗","时代杂志","1948","第8卷 第21期","15-18","上海"
"时事随感:柏林问题(外二题)","力夫","时代杂志","1948","第8卷 第31期","4-7","上海"
"民主和反民主:“美国的武士道”","时代杂志","1948","第8卷 第22期","19",NA,"上海"
"奸细(上)","(法)阿拉贡 磊然","时代杂志","1948","第8卷 第4期","23-25","上海"
"远东委会苏联代表发表严正声明","时代杂志","1948","第8卷 第37期","8",NA,"上海"
"乌兹贝克共和国:安箕尚区史大林集体农场女子排球队:[照片]","时代杂志","1948","第8卷 第35期","封2",NA,"上海"
"乡村女教师尼娜·诺伏西尔采娃:尼娜·诺伏西尔采娃上课:[照片]","时代杂志","1948","第8卷 第48期","封2",NA,"上海"
"谈义大利选举:选举后和义共机关报“团结”报记者的谈话录(附照片)","陶里亚蒂","时代杂志","1948","第8卷 第28期","19-21","上海"
"国际“第三方面”头子莱翁·勃鲁姆真面目","卡拉斯尼科娃 雷兮","时代杂志","1948","第8卷 第12期","24-28","上海"
"民主和反民主:伪善的纪录","时代杂志","1948","第8卷 第1期","26-27",NA,"上海"
"一周时事类编:“消息报”评论捷克五年计划","时代杂志","1948","第8卷 第48期","41",NA,"上海"
"民主和反民主:测量师的元凶","时代杂志","1948","第8卷 第34期","27",NA,"上海"
"反新战争，反战争贩子!:苏联政府致荷兰政府通牒","时代杂志","1948","第8卷 第26期","10",NA,"上海"
"金元和黑单:[画图]","司田","时代杂志","1948","第8卷 第23期","6","上海"
"整肃和加强民主青年的队伍","安季波夫 思立","时代杂志","1948","第8卷 第8期","12","上海"
"文化圈:苏联作家协会举行第十二届全体大会","时代杂志","1948","第8卷 第50期","36",NA,"上海"
"为国家独立和反对美国扩张而斗争的法国共产党(下):一九四七年九月底在各国共产党代表会议席上的报告","时代杂志","1948","第8卷 第5期","18-21",NA,"上海"
"民主和反民主:“黄牛党”在英国","时代杂志","1948","第8卷 第13期","14",NA,"上海"
"民主和反民主:真假“浮杜先生”","时代杂志","1948","第8卷 第23期","21",NA,"上海"
"繁用消费品生产在苏联:莫斯科“红十月”糖果厂每年生产糖果达八千生的纳:[照片]","时代杂志","1948","第8卷 第46期","封2",NA,"上海"
"民主和反民主:模范记者","时代杂志","1948","第8卷 第29期","7",NA,"上海"
"苏与朝鲜建立邦交，两国首长交换函件:史大林给金日成的覆信","史大林","时代杂志","1948","第8卷 第41期","8","上海"
"民主和反民主:“悦耳”的话","时代杂志","1948","第8卷 第4期","12",NA,"上海"
"民主和反民主:“髒手”","时代杂志","1948","第8卷 第2期","17",NA,"上海"
"本社新书介绍:“美国人在日本”:库尔冈诺夫著，孟昌译","时代杂志","1948","第8卷 第37期","33",NA,"上海"
"论苏联建立大森林掩蔽带的创举(“真理报”社论)","时代杂志","1948","第8卷 第43期","34-35",NA,"上海"
"旧路:[画图]","珂森","时代杂志","1948","第8卷 第28期","4","上海"
"斯达哈诺夫运动的发源地:乌克兰苏维埃社会主义共和国(附图)","高洛伐尼夫斯基 思立","时代杂志","1948","第8卷 第3期","28-29","上海"
"美帝扩张图","(英)勃朗 黄伯魁","时代杂志","1948","第8卷 第25期","11-15","上海"
"关于哲学史和我们哲学战线上的形势(续完):一九四七年六月二十四日在亚历山大洛夫著“西欧哲学史”一书讨论会上的演词","日丹诺夫 梁香","时代杂志","1948","第8卷 第36期","26-29","上海"
"马列主义思想的宝藏:纪念“联共(布)党史简明教程”出版十周年","斯列波夫 宋恩泽","时代杂志","1948","第8卷 第39期","29-33","上海"
"苏与朝鲜建立邦交，两国首长交换函件:金日成给史大林的信","金日成","时代杂志","1948","第8卷 第41期","8","上海"
"爱沙尼亚人民歌咏节:[照片]","时代杂志","1948","第8卷 第16期","封1",NA,"上海"
"所谓“第三方面”:[画图]","库克莱尼克赛","时代杂志","1948","第8卷 第12期","18","上海"
"今日的南北朝鲜:欣欣向荣的北朝鲜:二、土地改革的果实","彼得洛夫 思立","时代杂志","1948","第8卷 第18期","30-32","上海"
"莫斯科帆船竞赛大会:[照片]","时代杂志","1948","第8卷 第24期","封1",NA,"上海"
"苏联共产党(布尔雪维克)政治局委员(下):卡冈诺维奇:[照片]","时代杂志","1948","第8卷 第17期","封3",NA,"上海"
"刽子手佛朗哥(附图)","(西)阿尔贡那达 雷兮","时代杂志","1948","第8卷 第15期","20-22","上海"
"北朝鲜的工人生活","柯维任科 祖立","时代杂志","1948","第8卷 第23期","12-13","上海"
"“石工--无产阶级的武器”:[雕刻]","(苏)夏德尔杰","时代杂志","1948","第8卷 第17期","封1","上海"
"南国逃亡将军一封公开信:反对南共领导份子","时代杂志","1948","第8卷 第36期","13-15",NA,"上海"
"评联大通过英美集团的人权宣言草案","时代杂志","1948","第8卷 第49期","19-20",NA,"上海"
"论现代右翼社会民主党(待续)","顾西宁 林秀","时代杂志","1948","第8卷 第37期","11-16","上海"
"乔治亚民族舞:山民的“卡法”舞:[照片]","时代杂志","1948","第8卷 第34期","封2",NA,"上海"
"苏联的儿童:一群苏联儿童在暑假中乘“赫尔岑”号轮船出游:[照片]","时代杂志","1948","第8卷 第13期","封3",NA,"上海"
"一月十日密勒士评论报社论:中国战局新趋势","查克","时代杂志","1948","第8卷 第3期","10-12","上海"
"黑海岸熊山:[照片]","时代杂志","1948","第8卷 第21期","封1",NA,"上海"
"美国人看美国经济","时代杂志","1948","第8卷 第37期","28",NA,"上海"
"苏联外交部发表公报下月起撤退驻韩苏军，希望美国亦同意撤退驻韩美军","时代杂志","1948","第8卷 第37期","8",NA,"上海"
"关于美韩政权移交协定，南韩国民大会一幕丑剧","时代杂志","1948","第8卷 第39期","28",NA,"上海"
"亚塞拜然国立音乐院附设音乐学校学生演奏青年作曲家亚历斯格洛夫的“无言歌”:[照片]","时代杂志","1948","第8卷 第26期","封1",NA,"上海"
"苏美冲突:民主与反动之战(附图)","顾马拉曼迦朗 邓梅","时代杂志","1948","第8卷 第1期","16-22","上海"
"兵士的话:[诗歌]","顾德科静 黑白","时代杂志","1948","第8卷 第5期","29-28","上海"
"少年先锋营:少年先锋营房之一:[照片]","时代杂志","1948","第8卷 第32期","封2",NA,"上海"
"撕破战贩们的假面具:十一月十一日在联大第一委员会演辞(未完)","维辛斯基","时代杂志","1948","第8卷 第45期","8-12","上海"
"世界一周:新诡术与旧阴谋","郭华烈","时代杂志","1948","第8卷 第43期","12-16","上海"
"记基洛夫村集体农场","科特维奇 小丰","时代杂志","1948","第8卷 第50期","20-24","上海"
"民主和反民主:“特种工具”","时代杂志","1948","第8卷 第26期","7",NA,"上海"
"印度解放斗争的透视","王轶","时代杂志","1948","第8卷 第9期","21-25","上海"
"光荣归于苏军:柏林城口法兰克府林荫大道上的红军光荣凯旋门:[照片]","时代杂志","1948","第8卷 第8期","封2",NA,"上海"
"花果之国:乔治亚(附图)","契荷比亚尼什维里 思立","时代杂志","1948","第8卷 第5期","30-32","上海"
"东德访问记","特洛耶诺夫斯基 黄克美","时代杂志","1948","第8卷 第33期","26-28","上海"
"一周时评:“战后繁荣”在那里?","时代杂志","1948","第8卷 第47期","4-5",NA,"上海"
"一周时事类编:日本工潮澎湃","时代杂志","1948","第8卷 第50期","41",NA,"上海"
"美国产业职工大会辩论外交政策问题","时代杂志","1948","第8卷 第47期","11",NA,"上海"
"世界一周:高高举起，这鲜明的和平大旗(附图)","郭华烈","时代杂志","1948","第8卷 第19期","1页，4-7","上海"
"光荣归于苏军:柏林德国国会前广场上的苏军战士光荣纪念碑:[照片]","时代杂志","1948","第8卷 第8期","封2",NA,"上海"
"“西欧同盟”的透视","雷丁","时代杂志","1948","第8卷 第7期","8-10","上海"
"英工会团体要求撤退马来亚英军","时代杂志","1948","第8卷 第42期","37",NA,"上海"
"论南共政策与农民问题","劳泰斯 黄克美","时代杂志","1948","第8卷 第39期","34-38","上海"
"民主和反民主:战争基金","时代杂志","1948","第8卷 第33期","14",NA,"上海"
"世界一周:干涉与不干涉的对比(附图)","鲁斯金","时代杂志","1948","第8卷 第8期","1页，4-8","上海"
"一周时事类编:美人要求杜鲁门与苏联直接谈判","时代杂志","1948","第8卷 第49期","38",NA,"上海"
"时事随感:和平的昂扬及其他","力夫","时代杂志","1948","第8卷 第39期","4-7","上海"
"民主和反民主:“ZY”的雄图","时代杂志","1948","第8卷 第33期","14",NA,"上海"
"反新战争，反战争贩子!:约束战争宣传员(“新时代”周刊社论)","时代杂志","1948","第8卷 第26期","8-10",NA,"上海"
"全民剧作家奥斯特罗夫斯基:一百二十五岁诞辰纪念(附照片)","卫惠纥","时代杂志","1948","第8卷 第14期","32-34","上海"
"“巨人”国营农场:用机械化卡车将谷物自动装载运到谷仓里去:[照片]","时代杂志","1948","第8卷 第39期","封2",NA,"上海"
"和平民主战士:朝鲜人民英雄金日成(附照片)","吉多维奇 布尔索夫 雷兮","时代杂志","1948","第8卷 第8期","22-26","上海"
"苏联文化街头:作家与新作","北辰","时代杂志","1948","第8卷 第5期","30-31","上海"
"民主和反民主:天才的诞生","时代杂志","1948","第8卷 第26期","7",NA,"上海"
"全民剧作家奥斯特罗夫斯基:奥斯特罗夫斯基像:[画图]","彼罗夫","时代杂志","1948","第8卷 第14期","封2","上海"
"莫斯科的新屋:起运建筑材料的电梯:[照片]","时代杂志","1948","第8卷 第44期","封2",NA,"上海"
"世界一周:战车前面的马匹(附图)","郭华烈 司田","时代杂志","1948","第8卷 第37期","1页，4-7","上海"
"民主和反民主:“自由”列车","时代杂志","1948","第8卷 第13期","14",NA,"上海"
"时事随感:杜马之间及其他(附图)","钟素","时代杂志","1948","第8卷 第4期","4-7","上海"
"一周时事类编:要求美军撤退，南韩数百人被捕","时代杂志","1948","第8卷 第50期","40",NA,"上海"
"斗争中的自由希腊:致希腊民主政府:[诗歌]","舒宾 海白","时代杂志","1948","第8卷 第13期","33","上海"
"史大林答真理报问，引起各国轰然反响","时代杂志","1948","第8卷 第43期","18-19",NA,"上海"
"复兴:“波克罗夫斯柯叶”集体农场中新的街道:[照片]","时代杂志","1948","第8卷 第40期","封2",NA,"上海"
"两条路线·两种态度:“真理报”专文摘要","时代杂志","1948","第8卷 第49期","11-12",NA,"上海"
"民主和反民主:盗匪游牧","时代杂志","1948","第8卷 第23期","21",NA,"上海"
"全民剧作家奥斯特罗夫斯基:奥斯特罗夫斯基生前度夏及一八八五年六月十四逝世所在的歇尔科夫的住宅，现为奥斯特罗夫斯基博物馆:[画图]","时代杂志","1948","第8卷 第14期","封3",NA,"上海"
"“巨人”国营农场:“巨人”国营农场农业学院:[照片]","时代杂志","1948","第8卷 第39期","封2",NA,"上海"
"论国际“中间派势力”","雷丁","时代杂志","1948","第8卷 第4期","10-12","上海"
"苏联文化街头:作家与新作:左青科在受到批评之后……","北辰","时代杂志","1948","第8卷 第9期","33","上海"
"苏美两国经济对照图","时代杂志","1948","第8卷 第50期","17-18",NA,"上海"
"纳粹把戏:[画图]","珂森","时代杂志","1948","第8卷 第33期","7","上海"
"热情的声请书","时代杂志","1948","第8卷 第32期","32",NA,"上海"
"批驳美英法建议:维辛斯基八月六日演词","维辛斯基","时代杂志","1948","第8卷 第31期","12-17","上海"
"世界一周:战争与和平的对照(附图)","郭华烈","时代杂志","1948","第8卷 第38期","1页，4-7","上海"
"民主和反民主:“世道沦亡”","时代杂志","1948","第8卷 第38期","41",NA,"上海"
"为和平与民主而斗争的希腊(下)","迦叶夫 雷兮","时代杂志","1948","第8卷 第2期","13-17","上海"
"苏联教育童话影片:“仙履奇缘”(附照片)","时代杂志","1948","第8卷 第11期","34，封3",NA,"上海"
"给“真理报”的信:苏联妇女在伦敦","戈洛凡诺娃","时代杂志","1948","第8卷 第33期","33","上海"
"荷兰在印尼的把戏:马里克本年六月十七日在联合国安全理事会的声明","张俗","时代杂志","1948","第8卷 第34期","21-24","上海"
"一周时事类编:世界民主妇联蔡畅当选副会长","时代杂志","1948","第8卷 第49期","41",NA,"上海"
"一周时事类编:传美政府决定解决克莱职务","时代杂志","1948","第8卷 第48期","40",NA,"上海"
"民食在苏联:“美食家”食品店水果部:[照片]","时代杂志","1948","第8卷 第29期","封2",NA,"上海"
"从成功湖到夏乐宫:联大最初一周印象","时代杂志","1948","第8卷 第39期","20-23",NA,"上海"
"联大会议纪详:九月廿九日:结束一般性讨论","时代杂志","1948","第8卷 第39期","24-28",NA,"上海"
"民主和反民主:“在阴世协赞完成大业”","时代杂志","1948","第8卷 第4期","12",NA,"上海"
"阿勃哈齐亚共和国的蔷薇园:[照片]","时代杂志","1948","第8卷 第23期","封1",NA,"上海"
"苏联北方由森林开辟的耕地:在维亚特加河畔:[照片]","时代杂志","1948","第8卷 第23期","封2",NA,"上海"
"作家及其自由","兹伐维奇 何歌","时代杂志","1948","第8卷 第17期","21","上海"
"放眼春战场","萨利根","时代杂志","1948","第8卷 第13期","9-13","上海"
"德国军事思想的破产","柯兹洛夫 廖如顺","时代杂志","1948","第8卷 第24期","11-13","上海"
"民主和反民主:反绥靖","时代杂志","1948","第8卷 第26期","6",NA,"上海"
"克里米亚古尔左夫“柯罗文”画家创造宫:集体讨论斯摩伦斯克某一学生的工作……:[照片]","时代杂志","1948","第8卷 第26期","封2",NA,"上海"
"苏联宪法的民主性","时代杂志","1948","第8卷 第48期","8",NA,"上海"
"复兴:集体农场中新建的中学:[照片]","时代杂志","1948","第8卷 第40期","封2",NA,"上海"
"电影小说:守卫和平","勃莱曼 柯伐尔斯基 磊然","时代杂志","1948","第8卷 第1期","48-50，44","上海"
"资本主义货币市场:[画图]","叶菲莫夫","时代杂志","1948","第8卷 第23期","5","上海"
"民主和反民主:墨索里尼不死","时代杂志","1948","第8卷 第22期","19",NA,"上海"
"俄国大批评家逝世百年纪念:倍林斯基论宇宙主义","爱尔斯堡 无以","时代杂志","1948","第8卷 第21期","24-25","上海"
"一周时事类编:戴高乐易主","时代杂志","1948","第8卷 第49期","39",NA,"上海"
"莫斯科艺术剧院创立五十周纪念:伊凡诺夫“铁甲列车--一四--六九”中“钟楼上”之一场:[照片]","时代杂志","1948","第8卷 第42期","封2",NA,"上海"
"德国人民的呼声:附录一:德境美方官员一席话","时代杂志","1948","第8卷 第47期","20",NA,"上海"
"法国人民永远不会参加反苏战争:法国共产党政治局本年九月三十日宣言","黄克美","时代杂志","1948","第8卷 第43期","38","上海"
"今日的南北朝鲜:水深火热的南朝鲜:一、农业的破产","大卫多夫 思立","时代杂志","1948","第8卷 第18期","27-28","上海"
"莫斯科艺术剧院创立五十周纪念:高尔基“仇敌”中之一场:[照片]","时代杂志","1948","第8卷 第42期","封3",NA,"上海"
"莫斯科艺术剧院创立五十周纪念:据托尔斯泰小说改编的“安娜·卡列尼娜”中“赛马”的一场:[照片]","时代杂志","1948","第8卷 第42期","封3",NA,"上海"
"时事随感:“胜利日”(外二题)","力夫","时代杂志","1948","第8卷 第33期","4-7","上海"
"丰收:乌兹倍克斯坦包装收获的棉花:[照片]","时代杂志","1948","第8卷 第21期","封2",NA,"上海"
"世界一周:是谁经不起考验?","郭华烈","时代杂志","1948","第8卷 第20期","1页，4-7","上海"
"“第三方面”还是第五纵队?","鲁宾宁 何歌","时代杂志","1948","第8卷 第12期","18-20","上海"
"全民剧作家奥斯特罗夫斯基:奥斯特罗夫斯基在谢雷科伏田庄的住宅:[照片]","时代杂志","1948","第8卷 第14期","封3",NA,"上海"
"美国的幸运之神(希腊版):[画图]","叶菲莫夫","时代杂志","1948","第8卷 第17期","26","上海"
"乌兹倍克斯坦:朝鲜人的“北极星”集体农场:农场工作队长向队员读报:[照片]","时代杂志","1948","第8卷 第15期","封3",NA,"上海"
"世界两周:英美的心头秘密(附图)","鲁斯金","时代杂志","1948","第8卷 第7期","1页，4-6","上海"
"一周时评:道义上政治上的胜利","时代杂志","1948","第8卷 第50期","4-5",NA,"上海"
"少年先锋营:游泳比赛之后，孩子们在海滨沙滩上休息:[照片]","时代杂志","1948","第8卷 第32期","封2",NA,"上海"
"文化界悼词一束:其他作家悼词","时代杂志","1948","第8卷 第35期","14",NA,"上海"
"法国的军事制度","鲁滨宁 秦默","时代杂志","1948","第8卷 第37期","19-21","上海"
"病状诊断书","时代杂志","1948","第8卷 第35期","10",NA,"上海"
"关于南国共党大会","时代杂志","1948","第8卷 第32期","8-10",NA,"上海"
"一周时事类编:史大林莫洛托夫，接见捷克代表团","时代杂志","1948","第8卷 第49期","40",NA,"上海"
"乌兹贝克共和国:萨马尔干中等音乐学校的学生，集体农民之子，伊勃拉吉莫夫:[照片]","时代杂志","1948","第8卷 第35期","封2",NA,"上海"
"德国人民的呼声:一、德国人民会议主席团呼吁书","时代杂志","1948","第8卷 第47期","19",NA,"上海"
"文化圈:列城新作品演奏","时代杂志","1948","第8卷 第50期","37",NA,"上海"
"民主和反民主:虐待狂的情人","时代杂志","1948","第8卷 第26期","7",NA,"上海"
"乔治亚民族舞:“卡尔杜里”舞:[照片]","时代杂志","1948","第8卷 第34期","封2",NA,"上海"
"民主和反民主:要求退出黑单","时代杂志","1948","第8卷 第30期","6",NA,"上海"
"今日的南北朝鲜:水深火热的南朝鲜:二、工业的崩溃","米哈伊洛夫 祖立","时代杂志","1948","第8卷 第18期","29","上海"
"苏联青年艺人:塔齐克史大林那巴德音乐学校学生演奏塔齐克民族乐器:[照片]","时代杂志","1948","第8卷 第22期","封2",NA,"上海"
"莫斯科之春:开冻时莫斯科学童在河畔嬉戏:[照片]","时代杂志","1948","第8卷 第16期","封2",NA,"上海"
"世界一周:强壮的双手与命运","郭华烈","时代杂志","1948","第8卷 第41期","1页，4-7","上海"
"普希金的身后:普希金墓上的墓碑:[照片]","时代杂志","1948","第8卷 第7期","封3",NA,"上海"
"本社新书介绍:“花园”(四幕剧):伊里英可夫著，林陵译","时代杂志","1948","第8卷 第39期","41",NA,"上海"
"一周时事类编:南韩滥发钞票，通货膨胀加剧","时代杂志","1948","第8卷 第50期","41",NA,"上海"
"波兰工人党克服偏向高摩尔卡发言承认错误","时代杂志","1948","第8卷 第35期","33",NA,"上海"
"乌兹贝克共和国:哈侬表演哈萨克歌舞:[照片]","时代杂志","1948","第8卷 第35期","封2",NA,"上海"
"巴基斯坦(附图)","伊凡诺夫 君山","时代杂志","1948","第8卷 第27期","22-24","上海"
"“一统江山”的南朝鲜:南朝鲜旅行记","伏洛恰叶夫斯基 许端光","时代杂志","1948","第8卷 第49期","13-15","上海"
"论“否决权”问题(续完):十一月三十日在联大特别委员会演辞","维辛斯基","时代杂志","1948","第8卷 第49期","21-30","上海"
"世界纪录创造者们的故事","西伐柯夫 林秀","时代杂志","1948","第8卷 第45期","30-32","上海"
"世界一周:马前卒们的悲哀","郭华烈","时代杂志","1948","第8卷 第42期","1页，4-5","上海"
"中国戏剧工作者电贺莫斯科艺术剧院","时代杂志","1948","第8卷 第42期","38",NA,"上海"
"七年前苏德战争在这里开始:苏联英雄魏钦金少校向边防军青年战士讲述战争在关口开始的情形:[照片]","时代杂志","1948","第8卷 第24期","封2",NA,"上海"
"马歇尔计划毁灭法国的例证","杜克洛 移模","时代杂志","1948","第8卷 第37期","17-18","上海"
"法国共产党呼吁","时代杂志","1948","第8卷 第37期","21",NA,"上海"
"论苏维埃国家制度","勃蓝靳布尔斯基 何歌","时代杂志","1948","第8卷 第47期","37-39","上海"
"日本法西斯蒂猖獗，苏联代表要求制裁","时代杂志","1948","第8卷 第45期","28-29",NA,"上海"
"苏联和平经济建设惊人成绩:中央统计局发表本年度第三季统计资料","时代杂志","1948","第8卷 第41期","28-31",NA,"上海"
"苏联:不可侮的和平力量","李昂捷夫 斯人","时代杂志","1948","第8卷 第24期","7-10","上海"
"民主和反民主:巴尔扎克的命运","时代杂志","1948","第8卷 第20期","8",NA,"上海"
"威廉·格林(附图)","米库生 雷兮","时代杂志","1948","第8卷 第17期","40-42","上海"
"义大利大选前夜(附图)","(英)克鲁格曼 黄劳伯","时代杂志","1948","第8卷 第15期","8-9","上海"
"论苏联共产党(布尔雪维克)中央委员会的工作:一九四七年九月底在各国共产党代表会议席上的报告(附图)(未完)","马林柯夫","时代杂志","1948","第8卷 第2期","7-9","上海"
"今日的南北朝鲜:欣欣向荣的北朝鲜:一、民主改革的收获","爱明 祖立","时代杂志","1948","第8卷 第18期","29-30","上海"
"两条路线·两种政策","莫洛托夫","时代杂志","1948","第8卷 第45期","25-26","上海"
"在集体农场的戏院里","茨维托夫 平甫","时代杂志","1948","第8卷 第39期","40","上海"
"德国人民的呼声:附录二:“真理报”记者论鲁尔局势","时代杂志","1948","第8卷 第47期","20",NA,"上海"
"危害和平的公敌:纪念联合国三周年(“新时代”社论)","时代杂志","1948","第8卷 第42期","6-8",NA,"上海"
"民食在苏联:“美食家”食品店熟品部:[照片]","时代杂志","1948","第8卷 第29期","封2",NA,"上海"
"进攻彼得格勒冬宫:[画图]","斯卡尔","时代杂志","1948","第8卷 第43期","封2","上海"
"日丹诺夫典型永生","时代杂志","1948","第8卷 第35期","11-12",NA,"上海"
"华尔街三剑客之二:亚瑟·范登堡","罗森茨维格 雷兮","时代杂志","1948","第8卷 第19期","23-26","上海"
"民主和反民主:二等国民","时代杂志","1948","第8卷 第8期","29",NA,"上海"
"苏联的汽车:莫斯科建城八百周纪念日，莫斯科举行汽车大游行，所的有车辆都是莫斯科各厂的出品:[照片]","时代杂志","1948","第8卷 第6期","封3",NA,"上海"
"苏联妇女:苏联人民艺人，史大林奖金桂冠女演员，全俄戏剧协会主席亚历山德拉，雅勃洛奇金娜:[照片]","时代杂志","1948","第8卷 第10期","封3",NA,"上海"
"苏联妇女:苏联学术院院士，苏联学术院生理科学研究所所长，丽娜·施坦因:[照片]","时代杂志","1948","第8卷 第10期","封2",NA,"上海"
"苏联艺术学院的任务(附照片)","(苏)葛拉西莫夫 高明","时代杂志","1948","第8卷 第3期","32-34","上海"
"华尔街怪物","马里亚莫夫 任谷","时代杂志","1948","第8卷 第27期","11-13","上海"
"苏维埃国家对妇女健康的关注:在苏联有许多帮助母性的机关:[画图]","时代杂志","1948","第8卷 第9期","封3",NA,"上海"
"民主和反民主:希腊保皇派军队力量的秘密泉源","时代杂志","1948","第8卷 第26期","6",NA,"上海"
"贝文眼中的“民主”和“主权”:[画图]","叶菲莫夫","时代杂志","1948","第8卷 第4期","13","上海"
"“中立”国草案贴着“美造”商标","时代杂志","1948","第8卷 第43期","21",NA,"上海"
"支持残局的“基石”:[画图]","司田","时代杂志","1948","第8卷 第23期","4","上海"
"民主和反民主:美援一例","时代杂志","1948","第8卷 第23期","20",NA,"上海"
"西班牙人民的抵抗运动“真理报”专文摘要","时代杂志","1948","第8卷 第46期","28",NA,"上海"
"莫斯科的新屋:装饰新房屋的门面:[照片]","时代杂志","1948","第8卷 第44期","封2",NA,"上海"
"世界一周:到处是人民的威力(附图)","鲁斯金","时代杂志","1948","第8卷 第4期","1页，4-7","上海"
"民主和反民主:“美德军团”","时代杂志","1948","第8卷 第23期","20",NA,"上海"
"民主和反民主:“赤色威胁”讲座","时代杂志","1948","第8卷 第22期","19",NA,"上海"
"苏联文化街头:作家与新作","北辰","时代杂志","1948","第8卷 第8期","30","上海"
"三位一体:银行家--将军--外交家","思立","时代杂志","1948","第8卷 第12期","8-9","上海"
"七年前苏德战争在这里开始:(上)青年战斗员向一九四一年六月二十二日殉国的边防军英雄墓献花圈:[照片]","时代杂志","1948","第8卷 第24期","封2",NA,"上海"
"札波罗什中学女生迦丽雅·米哈依洛娃:[照片]","时代杂志","1948","第8卷 第48期","封1",NA,"上海"
"原子武器评价:马里宁评论英国科学家的新著","时代杂志","1948","第8卷 第46期","14-15",NA,"上海"
"世界一周:要合作，还是分裂?","郭华烈","时代杂志","1948","第8卷 第30期","1页，4-6","上海"
"新捷克纪行","查斯拉夫斯基 查克","时代杂志","1948","第8卷 第9期","15-20","上海"
"民主和反民主:基督徒口中的战争贩子","时代杂志","1948","第8卷 第2期","17",NA,"上海"
"民主和反民主:美式平等","时代杂志","1948","第8卷 第18期","34",NA,"上海"
"鲁尔:西欧大合奏的生力军:[画图]","叶菲莫夫","时代杂志","1948","第8卷 第22期","4","上海"
"乔治亚舞踊家华夏克玛哲:[照片]","时代杂志","1948","第8卷 第20期","封1",NA,"上海"
"少年先锋营:孩子们喜爱的海滨浴场.他们在医生看护之下游泳和晒太阳:[照片]","时代杂志","1948","第8卷 第32期","封2",NA,"上海"
"他们的恐惧","爱伦堡 无以","时代杂志","1948","第8卷 第27期","8-10","上海"
"民主和反民主:纳粹份子鸿运享通","时代杂志","1948","第8卷 第28期","7",NA,"上海"
"纪念五九胜利节:我们的光荣，我们的爱!","爱伦堡 云林","时代杂志","1948","第8卷 第18期","8-10，33","上海"
"列宁论资产阶级议会制和苏维埃民主:纪念列宁逝世廿四周年忌辰","聂米罗夫斯基","时代杂志","1948","第8卷 第4期","8-9","上海"
"烟幕中的柏林问题真相，驻德苏军统帅答各报记者问","时代杂志","1948","第8卷 第40期","11-14",NA,"上海"
"解决美苏争执华莱士十项建议","时代杂志","1948","第8卷 第39期","11",NA,"上海"
"马列主义与南斯拉夫共产党:本年七月七日在伦敦共党全会上演词摘录","波立德 黄克美","时代杂志","1948","第8卷 第36期","8-14","上海"
"民主和反民主:“中间”吗?","时代杂志","1948","第8卷 第34期","11",NA,"上海"
"在所谓法越协定的烟幕后","华洛夫 君山","时代杂志","1948","第8卷 第26期","15","上海"
"土耳克曼卡赫卡区“史大林”集体农场农女佳里耶娃:[照片]","时代杂志","1948","第8卷 第29期","封1",NA,"上海"
"民主和反民主:追求“世外桃源”","时代杂志","1948","第8卷 第26期","26",NA,"上海"
"苏联画家修复威尼斯派画家托莱里的名画“犹侬”:[照片]","时代杂志","1948","第8卷 第42期","封1",NA,"上海"
"裁军与反裁军的两个阵营(续完):十月十二日在联大第一委员会中演辞","维辛斯基","时代杂志","1948","第8卷 第42期","19-28","上海"
"雅典通讯:希腊保皇政府罪行录","M.R. 许端光","时代杂志","1948","第8卷 第37期","23-25","上海"
"玩具陈列馆里的木制玩具“四部合奏”:[照片]","时代杂志","1948","第8卷 第37期","封1",NA,"上海"
"美元所到之处:美帝扩张下的西欧经济","施比尔特 祖立","时代杂志","1948","第8卷 第26期","16-17","上海"
"民主和反民主:贫乏国家的豪大军费","时代杂志","1948","第8卷 第26期","6",NA,"上海"
"关于希腊民主军","亚历山大洛娃 何歌","时代杂志","1948","第8卷 第2期","14-16","上海"
"全世界各国城市送给莫斯科的礼物:克罗地亚斯普里特城赠送的“投掷手溜弹的游击队”青铜雕像:[照片]","时代杂志","1948","第8卷 第30期","封2",NA,"上海"
"论人权宣言草案:十二月九日在联合国大会演说辞","维辛斯基","时代杂志","1948","第8卷 第49期","18-20","上海"
"世界一周:美国人民保卫自由(附图)","郭华烈","时代杂志","1948","第8卷 第21期","1页，4-7","上海"
"查高尔斯克玩具陈列馆:安东尼娜·克拉斯诺娃和她在查高尔斯克玩具厂所制造的一部份玩具:[照片]","时代杂志","1948","第8卷 第37期","封2",NA,"上海"
"佛朗哥的末日","(西)巴西奥那里亚 顾克萍","时代杂志","1948","第8卷 第15期","11-17","上海"
"论前义属殖民地问题:本月十五日在巴黎四强代表会议上演词","维辛斯基","时代杂志","1948","第8卷 第37期","9-10","上海"
"日丹诺夫行略(附照片)","时代杂志","1948","第8卷 第35期","8-9",NA,"上海"
"印尼人民起来了!","移模","时代杂志","1948","第8卷 第42期","33-35","上海"
"美国总统选举和国内斗争","亚历克赛耶夫 何歌","时代杂志","1948","第8卷 第26期","18-25","上海"
"谁是文化保卫者?","爱伦堡 无以","时代杂志","1948","第8卷 第13期","15-20","上海"
"上海塔斯社罗果夫先生转莫斯科艺术剧院","郭沫若 叶以群 欧阳予倩","时代杂志","1948","第8卷 第42期","39","上海"
"我们和他们","有伦堡 符之良","时代杂志","1948","第8卷 第19期","17-20","上海"
"民主和反民主:喜欢醋溜的鱼","时代杂志","1948","第8卷 第13期","14",NA,"上海"
"一周时事类编:北韩畜牧业飞跃发展中","时代杂志","1948","第8卷 第50期","41",NA,"上海"
"关于柏林各项问题，塔斯社受权发表声明","时代杂志","1948","第8卷 第48期","10-11",NA,"上海"
"“联共党史”与各国工人运动","格里戈里扬 宋恩泽","时代杂志","1948","第8卷 第45期","27-29","上海"
"世界一周:马歇尔计划的金箍","郭华烈","时代杂志","1948","第8卷 第24期","3-6","上海"
"一九四八年的“神圣同盟”","达尔莱 高阳","时代杂志","1948","第8卷 第28期","11-12","上海"
"我们的春天","爱伦堡 何歌","时代杂志","1948","第8卷 第21期","8-10","上海"
"联大历次会议纪详:九月廿四日:继续一般性讨论","时代杂志","1948","第8卷 第38期","20-21",NA,"上海"
"俄罗斯东正教会独立五百周纪念:全俄罗斯总主教亚历克西在莫斯科总主教大寺院举行礼拜仪式、列宁格勒大司教葛里高利大司教……:[照片二幅]","时代杂志","1948","第8卷 第49期","封2",NA,"上海"
"破坏联合国宪章的“小型联大”","时代杂志","1948","第8卷 第46期","20-22",NA,"上海"
"祝捷克国庆:真理报专文摘要","时代杂志","1948","第8卷 第43期","32-33",NA,"上海"
"高尔基:伟大的人文主义者","达拉辛科夫 邓梅","时代杂志","1948","第8卷 第12期","29-30","上海"
"普希金的身后:普希金的妻子娜达丽亚·龚佳洛娃:[画图]","乌加","时代杂志","1948","第8卷 第7期","封3","上海"
"苏联北方由森林开辟的耕地:左方是已经开辟完成的耕地:[照片]","时代杂志","1948","第8卷 第23期","封2",NA,"上海"
"美“援”恶果在希腊:南国代表演辞摘要","时代杂志","1948","第8卷 第43期","29-30",NA,"上海"
"有色美国的悲剧(附照片)","别廖兹柯 任谷","时代杂志","1948","第8卷 第41期","31-33","上海"
"从东京审判看日帝反苏阴谋","(苏)华西里耶夫 何歌","时代杂志","1948","第8卷 第20期","18-22","上海"
"没有美“援”的保加利亚","鲍卡洛夫 黎之洪","时代杂志","1948","第8卷 第40期","41-42","上海"
"苏联部长会议附设艺术事业委员会的工作","巴萨尔金 高明","时代杂志","1948","第8卷 第3期","30-31","上海"
"芦田及其同僚和保护人","马尔柯夫 君山","时代杂志","1948","第8卷 第16期","18-19","上海"
"巴勒斯坦问题","华朵林娜 何歌","时代杂志","1948","第8卷 第17期","33-39","上海"
"苏联的雕刻:苏联雕刻家李塞夫和列宁格勒大雕像制造厂女工长白里洛娃熔铸他的杰作“母与子”:[照片]","时代杂志","1948","第8卷 第19期","封3",NA,"上海"
"美国共产党对马歇尔计划的立场:美国共产党致众院外交事务委员会关于欧洲复兴方案的声明","何干","时代杂志","1948","第8卷 第20期","13-17","上海"
"戴高乐主义:法西斯主义法国版","米那耶夫 张俗","时代杂志","1948","第8卷 第20期","23-29","上海"
"华莱士致史大林的公开信","华莱士","时代杂志","1948","第8卷 第19期","8-9","上海"
"民主和反民主:“特效药”和眼镜","时代杂志","1948","第8卷 第18期","34",NA,"上海"
"真理的呼声在美国","时代杂志","1948","第8卷 第50期","15-17",NA,"上海"
"新民主国家的职工会","爱尔文 遇平","时代杂志","1948","第8卷 第17期","12-14","上海"
"走向德国统一之路:[画图]","叶菲莫夫","时代杂志","1948","第8卷 第21期","6","上海"
"关于美国共产党的廿三个问题","(美)福特斯","时代杂志","1948","第8卷 第11期","12-21","上海"
"论人民阵线","铁托 周照","时代杂志","1948","第8卷 第10期","27-28","上海"
"关于柏林的局势:美国政府致苏联政府照会","时代杂志","1948","第8卷 第28期","8-9",NA,"上海"
"朝鲜举国感谢苏联:朝鲜最高人民议会致苏联电","时代杂志","1948","第8卷 第38期","21-23",NA,"上海"
"世界一周:拦阻帝国主义的进路(附图)","鲁斯金","时代杂志","1948","第8卷 第5期","1页，4-7","上海"
"论多瑙河会议的结果:“真理报”专文","时代杂志","1948","第8卷 第33期","12-14",NA,"上海"
"苏联艺术学院的任务:陈列在莫斯科艺术展览会上的A·葛拉西莫夫的作品“德黑兰三巨头会议”:[照片]","时代杂志","1948","第8卷 第3期","33",NA,"上海"
"猫与鼠(附图)","魏莱斯基","时代杂志","1948","第8卷 第22期","7","上海"
"论中国内战的演变","萨利根","时代杂志","1948","第8卷 第6期","7-11，25","上海"
"苏联全国职工业余艺术表演大会:在大会上表演民族舞蹈“柯洛米加”舞的列伏夫城女学生:[照片]","时代杂志","1948","第8卷 第16期","封3",NA,"上海"
"纪念三八国际妇女节:为国际民主妇女运动的团结而奋斗","柯塞廖娃 何歌","时代杂志","1948","第8卷 第10期","13-15","上海"
"评联大关于原子武器的辩论(“新时代”杂志社论)","时代杂志","1948","第8卷 第46期","11-12",NA,"上海"
"苏联国民教育:列伏夫工艺学院上高等数学课.中央为生长于列伏夫城的女学生奥企尔席:[照片]","时代杂志","1948","第8卷 第47期","封2",NA,"上海"
"讨论希腊问题会议纪详","时代杂志","1948","第8卷 第43期","28-31",NA,"上海"
"喀斯贝里政府·美国·梵谛冈:陶里亚蒂在会议演辞","时代杂志","1948","第8卷 第41期","37-38",NA,"上海"
"民主和反民主:西德货币“改革”的负担","时代杂志","1948","第8卷 第28期","7",NA,"上海"
"民主和反民主:“民主之路”","时代杂志","1948","第8卷 第20期","8",NA,"上海"
"她从休养地回来","李昂诺夫 伯第","时代杂志","1948","第8卷 第35期","26-28","上海"
"苏联作曲家葛里埃尔在集体农场举行的音乐会(附照片)","时代杂志","1948","第8卷 第1期","封3",NA,"上海"
"文化圈:匈苏文化协会三年出书统计","时代杂志","1948","第8卷 第50期","37",NA,"上海"
"民主和反民主:奴才外交官","时代杂志","1948","第8卷 第26期","26",NA,"上海"
"“和平树”:[画图]","福米契夫","时代杂志","1948","第8卷 第20期","6","上海"
"“黑衫队挺进”:[画图]","叶菲莫夫","时代杂志","1948","第8卷 第12期","4","上海"
"纪念史大林六九诞辰:[画图]","时代杂志","1948","第8卷 第50期","封2",NA,"上海"
"世界象棋锦标赛:冠军苏联鲍特文尼克:[照片]","时代杂志","1948","第8卷 第31期","封2",NA,"上海"
"乔治亚共和国特比西里“裴里亚”少年先锋宫:少年先锋宫歌舞团八岁的舞踊家，中学二年级生库尔齐基子表演乔治亚民族舞:[照片]","时代杂志","1948","第8卷 第25期","封2",NA,"上海"
"苏联文化街头:漫步苏联艺坛","北辰","时代杂志","1948","第8卷 第2期","18-20","上海"
"民主和反民主:“满足私囊”的卓别林","时代杂志","1948","第8卷 第1期","26",NA,"上海"
"丰收:亚勃哈齐共和国“伊里奇”国营农场采葡萄[照片]","时代杂志","1948","第8卷 第21期","封2",NA,"上海"
"民主和反民主:一小片面包","时代杂志","1948","第8卷 第22期","18",NA,"上海"
"积极斗争中的国际学生联合会","安季波夫 思立","时代杂志","1948","第8卷 第8期","30-31","上海"
"民主和反民主:好莱坞风吹到日本","时代杂志","1948","第8卷 第29期","7",NA,"上海"
"过了一关又一关的美国经济:[画图]","莫亚","时代杂志","1948","第8卷 第27期","5","上海"
"民主和反民主:赤子之言","时代杂志","1948","第8卷 第20期","8",NA,"上海"
"民主和反民主:武器崇拜狂","时代杂志","1948","第8卷 第26期","7",NA,"上海"
"苏联共产党(布尔雪维克)政治局委员(下):马伦柯夫:[照片]","时代杂志","1948","第8卷 第17期","封3",NA,"上海"
"我的“自由主义”观","费泼莱","时代杂志","1948","第8卷 第5期","8-10","上海"
"斯拉夫民族舞(二):(下)“布尔巴”舞:[照片]","时代杂志","1948","第8卷 第5期","封3",NA,"上海"
"蒙特法案的后果(“劳动报”评论)","时代杂志","1948","第8卷 第40期","39-40",NA,"上海"
"记美国共产党第十四届大会","克莱登 黄克美","时代杂志","1948","第8卷 第44期","32-33","上海"
"西班牙人民将夺回自由:纪念西班牙人民反抗义德法西斯干涉军保卫独立战争开战十二周年","意巴路里 任谷","时代杂志","1948","第8卷 第28期","22-24","上海"
"光荣归于苏军:哈尔滨苏军战士纪念碑:[照片]","时代杂志","1948","第8卷 第8期","封2",NA,"上海"
"苏联全国职工业余艺术表演大会:莫斯科列宁格勒企业联合吹乐队大会闭幕时演奏苏联国歌，地点在大剧场，指挥者歇尔比宁:[照片]","时代杂志","1948","第8卷 第16期","封3",NA,"上海"
"一群身穿民族服装的白俄罗斯姑娘:[照片]","时代杂志","1948","第8卷 第18期","封1",NA,"上海"
"西班牙右翼社会党的无耻勾当","(西)巴西奥那里亚 移模","时代杂志","1948","第8卷 第15期","18-19，17","上海"
"乌克兹斯倍坦:朝鲜人的“北极星”集体农场:卫国战争时代建设的水力发电站:[照片]","时代杂志","1948","第8卷 第15期","封2",NA,"上海"
"新民主在东南欧:东南欧国家工人阶级的进步任务","康斯坦丁诺夫斯基 移模","时代杂志","1948","第8卷 第1期","35-40","上海"
"伐赫坦高夫剧场:纪念伐赫坦高夫六十五周诞辰","李奥尼道夫 符芝","时代杂志","1948","第8卷 第7期","28-30","上海"
"一周时事类编:印尼人民反对美印新订条约","时代杂志","1948","第8卷 第49期","39-40",NA,"上海"
"民主和反民主:做银行家更得体","时代杂志","1948","第8卷 第23期","21",NA,"上海"
"一周时事类编:希腊战讯","时代杂志","1948","第8卷 第50期","40",NA,"上海"
"一周时事类编:苏联正在准备选举人民法院","时代杂志","1948","第8卷 第49期","40-41",NA,"上海"
"法国工人的现状及其斗争:节录B·佛拉许昂十月十一日在法国总工会第二十七次代表大会报告","佛拉许昂 林秀","时代杂志","1948","第8卷 第50期","32-34","上海"
"时事随感:“美援”索隐","钟素","时代杂志","1948","第8卷 第14期","4-6","上海"
"在苏联西比利亚:在西比利亚的叶尼塞河上:[照片]","时代杂志","1948","第8卷 第19期","封2",NA,"上海"
"真理报评朝鲜选举","时代杂志","1948","第8卷 第36期","24-25",NA,"上海"
"李承晚的“任务”","索尔恩采夫 君山","时代杂志","1948","第8卷 第31期","25-28","上海"
"乌兹倍克斯坦:朝鲜人的“北极星”集体农场:金本华和最老的集体农民谈话:[照片]","时代杂志","1948","第8卷 第15期","封3",NA,"上海"
"苏联教育童话影片:“仙履奇缘”:[照片五幅]","时代杂志","1948","第8卷 第11期","封3",NA,"上海"
"查高尔斯克玩具陈列馆:尼古拉·雷卓夫是查高尔斯克玩具制造名家之一 :[照片]","时代杂志","1948","第8卷 第37期","封3",NA,"上海"
"民主和反民主:雅典议会中莫谈国事","时代杂志","1948","第8卷 第23期","20",NA,"上海"
"时事随感:杂话三题","种素","时代杂志","1948","第8卷 第15期","4-7","上海"
"记联大政委会裁军辩论","时代杂志","1948","第8卷 第45期","13-16",NA,"上海"
"世界一周:人民在召唤，在战斗!","鲁斯金","时代杂志","1948","第8卷 第2期","1页，4-6","上海"
"依照“马歇尔计划”设计的西欧“建筑”","库克莱尼克赛","时代杂志","1948","第8卷 第12期","5","上海"
"收割图:[照片]","时代杂志","1948","第8卷 第25期","封1",NA,"上海"
"苏联人民的劳动观念","马尔库斯 林秀","时代杂志","1948","第8卷 第47期","40-41","上海"
"民主与反民主斗争在柏林","时代杂志","1948","第8卷 第48期","13-15",NA,"上海"
"美国各界名流切望美苏合作","时代杂志","1948","第8卷 第45期","15",NA,"上海"
"莫斯科艺术剧院创立五十周纪念:据果戈理小说改编的“死魂灵”中之一场:[照片]","时代杂志","1948","第8卷 第42期","封3",NA,"上海"
"苏联:捷克的真正友邦:捷克驻苏联大使专文摘要","时代杂志","1948","第8卷 第43期","32-33",NA,"上海"
"“国联”时代的阴魂:“新时代”杂志专文摘要","时代杂志","1948","第8卷 第41期","10-12",NA,"上海"
"苏联文化街头:苏联文坛近讯:俄国大文艺批评家拜林斯基生于一八一一年……","北辰","时代杂志","1948","第8卷 第4期","24-26","上海"
"“巨人”国营农场:“巨人”国营农场幼稚园:[照片]","时代杂志","1948","第8卷 第39期","封2",NA,"上海"
"民主和反民主:法国“李伐尔事件”","时代杂志","1948","第8卷 第1期","26",NA,"上海"
"论艾德礼的“民主社会主义”","何歌","时代杂志","1948","第8卷 第12期","21-23","上海"
"现代问题历史参考资料:朝鲜的命运和美国的政策","叶尔玛塞夫 何歌","时代杂志","1948","第8卷 第8期","20-22","上海"
"拒绝刊登的漫画(附图)","叶菲","时代杂志","1948","第8卷 第5期","17","上海"
"和平民主战士:路易·阿拉贡(附照片)","儒科夫 何歌","时代杂志","1948","第8卷 第5期","22-24","上海"
"苏联文艺传记影片:俄罗斯音乐天才葛林卡","苏蒂林 英","时代杂志","1948","第8卷 第27期","6-7","上海"
"为什么美国尽力破坏，对日和约大国一致原则?","毕吉尔斯基 恩立","时代杂志","1948","第8卷 第3期","19-20","上海"
"民主和反民主:美国参议员恼怨英国工潮","时代杂志","1948","第8卷 第1期","27",NA,"上海"
"一周时事类编:英国文化人组织争取和平运动","时代杂志","1948","第8卷 第50期","39",NA,"上海"
"从历史经验看世界人民的道路","安奇斯基 巴尔基古尔 英","时代杂志","1948","第8卷 第46期","35-40","上海"
"民主和反民主:“我选择自由”内幕","维什匿科夫 木易","时代杂志","1948","第8卷 第12期","25-28","上海"
"胜利的社会主义和资本主义的保镖","顾西宁 何歌","时代杂志","1948","第8卷 第1期","12-15","上海"
"世界一周:双边协定与金元镣铐","郭华烈","时代杂志","1948","第8卷 第26期","1页，4-5","上海"
"论匈牙利共产党中央委员会的工作:一九四七年九月底九国共产党会议席上的报告","(匈)列华伊","时代杂志","1948","第8卷 第18期","17-23","上海"
"查理·戴高乐:战争贩子(附图)","芬克 雷兮","时代杂志","1948","第8卷 第4期","19-22","上海"
"感谢苏联撤军，要求美军同撤:朝鲜各界一致呼声","时代杂志","1948","第8卷 第39期","28",NA,"上海"
"一周时评:论垣街对西德的谋略","时代杂志","1948","第8卷 第50期","5",NA,"上海"
"论希腊问题:十月二十八日在联大第一委员会演辞(未完)","维辛斯基","时代杂志","1948","第8卷 第43期","23-27","上海"
"驳斥美国覆照:苏联照会全文:关于纽约苏侨被绑事件","时代杂志","1948","第8卷 第34期","29-30",NA,"上海"
"斯拉夫民族舞(三):乌克兰“村姑”舞.跳跃舞:[照片]","时代杂志","1948","第8卷 第5期","封4",NA,"上海"
"苏联的茶:“佳克华”茶叶制造厂工业技术主任马哈拉才在实验室确定各种茶叶的质地:[照片]","时代杂志","1948","第8卷 第9期","封2",NA,"上海"
"时事随感:马歇尔返国(外二题)","力夫","时代杂志","1948","第8卷 第40期","4-7","上海"
"文化圈:罗马尼亚乡村文化蓬勃发展","时代杂志","1948","第8卷 第50期","37",NA,"上海"
"苦难与觉醒","时代杂志","1948","第8卷 第37期","32",NA,"上海"
"英国受“援”的结局","库斯托夫 伯第","时代杂志","1948","第8卷 第36期","18-19","上海"
"民主和反民主:“风化”在伊朗","时代杂志","1948","第8卷 第36期","34",NA,"上海"
"比罗比疆:犹太自治共和国(附照片)","时代杂志","1948","第8卷 第36期","封2",NA,"上海"
"苏联货币的稳定性","比尔曼 无明","时代杂志","1948","第8卷 第37期","29-30","上海"
"民主和反民主:听话的幸运神","时代杂志","1948","第8卷 第8期","29",NA,"上海"
"论亚洲各国的民族工业:诺维柯夫在亚洲及远东经委会本届会议上演词","诺维柯夫 黄美克","时代杂志","1948","第8卷 第34期","8-11","上海"
"苏联妇女:曾得四次奖章的缝絍女工克拉芙娣亚·福林娜:[照片]","时代杂志","1948","第8卷 第10期","封3",NA,"上海"
"苏联建军三十周纪念:苏军在第二次世界大战中对于远东战场的贡献","龚佳洛夫 思立","时代杂志","1948","第8卷 第8期","6-7","上海"
"一个副主教的呼声","时代杂志","1948","第8卷 第46期","26",NA,"上海"
"民主和反民主:“出版自由”在希腊","时代杂志","1948","第8卷 第1期","27",NA,"上海"
"全民剧作家奥斯特罗夫斯基:奥斯特罗夫斯基的坟墓:[照片]","时代杂志","1948","第8卷 第14期","封3",NA,"上海"
"为国内各民族独立、为人民政权、为经济复兴和社会主义经济改造而斗争的南斯拉夫共产党:一九四七年九月底在各国共产党代表会议席上的报告","卡德尔 端纳","时代杂志","1948","第8卷 第10期","16-26","上海"
"展望越南抗战","约翰生 林秀","时代杂志","1948","第8卷 第42期","35-37","上海"
"一周时事类编:四百印尼领袖在荷兰集中营","时代杂志","1948","第8卷 第50期","40",NA,"上海"
"什么是人民民主?","奥列休克 思立","时代杂志","1948","第8卷 第5期","10-11","上海"
"世界一周:“中间路线”的假面具","鲁斯金","时代杂志","1948","第8卷 第3期","1页，4-7","上海"
"老弱残废在苏联","康斯坦丁诺夫 茀芝","时代杂志","1948","第8卷 第35期","24-25","上海"
"俄罗斯音乐天才葛林卡:苏联文艺传记影片“陌上春回”:八岁的葛林卡(索波列夫饰):[照片]","时代杂志","1948","第8卷 第27期","封2",NA,"上海"
"工人运动在印度","(印度)丹吉 何歌","时代杂志","1948","第8卷 第7期","24-27","上海"
"休息时的集体农民:[照片]","时代杂志","1948","第8卷 第36期","封1",NA,"上海"
"一周时事类编:义经济代表团自莫斯科反国","时代杂志","1948","第8卷 第50期","38",NA,"上海"
"怵目惊心的“希腊戏剧”","时代杂志","1948","第8卷 第48期","16-17",NA,"上海"
"一周时事类编:鹿儿岛日共总部发生“神秘” 爆炸","时代杂志","1948","第8卷 第50期","41",NA,"上海"
"乌兹倍克斯坦朝鲜人的“北极星”集体农场:[照片]","时代杂志","1948","第8卷 第15期","封1",NA,"上海"
"莫斯科在一九四八年夏季:鲍罗琴诺桥畔的浴场:[照片]","时代杂志","1948","第8卷 第45期","封2",NA,"上海"
"世界一周:美国干涉下的义大利大选(附图)","鲁斯金","时代杂志","1948","第8卷 第16期","1页，4-7","上海"
"民主和反民主:猴子和资本家","时代杂志","1948","第8卷 第26期","7",NA,"上海"
"乔治亚共和国特比西里“裴里亚”少年先锋宫:少年先锋宫傀儡剧场准备演出乔治亚神话剧“拿察尔凯里亚”:[照片]","时代杂志","1948","第8卷 第25期","封2",NA,"上海"
"从国内外形势说到英国共产党的任务:一九四七年十二月十三日在英国共产党执行委员会上的报告(附图)","(英)波立德","时代杂志","1948","第8卷 第14期","15-26","上海"
"民主和反民主:反“冷战”","时代杂志","1948","第8卷 第26期","6-7",NA,"上海"
"法郎贬值与“马歇尔”计划","雷丁","时代杂志","1948","第8卷 第6期","2-24","上海"
"列宁格勒葛里波叶陀夫河畔:[照片]","时代杂志","1948","第8卷 第50期","封1",NA,"上海"
"民主和反民主:“有色人种”在澳洲","时代杂志","1948","第8卷 第18期","34",NA,"上海"
"义大利的人民民主阵线","斯达洛罗斯基 祖立","时代杂志","1948","第8卷 第28期","19-21","上海"
"民主和反民主:密信一封","时代杂志","1948","第8卷 第33期","14",NA,"上海"
"民主和反民主:行动对行动","时代杂志","1948","第8卷 第33期","14",NA,"上海"
"希腊战局透视","普鲁德柯夫 伯第","时代杂志","1948","第8卷 第37期","22-23","上海"
"苏联妇女:乌克兰共和国列伏夫州新雅罗夫镇苏维埃主席，共和国最高苏维埃代表，玛丽亚·马特科:[照片]","时代杂志","1948","第8卷 第10期","封2",NA,"上海"
"忆莫斯科艺术剧院:为纪念莫斯科艺术剧院五十周年而作:艺术剧院演出契诃夫“三姊妹”:[照片]","时代杂志","1948","第8卷 第42期","41",NA,"上海"
"宣传家的伎俩失败了","时代杂志","1948","第8卷 第40期","10",NA,"上海"
"今日的南北朝鲜:美国扩张主义者在朝鲜的阴谋","斯摩伦斯克 君山","时代杂志","1948","第8卷 第18期","26-27","上海"
"“元首”学位考试:[画图]","库克莱尼克赛","时代杂志","1948","第8卷 第20期","23","上海"
"游击队女战士:[画图]","安德烈叶维奇","时代杂志","1948","第8卷 第10期","32","上海"
"民主和反民主:大吃一惊","时代杂志","1948","第8卷 第30期","6",NA,"上海"
"新多瑙河公约:苏联草案的主要特征:维辛斯基八月四日演词","维辛斯基","时代杂志","1948","第8卷 第31期","8-11","上海"
"西比利亚西部冻土藓苔地带:[照片]","时代杂志","1948","第8卷 第19期","封1",NA,"上海"
"民主和反民主:道德重振会议内幕","时代杂志","1948","第8卷 第28期","7",NA,"上海"
"参考资料:巴勒斯坦分治问题(附图)","卡农尼科夫 君山","时代杂志","1948","第8卷 第19期","21-22","上海"
"许曼内阁三“宝”:二、乔治·皮杜尔","伏罗亭 何歌","时代杂志","1948","第8卷 第29期","30-32","上海"
"俄罗斯音乐天才葛林卡:苏联文艺传记影片“陌上春回”:葛林卡和卡金加:[照片]","时代杂志","1948","第8卷 第27期","封2",NA,"上海"
"进步运动在美国","奥席洛夫 邓梅","时代杂志","1948","第8卷 第26期","27-29","上海"
"工厂·家庭·收入:一个苏联工人生活的实例:伊凡的家庭:[照片]","时代杂志","1948","第8卷 第37期","32",NA,"上海"
"全世界各国城市送给莫斯科的礼物:罗马城赠送的“罗穆尔与雷姆”青铜雕像，取材于罗马城起源的古代传说:[照片]","时代杂志","1948","第8卷 第30期","封2",NA,"上海"
"一周时事类编:北大西洋公约移华盛顿谈判","时代杂志","1948","第8卷 第48期","39",NA,"上海"
"土地改革在捷克","台维斯 许端光","时代杂志","1948","第8卷 第47期","37-38","上海"
"时事随感:悲剧种种","钟素","时代杂志","1948","第8卷 第13期","4-7","上海"
"从英国工党看自由主义","章怡","时代杂志","1948","第8卷 第4期","13-14","上海"
"如何解决希腊问题，苏代表团决议草案","时代杂志","1948","第8卷 第43期","24",NA,"上海"
"美苏对朝鲜政策的具体表现","时代杂志","1948","第8卷 第49期","9-12",NA,"上海"
"华尔街对世界工会运动的冷战","萨亭 移模","时代杂志","1948","第8卷 第48期","32-35","上海"
"民主和反民主:普及“文化”","时代杂志","1948","第8卷 第37期","30",NA,"上海"
"苏联五年计划的决定年","CM 林秀","时代杂志","1948","第8卷 第32期","33","上海"
"从历史上看美苏对华政策","费泼莱","时代杂志","1948","第8卷 第10期","7-11","上海"
"苏联与朝鲜:“新时代”杂志专文摘要","时代杂志","1948","第8卷 第42期","10-11",NA,"上海"
"高尔基论俄国文学与艺术(片断)","葆荃","时代杂志","1948","第8卷 第12期","31-32","上海"
"英国共产党的政策:录自一九四八年五月十五日文告","时代杂志","1948","第8卷 第36期","17",NA,"上海"
"五一国际劳动节在莫斯科:红场上检阅莫斯科驻防军:[照片]","时代杂志","1948","第8卷 第28期","封2",NA,"上海"
"东亚共荣圈:[画图]","司田","时代杂志","1948","第8卷 第36期","4","上海"
"论苏联共产党(布尔雪维克)中央委员会的工作(下):一九四七年九月底在各国共产党代表会议席上的报告","马林柯夫","时代杂志","1948","第8卷 第3期","22-27","上海"
"初冬:[照片]","时代杂志","1948","第8卷 第47期","封1",NA,"上海"
"论马歇尔计划:一九四八年一月二十二日在英国国会上的演词","齐里亚克斯 移模","时代杂志","1948","第8卷 第14期","28-31","上海"
"比罗比疆:犹太自治共和国:比罗比疆的中等学校:[照片]","时代杂志","1948","第8卷 第36期","封2",NA,"上海"
"苏联共产党(布尔雪维克)政治局委员(上):安德列夫:[照片]","时代杂志","1948","第8卷 第17期","封2",NA,"上海"
"苏联作曲家葛里埃尔在集体农场举行的音乐会:音乐会开始:[照片]","时代杂志","1948","第8卷 第1期","封3",NA,"上海"
"为和平与民主而斗争的希腊(上)","迦叶夫 雷兮","时代杂志","1948","第8卷 第1期","28-32","上海"
"一周时评:为民主的和平而战斗","时代杂志","1948","第8卷 第49期","1页，4",NA,"上海"
"繁用消费品生产在苏联:乌克兰共和国到一九五○年底将生产食糖二千四百万生的纳:[照片]","时代杂志","1948","第8卷 第46期","封2",NA,"上海"
"民主和反民主:“没有面包的马戏”","时代杂志","1948","第8卷 第36期","34",NA,"上海"
"国际一周:关于斯干的那维亚问题","时代杂志","1945","第5卷 第14期","14",NA,"上海"
"红军先头部队进入从德军手中夺回的居民点:[照片]","时代杂志","1945","第5卷 第2期","封3",NA,"上海"
"柏林生活正常化","时代杂志","1945","第5卷 第7期","26",NA,"上海"
"苏联无敌威力的泉源","奥歇鲁克","时代杂志","1945","第5卷 第5期","3-5","上海"
"在新波兰:曾参加波兰人民的解放战争的一群波兰游击队:[照片]","时代杂志","1945","第5卷 第15期","封3",NA,"上海"
"苏联海军扬威海外:多恼河上(南斯拉夫)的苏联江河舰队:[照片]","时代杂志","1945","第5卷 第13期","封2",NA,"上海"
"苏美邦交益臻巩固:旧金山美苏协会欢宴苏联代表","时代杂志","1945","第5卷 第6期","11-12",NA,"上海"
"国际一周:世界，站在歧路上(十二月七日至十四日)","葛罗宾","时代杂志","1945","第5卷 第24期","1页，4-5","上海"
"反动的德国历史学(未完)","巴斯金","时代杂志","1945","第5卷 第21期","10-12","上海"
"德国元帅们应对欧战负责吗","阿基莫夫","时代杂志","1945","第5卷 第9期","8-9","上海"
"炮兵进行曲:“战后晚上六点钟”影片插曲:[歌曲]","赫伦尼柯夫 顾歇夫 嘉喜善","时代杂志","1945","第5卷 第8期","22","上海"
"高尔基研究:我怎样学习写作(未完)","施维卓夫 高尔基","时代杂志","1945","第5卷 第8期","27-28","上海"
"苏联全貌(三):黑海岸上的奥地萨港:[照片]","时代杂志","1945","第5卷 第5期","15",NA,"上海"
"苏联经济制度中的货币与交换(未完)","阿特拉斯","时代杂志","1945","第5卷 第22期","10-12","上海"
"未来的海员:学童们学习结绳:[照片]","时代杂志","1945","第5卷 第7期","封3",NA,"上海"
"全世界爱好自由民族向苏联电贺胜利:史大林覆电:法兰西共和国临时政府主席特戈尔将军阁下……","史大林","时代杂志","1945","第5卷 第4期","10","上海"
"战后美国严重的失业问题","鲁宾斯坦 阶","时代杂志","1945","第5卷 第22期","13-15，9","上海"
"最高总司令命令:第三七○号(一九四五年六月二十二日):为纪念伟大卫国战争中对德国的胜利……","史大林","时代杂志","1945","第5卷 第10期","1页","上海"
"红军争夺柏林之战:柏林苏联驻军司令部:[照片]","时代杂志","1945","第5卷 第14期","封2",NA,"上海"
"苏联新宪法颁布九周年纪念:史大林宪法是世界上最民主的宪法","刘赤柯夫","时代杂志","1945","第5卷 第23期","1页，4","上海"
"苏联全貌:苏联的国家机构","卡尔平斯基","时代杂志","1945","第5卷 第22期","20-22","上海"
"苏联的特色:文化生活在苏联:莫斯科高尔基中央文化休息公园内举行的运动会:[照片]","时代杂志","1945","第5卷 第19期","17",NA,"上海"
"乌克兰白俄罗斯代表团抵旧金山","时代杂志","1945","第5卷 第4期","20",NA,"上海"
"苏联最高总司令命令:第二十号(一九四五年五月一日):莫斯科:红军战斗员和红海军战斗员……(附图)","史大林","时代杂志","1945","第5卷 第2期","1页，4","上海"
"未来的海员:学童们和校长谈话:[照片]","时代杂志","1945","第5卷 第7期","封3",NA,"上海"
"莫斯科胜利阅兵典礼:苏联最高副总司令树柯夫元帅发表演说:树柯夫元帅:[照片]","时代杂志","1945","第5卷 第10期","1页",NA,"上海"
"国际一周:传希特勒现在阿根廷","时代杂志","1945","第5卷 第13期","18",NA,"上海"
"特写:柏林市街战:柏林人的情绪","时代杂志","1945","第5卷 第2期","19",NA,"上海"
"苏军攻破柏林城经过:四千辆坦克二万二千尊大炮与五千架飞机的夜袭决定了整个战局:希特勒或已驾机飞走，柏林陷落前两天曾与女明星结婚:树柯夫元帅与维辛斯基答覆各国记者问题:树柯夫无帅:[照片]","时代杂志","1945","第5卷 第8期","6",NA,"上海"
"苏联最高苏维埃主席团主席加里宁七秩诞辰纪念(1875-1945):[照片]","时代杂志","1945","第5卷 第21期","封1",NA,"上海"
"国际一周:美报论希特勒的行踪","时代杂志","1945","第5卷 第8期","15-16",NA,"上海"
"苏片介绍:“苏伏洛夫”和“库杜淑夫”","时代杂志","1945","第5卷 第11期","22",NA,"上海"
"高尔基生活片断:苏联空军节高尔基在土希诺机场上的摄影:[照片]","时代杂志","1945","第5卷 第8期","封3",NA,"上海"
"苏联的城市:在不断的改造着，新屋不断建造着……日新月异，刻刻改观:塔斯根特本来是一座古城，街道狭窄弯曲，现在造了宽阔的大街，建造了许多哥萨赫民族风格的壮丽大厦，贫穷污秽的痕迹永久铲除:[照片]","时代杂志","1945","第5卷 第11期","封2",NA,"上海"
"红军完全占领柏林:最高总司令命令:令红军及红海军:苏联元帅树柯夫指挥的第一白俄罗斯战线军队……","史大林","时代杂志","1945","第5卷 第2期","4","上海"
"资本主义国家的宪法和社会主义国家的宪法(续完)","戚礼朴","时代杂志","1945","第5卷 第25期","16-17，26","上海"
"自五月九日至十四日苏军共俘德兵一百二十三万人，另俘将军一百零一名","时代杂志","1945","第5卷 第4期","9",NA,"上海"
"苏联雷电斯特厂的新出品:无线电传影器:[照片]","时代杂志","1945","第5卷 第22期","封1",NA,"上海"
"苏联的母亲英雄:安娜·伊凡诺夫娜及其孙女:[照片]","时代杂志","1945","第5卷 第7期","封2",NA,"上海"
"苏联全貌(四)(附照片)","米哈伊洛夫 波克希雪夫斯基","时代杂志","1945","第5卷 第6期","17-18","上海"
"年长在役军人复员法","加里宁 高尔金","时代杂志","1945","第5卷 第10期","11","上海"
"法西斯蒂全体性间谍组织(续)","查斯拉夫斯基","时代杂志","1945","第5卷 第22期","18-19，17","上海"
"苏联二十八年来的对外政策(续完)","达伊金","时代杂志","1945","第5卷 第20期","18-20","上海"
"中苏友好同盟条约与协定全文:附件一:关于援助中国中央政府关于中国对满洲之主权及新疆事件","时代杂志","1945","第5卷 第17期","19-22",NA,"上海"
"中苏关系发展上的重要阶段:八月二十七日真理报社论","时代杂志","1945","第5卷 第16期","15-16",NA,"上海"
"苏联纪行(六)","郭沫若","时代杂志","1945","第5卷 第24期","23-26","上海"
"特写:柏林市街战:末路的希特勒党徒","时代杂志","1945","第5卷 第2期","19-20",NA,"上海"
"强徒的死日已屈指可数了","Pen","时代杂志","1945","第5卷 第13期","19","上海"
"苏联幼稚园之一:女孩子们总是欢喜和平的玩具:洋娃娃之类的东西;男孩子们却欢喜玩军器:大炮坦克之类的玩具:[照片]","时代杂志","1945","第5卷 第16期","封3",NA,"上海"
"苏联勋章奖章:列宁勋章:[照片]","时代杂志","1945","第5卷 第6期","封2",NA,"上海"
"苏联艺术:莫斯科普希金纪念馆艺术作品展览会.右首是雕刻家华列夫的作品“爱国青年”:[照片]","时代杂志","1948","第8卷 第33期","封2",NA,"上海"
"论美国大选结果:苏联真理报专文摘要","时代杂志","1948","第8卷 第44期","30-31",NA,"上海"
"苏联共产党(布尔雪维克)政治局委员(下):裴里亚:[照片]","时代杂志","1948","第8卷 第17期","封3",NA,"上海"
"苏联女童采集花卉，装饰夏令营房间:[照片]","时代杂志","1948","第8卷 第33期","封1",NA,"上海"
"一周时事类编:柏林天线塔被炸，德进步人士愤慨","时代杂志","1948","第8卷 第50期","39",NA,"上海"
"苏联科学院院士齐青研究多年生小麦:[照片]","时代杂志","1948","第8卷 第44期","封1",NA,"上海"
"论希腊问题(续完):十月二十八日在联大第一委员会演辞","维辛斯基","时代杂志","1948","第8卷 第45期","18-21","上海"
"莫斯科的新屋:莫札依斯克大街上新造房屋的房间之一:[照片]","时代杂志","1948","第8卷 第44期","封2",NA,"上海"
"为保卫和平与文化而战斗!:爱伦堡在国际文化人保卫和平大会上演辞","爱伦堡 黄克美","时代杂志","1948","第8卷 第48期","35-38","上海"
"莫斯科艺术剧院创立五十周纪念:高尔基“底层”(“夜店”)中之一场:[照片]","时代杂志","1948","第8卷 第42期","封2",NA,"上海"
"集体农场·机械化·丰收","洛巴普夫 明朝","时代杂志","1948","第8卷 第39期","39","上海"
"苏联大使馆报导:冯玉祥逝世实情及冯夫人的近况","时代杂志","1948","第8卷 第40期","42",NA,"上海"
"同路:[画图]","珂森","时代杂志","1948","第8卷 第42期","8","上海"
"被绑苏联儿童在西德","时代杂志","1948","第8卷 第48期","13-15",NA,"上海"
"社会主义经济的新发展:苏联战后五年计划第三年(一九四八年)第一季的总结","库尔斯基 任谷","时代杂志","1948","第8卷 第23期","22-24","上海"
"民主和反民主:法西斯党徒要求赔偿损失","时代杂志","1948","第8卷 第22期","18",NA,"上海"
"“放逐在拜潦索夫村的孟希柯夫”(一八八三年作):[画图]","时代杂志","1948","第8卷 第4期","封3",NA,"上海"
"独立自主的苏联战后经济的发展","德伏尔金 弓长","时代杂志","1948","第8卷 第43期","5-6","上海"
"为国家独立和反对美国扩张而斗争的法国共产党:一九四七年九月底各国共产党代表会议席上的报告(未完)","杜克洛","时代杂志","1948","第8卷 第4期","15-18","上海"
"一周时事类编:“援助”中东各国又一马歇尔计划","时代杂志","1948","第8卷 第48期","39",NA,"上海"
"为和平，为民主!:美国共产党全国委员会提交将于八月三日至六日举行的美国共产党全国大会的决议草案全文","时代杂志","1948","第8卷 第29期","8-21",NA,"上海"
"建设中的苏联十六加盟共和国:俄罗斯苏维埃联邦社会主义共和国(附图)","(俄)罗基奥诺夫 思立","时代杂志","1948","第8卷 第1期","40-44","上海"
"新多瑙河公约新精神:八月十八日在末次多瑙河会议上演词","维辛斯基","时代杂志","1948","第8卷 第33期","8-13","上海"
"史大林在黑海上:史大林在“莫洛托夫”号巡洋舰上:[照片]","时代杂志","1948","第8卷 第1期","封2",NA,"上海"
"民主和反民主:谋杀动机","时代杂志","1948","第8卷 第33期","14",NA,"上海"
"世界一周:原子弹与原子弹崇拜","郭华烈","时代杂志","1948","第8卷 第39期","1页，4-7","上海"
"论美国经济矛盾与战争叫嚣(未完)","顾采特 何歌","时代杂志","1948","第8卷 第38期","28-34","上海"
"苏联国民教育:阿尔汉格尔斯克城第四女子中学二年级上课:[照片]","时代杂志","1948","第8卷 第47期","封2",NA,"上海"
"莫斯科艺术剧院五十周年","时代杂志","1948","第8卷 第41期","29-30",NA,"上海"
"民主和反民主:生意人如艺术","时代杂志","1948","第8卷 第38期","41",NA,"上海"
"平等互惠的外交:[画图]","珂森","时代杂志","1948","第8卷 第35期","5","上海"
"莫斯科斯维尔德洛夫广场一角:[照片]","时代杂志","1948","第8卷 第30期","封1",NA,"上海"
"为美帝服务的纳粹份子","罗萨诺夫 任谷","时代杂志","1948","第8卷 第29期","26-27","上海"
"民主和反民主:工党为法西斯张目","时代杂志","1948","第8卷 第34期","27",NA,"上海"
"一周时事类编:巴西智识界函，苏联智识份子","时代杂志","1948","第8卷 第49期","41",NA,"上海"
"亨利·华莱士","彼得洛夫 雷兮","时代杂志","1948","第8卷 第26期","31-32","上海"
"杜威:“反动派的希望”","彼得洛夫 任谷","时代杂志","1948","第8卷 第41期","35-36","上海"
"铁托集团往那里去?","移模","时代杂志","1948","第8卷 第40期","26-28","上海"
"民主和反民主:爵士音乐到教堂","时代杂志","1948","第8卷 第37期","30",NA,"上海"
"维辛斯基评本届联大工作","时代杂志","1948","第8卷 第49期","22-23",NA,"上海"
"世界象棋锦标赛:在苏联联邦宫举行大赛时的盛况:[照片]","时代杂志","1948","第8卷 第31期","封2",NA,"上海"
"民主和反民主:狗的生活","时代杂志","1948","第8卷 第26期","7",NA,"上海"
"民主和反民主:“出路”","时代杂志","1948","第8卷 第20期","8",NA,"上海"
"苏联在建设中:莫斯科“史大林”汽车制造厂正在顺利执行战后新五年计划向汽车工业所提出的任务.图为该厂新出品《ZIS-110》型轿车:[照片]","时代杂志","1948","第8卷 第20期","封2",NA,"上海"
"一周时事类编:苏联科学研究，本年突飞猛进","时代杂志","1948","第8卷 第49期","40",NA,"上海"
"繁用消费品生产在苏联:克里米亚“马桑德拉”酿酒厂到一九五○年将产酒一千八百五十万公斗:[照片]","时代杂志","1948","第8卷 第46期","封2",NA,"上海"
"撕破战贩们的假面具(续完):十一月十一日在联大第一委员会演辞","维辛斯基","时代杂志","1948","第8卷 第46期","16-26","上海"
"列宁格勒国立“普希金”话剧院，建于一八三二年:[照片]","时代杂志","1948","第8卷 第22期","封1",NA,"上海"
"西德美英法占领区合作:[画图]","库克莱尼克赛","时代杂志","1948","第8卷 第10期","4","上海"
"钉梢的钉梢:[画图]","时代杂志","1948","第8卷 第25期","5",NA,"上海"
"民主和反民主:“不破坏法律”的法西斯蒂","时代杂志","1948","第8卷 第20期","8",NA,"上海"
"罪恶的黑手","郭华烈","时代杂志","1948","第8卷 第28期","1页，4-6","上海"
"一周时评:论东京战犯审判","时代杂志","1948","第8卷 第47期","5",NA,"上海"
"民主和反民主:重狗轻女","时代杂志","1948","第8卷 第22期","19",NA,"上海"
"克里米亚古尔左夫“柯罗文”画家创造宫:黑海渔夫也是画家人迷的模特儿之一……:[照片]","时代杂志","1948","第8卷 第26期","封2",NA,"上海"
"民主和反民主:态度不礼貌的盟邦","时代杂志","1948","第8卷 第23期","21",NA,"上海"
"乌克兹斯倍坦:朝鲜人的“北极星”集体农场:斯达哈诺夫农民安恩曼(译音)，种稻的好手:[照片]","时代杂志","1948","第8卷 第15期","封2",NA,"上海"
"胜利的社会主义宪法;纪念史大林宪法十二周年","(俄)罗箕昂诺夫 林秀","时代杂志","1948","第8卷 第48期","7-9","上海"
"匈牙利工业国有化","普拉苏洛夫 李维卓","时代杂志","1948","第8卷 第40期","36-38","上海"
"一周时事类编:失业危机严重，日本人民左倾","时代杂志","1948","第8卷 第49期","38",NA,"上海"
"莫斯科艺术剧院创立五十周纪念:艺术剧院创立时演出的第一个戏“沙皇菲奥陀尔·约翰诺维奇”中的皇后伊丽娜(克尼彼尔饰):[照片]","时代杂志","1948","第8卷 第42期","封3",NA,"上海"
"鲁迅:苏联的伟大朋友:一九二九年五月在北平露天演讲:[照片]","时代杂志","1948","第8卷 第41期","封2",NA,"上海"
"日丹诺夫葬仪速写","时代杂志","1948","第8卷 第35期","8-10",NA,"上海"
"马克思主义与美国“例外论”","(美)福斯特 移模","时代杂志","1948","第8卷 第6期","14-21","上海"
"甘地被杀真相","柯佳里杨茨 君山","时代杂志","1948","第8卷 第27期","20-24","上海"
"杂谈印尼文学","王轶","时代杂志","1948","第8卷 第9期","28-33","上海"
"从人民民主走向社会主义的波兰","明茨 一江","时代杂志","1948","第8卷 第40期","29-33","上海"
"美苏友好全国总会要求和苏重开谈判","时代杂志","1948","第8卷 第41期","36",NA,"上海"
"美兵枪击东京韩侨","时代杂志","1948","第8卷 第41期","8",NA,"上海"
"奥斯丁的烟幕","时代杂志","1948","第8卷 第41期","16-18",NA,"上海"
"西德军国主义复活实录(附图)","士维士亭 萧演 司田","时代杂志","1948","第8卷 第33期","23-26","上海"
"反对铁托等路线:南驻罗大使辞职声明书","时代杂志","1948","第8卷 第32期","18-19",NA,"上海"
"文化大师们:你们跟谁站在一起?:苏联名教授论世界文化人大会","时代杂志","1948","第8卷 第35期","32",NA,"上海"
"乔治亚民族舞:欢乐舞:[照片]","时代杂志","1948","第8卷 第34期","封2",NA,"上海"
"民主和反民主:原来如此","时代杂志","1948","第8卷 第33期","14",NA,"上海"
"两个阵营的斗争现状及其前途:顾西宁的“你拥护还是反对苏联?”一文摘要","时代杂志","1948","第8卷 第38期","35-36",NA,"上海"
"民主和反民主:佛朗哥的掘墓人","时代杂志","1948","第8卷 第28期","7",NA,"上海"
"民主和反民主:从纪德谈到诺贝尔奖金","雷蒂斯 雷兮","时代杂志","1948","第8卷 第5期","26-27","上海"
"文化界悼词一束:萧洛霍夫悼词","宋恩泽","时代杂志","1948","第8卷 第35期","13","上海"
"苏联劳动者改善物质生活的历史性成就","阿莫索夫 思立","时代杂志","1948","第8卷 第17期","9-11","上海"
"苏联共产党(布尔雪维克)政治局委员(上):日丹诺夫:[照片]","时代杂志","1948","第8卷 第17期","封2",NA,"上海"
"大慈善家:[画图]","珂森","时代杂志","1948","第8卷 第28期","5","上海"
"一周时事类编:匈国新阁名单","时代杂志","1948","第8卷 第49期","41",NA,"上海"
"五一节莫斯科红场劳动者大游行:[照片]","时代杂志","1948","第8卷 第28期","封1",NA,"上海"
"五一国际劳动节在莫斯科:列宁陵墓上的史大林大元帅暨苏联诸元帅:[照片]","时代杂志","1948","第8卷 第28期","封2",NA,"上海"
"苏联共产党(布尔雪维克)政治局委员(上):史大林大元帅:[照片]","时代杂志","1948","第8卷 第17期","封2",NA,"上海"
"鲁迅:苏联的伟大朋友(附照片)","罗果夫","时代杂志","1948","第8卷 第41期","40-41","上海"
"“柏林问题”:分裂德国的护符","时代杂志","1948","第8卷 第42期","12-18",NA,"上海"
"裁军与反裁军的两个阵营:十月十二日在联大第一委员会中演辞(全文未完)","维辛斯基","时代杂志","1948","第8卷 第41期","20-27","上海"
"时事随感:鬼把戏及其他","力夫","时代杂志","1948","第8卷 第46期","4-5","上海"
"为保卫和平而斗争的苏联","德波林 任谷","时代杂志","1948","第8卷 第43期","1页，4-5","上海"
"美国资本在印尼","何歌","时代杂志","1948","第8卷 第9期","25-27","上海"
"阿刺伯联盟为什么进攻巴勒斯坦?","白林柯夫 何歌","时代杂志","1948","第8卷 第22期","20-22","上海"
"苏联青年艺人:卡莱里亚芬兰共和国国立人民舞踊团青年舞踊家安娜·马拉兴娜(左)和妲姬雅娜·普拉廖诺娃(右)在莫斯科演出登台之前:[照片]","时代杂志","1948","第8卷 第22期","封2",NA,"上海"
"民主和反民主:臭气相投","时代杂志","1948","第8卷 第22期","18",NA,"上海"
"第一次五年计划以来某些“批评家”疯狂升降表:[画图]","福米契夫","时代杂志","1948","第8卷 第20期","4","上海"
"资本主义世界的货币危机","兹洛平 芬斯","时代杂志","1948","第8卷 第37期","27-28","上海"
"光荣归于苏军:长春苏联空军纪念碑:[照片]","时代杂志","1948","第8卷 第8期","封2",NA,"上海"
"失败的宣传","谢明","时代杂志","1948","第8卷 第26期","11-14","上海"
"美国:大英帝国的继承人","奥西波夫 君山","时代杂志","1948","第8卷 第36期","16-18","上海"
"西班牙悲剧","爱伦堡 何歌","时代杂志","1948","第8卷 第15期","22-26","上海"
"全民剧作家奥斯特罗夫斯基:奥氏诞生的房子:[画图]","时代杂志","1948","第8卷 第14期","封2",NA,"上海"
"“二百家”与法国政治斗争","雷丁","时代杂志","1948","第8卷 第16期","10-15","上海"
"时事随感:从罗马到巴黎","钟素","时代杂志","1948","第8卷 第16期","4-7","上海"
"民主和反民主:如出一辙","时代杂志","1948","第8卷 第36期","34",NA,"上海"
"论美帝发展的一些特征","费泼莱","时代杂志","1948","第8卷 第12期","7-10","上海"
"为“强硬政权”安排的舒适的座位:[画图]","叶菲莫夫","时代杂志","1948","第8卷 第12期","24","上海"
"一周时事类编:南韩“政府军”哗变打游击","时代杂志","1948","第8卷 第50期","40",NA,"上海"
"安理会表决制问题，英美又耍老把戏","时代杂志","1948","第8卷 第48期","21-22",NA,"上海"
"裁减军备与禁止原子武器(续完):十一月十九日在联大全体大会上演辞","维辛斯基","时代杂志","1948","第8卷 第47期","21-29","上海"
"苏捷条约第五周年，两国首长贺电一束","时代杂志","1948","第8卷 第50期","25-26",NA,"上海"
"苏联的新剧场:莫斯科史大林区茹拉符列夫广场上新造的剧场:[照片]","时代杂志","1948","第8卷 第38期","封2",NA,"上海"
"民主和反民主:“美元文化”","时代杂志","1948","第8卷 第20期","8",NA,"上海"
"一周时事类编:芬兰共党反对现行外交政策","时代杂志","1948","第8卷 第50期","38",NA,"上海"
"蒙古马戏班武术表演:[照片]","时代杂志","1948","第8卷 第6期","封2",NA,"上海"
"民主和反民主:美式“政治肃清”","时代杂志","1948","第8卷 第26期","7",NA,"上海"
"民主和反民主:“爱国者”身份的申请","时代杂志","1948","第8卷 第26期","26",NA,"上海"
"华尔街势力在法国","高尼奥 邓梅","时代杂志","1948","第8卷 第5期","20-21","上海"
"一周时事类编:柏林西区面临严重食粮恐慌","时代杂志","1948","第8卷 第48期","40",NA,"上海"
"西德占领当局干些什么?","时代杂志","1948","第8卷 第49期","16-17，37",NA,"上海"
"世界一周:“囚犯”的胜利(附图)","郭华烈","时代杂志","1948","第8卷 第44期","1页，4-7","上海"
"纪念爱森斯坦(附照片)","(苏)亚历山大洛夫 子造","时代杂志","1948","第8卷 第7期","30","上海"
"普希金的身后:纪念诗人逝世一一一周年(附图)","魏列萨耶夫 戈宝权","时代杂志","1948","第8卷 第7期","32-34","上海"
"一周时事类编:北朝鲜人民欢送苏军","时代杂志","1948","第8卷 第50期","40",NA,"上海"
"苏维埃国家对妇女健康的关注:从下图中可以看出苏联儿童诊疗所增加状况:[照片]","时代杂志","1948","第8卷 第9期","封3",NA,"上海"
"捷克斯洛伐克新民主政权的胜利","雷丁","时代杂志","1948","第8卷 第9期","12-14","上海"
"挪威电影导演畅谈游苏印像","时代杂志","1948","第8卷 第50期","31",NA,"上海"
"北朝鲜的文学和艺术:作家·诗人·艺人","叶菲","时代杂志","1948","第8卷 第8期","27-29","上海"
"民主和反民主:美国资本家的“英雄”","时代杂志","1948","第8卷 第26期","26",NA,"上海"
"华尔街:国际反动派的大本营(附图)","叶尔马赛夫 张泉","时代杂志","1948","第8卷 第22期","16-19","上海"
"民主和反民主:麦克阿瑟的“调和”","时代杂志","1948","第8卷 第22期","18",NA,"上海"
"苏联代表看亚洲各国经济发展问题","时代杂志","1948","第8卷 第49期","6-7",NA,"上海"
"白俄罗斯苏维埃社会主义共和国(附图)","葛列勃卡 思立","时代杂志","1948","第8卷 第2期","18-21","上海"
"民主和反民主:厚此薄彼","时代杂志","1948","第8卷 第18期","34",NA,"上海"
"民主文才的网罗者","马克西莫夫 韦克","时代杂志","1948","第8卷 第2期","25-26","上海"
"上海普希金纪念像揭幕:苏联驻沪总领事哈林在举行普希金纪念像揭幕典礼时发表演说:[照片]","时代杂志","1948","第8卷 第2期","封3",NA,"上海"
"美苏换文与美苏关系","谢明","时代杂志","1948","第8卷 第19期","12-16","上海"
"为国家民主化而斗争的罗马尼亚共产党:一九四七年九月底九国共产党会议席上的报告","德士 王密","时代杂志","1948","第8卷 第17期","27-32","上海"
"苏联的汽车:莫斯科“史大林”汽车制造厂厂房:[照片]","时代杂志","1948","第8卷 第6期","封3",NA,"上海"
"匈牙利杂记","巴契里斯 君山","时代杂志","1948","第8卷 第40期","36-40","上海"
"莫斯科马恩列学院附近的列宁纪念像:[雕像]","梅尔库洛夫","时代杂志","1948","第8卷 第4期","封1","上海"
"工厂·家庭·收入:一个苏联工人生活的实例(附照片)","波塔波夫 许端光","时代杂志","1948","第8卷 第37期","31-32","上海"
"西班牙人民怎样反抗佛朗哥政权(附图)","V.Z","时代杂志","1948","第8卷 第36期","21","上海"
"苏联共产党(布尔雪维克)政治局委员(下):施维尔尼克:[照片]","时代杂志","1948","第8卷 第17期","封3",NA,"上海"
"苏联共产党(布尔雪维克)政治局委员(下):伏兹聂辛斯基:[照片]","时代杂志","1948","第8卷 第17期","封3",NA,"上海"
"西德总罢工素描","时代杂志","1948","第8卷 第45期","17",NA,"上海"
"“亚美利加”杂志怎样欺骗读者:关于普通美国人","许巴尔林斯基 林秀","时代杂志","1948","第8卷 第29期","22-24","上海"
"杜鲁门民主“请吃吧，我的小弟弟，不要怕.美孚油公司会保卫你抵御匪徒的……:[画图]","时代杂志","1948","第8卷 第29期","4",NA,"上海"
"人民叛徒:莱翁·勃鲁姆","卡西尔 祖立","时代杂志","1948","第8卷 第30期","22-24","上海"
"论自由主义","齐诺甫","时代杂志","1948","第8卷 第3期","13-14","上海"
"世界一周:美国宣传家的败诉","郭华烈","时代杂志","1948","第8卷 第23期","1页，4-6","上海"
"民主和反民主:“民主的嘲弄”","时代杂志","1948","第8卷 第23期","20",NA,"上海"
"一周时事类编:英国名流演说，呼吁苏美合作","时代杂志","1948","第8卷 第50期","39",NA,"上海"
"斯拉夫民族舞(一):古楚尔牧童舞:[照片]","时代杂志","1948","第8卷 第5期","封2",NA,"上海"
"民主和反民主:交换经验","时代杂志","1948","第8卷 第22期","19",NA,"上海"
"为新民主而斗争的义大利共产党和义大利人民:一九四七年一月四日在义大利共产党第六届大会席上的报告","陶里亚蒂","时代杂志","1948","第8卷 第8期","9-11","上海"
"民主和反民主:神秘旅行","时代杂志","1948","第8卷 第34期","11",NA,"上海"
"记世界文化人保卫和平大会","时代杂志","1948","第8卷 第34期","31-33",NA,"上海"
"乔治亚民族舞:古代特比里西的“杰列里”舞:[照片]","时代杂志","1948","第8卷 第34期","封2",NA,"上海"
"苏联国民的收入","罗德斯坦 杨方","时代杂志","1948","第8卷 第35期","22-23","上海"
"苏联文化街头:漫谈书在苏联","北辰","时代杂志","1948","第8卷 第1期","41-43","上海"
"民主和反民主:稀世之才","时代杂志","1948","第8卷 第34期","28",NA,"上海"
"全世界各国城市送给莫斯科的礼物:卢森堡埃许城赠送的生铁浮雕，中央是该城的纹章:[照片]","时代杂志","1948","第8卷 第30期","封2",NA,"上海"
"文化圈:苏联女歌唱家在匈京演奏","时代杂志","1948","第8卷 第50期","37",NA,"上海"
"一周时事类编:苏芬签立易货协定","时代杂志","1948","第8卷 第50期","38",NA,"上海"
"战后美国“势力范围”一览:美国新书“基地与帝国”的一章","马里昂 张平","时代杂志","1948","第8卷 第50期","11-14","上海"
"纽约苏侨被绑事件真相","时代杂志","1948","第8卷 第32期","20-23",NA,"上海"
"马歇尔计划与德国纳粹化","史蒂尔 何歌","时代杂志","1948","第8卷 第32期","24-28","上海"
"北朝鲜新面貌","索尔恩采夫 君山","时代杂志","1948","第8卷 第31期","23-28","上海"
"一周时事类编:匈国通过法案，男女完全平权","时代杂志","1948","第8卷 第48期","41",NA,"上海"
"一周时事类编:南韩陆军飞机逃到北韩平壤","时代杂志","1948","第8卷 第48期","41",NA,"上海"
"一周时评:论李承晚“政府”","时代杂志","1948","第8卷 第48期","5-6",NA,"上海"
"时事随感:桥及其他","钟素","时代杂志","1948","第8卷 第5期","4-7","上海"
"斯拉夫民族舞(一):“俄罗斯”舞:[照片]","时代杂志","1948","第8卷 第5期","封2",NA,"上海"
"英美怎样援助佛朗歌","鲍罗夫斯基 林秀","时代杂志","1948","第8卷 第36期","19-20","上海"
"文化界悼词一束:名作家潘菲洛夫及毕尔文采夫悼词","时代杂志","1948","第8卷 第35期","13-14",NA,"上海"
"马来亚风暴","赵恒","时代杂志","1948","第8卷 第34期","26","上海"
"民主和反民主:数学课本中的叛乱","时代杂志","1948","第8卷 第8期","29",NA,"上海"
"民主和反民主:美国“民主”三例","时代杂志","1948","第8卷 第13期","14",NA,"上海"
"相得益障:[画图]","叶菲莫夫","时代杂志","1948","第8卷 第22期","5","上海"
"民主和反民主:禁用“帝国主义”字样","时代杂志","1948","第8卷 第22期","18",NA,"上海"
"祝伟大十月社会主义革命节","(苏)提摩森柯","时代杂志","1948","第8卷 第44期","11","上海"
"柏林成立反对战争宣传委员会，并列举重要战贩宣传家的姓名","时代杂志","1948","第8卷 第42期","8",NA,"上海"
"义大利人民斗争新阶段","锡基 林秀","时代杂志","1948","第8卷 第41期","37-39","上海"
"谷仓:[照片]","时代杂志","1948","第8卷 第41期","封1",NA,"上海"
"波罗的海各国农民大翻身","卡山采夫 丁静芝","时代杂志","1948","第8卷 第40期","33-35","上海"
"美国百货公司揭幕:[画图]","福米契夫","时代杂志","1948","第8卷 第20期","5","上海"
"苏联作曲家葛里埃尔在集体农场举行的音乐会:迎接葛里埃尔来到的“卡冈诺维奇”集体农场最老的农民阿斯霍佳耶夫和苏联人民艺人那赛洛娃:[照片]","时代杂志","1948","第8卷 第1期","封3",NA,"上海"
"南斯拉夫的艺术:一个英国艺术家的印象","霍登 移模","时代杂志","1948","第8卷 第10期","32-34","上海"
"欧美各国反响:法国:法共中央委员会对于四月廿八日及五月十二日政治局谴责南斯拉夫领导者的决议……","时代杂志","1948","第8卷 第32期","12-17",NA,"上海"
"再看冬战场","马可宁","时代杂志","1948","第8卷 第3期","8-12，27","上海"
"许曼内阁三“宝”:一、劳勃·许曼","伏罗亭 何歌","时代杂志","1948","第8卷 第29期","28-29","上海"
"世界一周:是啊，这便是平等!","郭华烈","时代杂志","1948","第8卷 第27期","1页，4-6","上海"
"被播翻的协议草案全文","时代杂志","1948","第8卷 第43期","18-19",NA,"上海"
"高穆尔卡自我批评摘要","黄克美","时代杂志","1948","第8卷 第43期","37","上海"
"苏联文化的特征","卡夫坦诺夫","时代杂志","1948","第8卷 第43期","8-9","上海"
"美元行列:[画图]","叶菲莫夫","时代杂志","1948","第8卷 第10期","5","上海"
"美元所到之处:马歇尔计划和北欧","雷萨可夫 张俗","时代杂志","1948","第8卷 第23期","14-16","上海"
"民主和反民主:两种密约·一种目的","时代杂志","1948","第8卷 第23期","20-21",NA,"上海"
"民主和反民主:人的价格","时代杂志","1948","第8卷 第20期","8",NA,"上海"
"克里米亚古尔左夫“柯罗文”画家创造宫:古尔左夫公园一角上，两个入迷于克里米亚自然景色的少女，专心一致地在作风景画:[照片]","时代杂志","1948","第8卷 第26期","封2",NA,"上海"
"民主和反民主:法西斯之魂复活","时代杂志","1948","第8卷 第29期","7",NA,"上海"
"民主和反民主:大不敬的地图","时代杂志","1948","第8卷 第30期","6",NA,"上海"
"全民剧作家奥斯特罗夫斯基:莫斯科小剧场门前的奥氏纪念铜像:[照片]","时代杂志","1948","第8卷 第14期","封2",NA,"上海"
"民主和反民主:“进步”、“民主”和“诚实”的土耳其","时代杂志","1948","第8卷 第13期","14",NA,"上海"
"关于美国进步公民协会","菲里波夫 何歌","时代杂志","1948","第8卷 第11期","26-28","上海"
"美国与远东新形势","谢明","时代杂志","1948","第8卷 第11期","7-9","上海"
"苏联共产党(布尔雪维克)政治局委员(上):莫洛托夫:[照片]","时代杂志","1948","第8卷 第17期","封2",NA,"上海"
"民主和反民主:日皇维持费","时代杂志","1948","第8卷 第28期","7",NA,"上海"
"大鱼吃小鱼:[画图]","莫亚","时代杂志","1948","第8卷 第26期","4","上海"
"亟待澄清的几个问题:总评最近几篇论自由主义的文章","范承详","时代杂志","1948","第8卷 第6期","26-29","上海"
"斯拉夫民族舞(二):(上)俄罗斯绞步舞:[照片]","时代杂志","1948","第8卷 第5期","封3",NA,"上海"
"民主和反民主:南方桥头堡","时代杂志","1948","第8卷 第30期","6",NA,"上海"
"全世界各国城市送给莫斯科的礼物:匈牙利布达佩斯城市民赠送的礼物有好几件，这是其中之一:匈牙利解放者苏军纪念像模型，该像已树立在布达佩斯市内:[照片]","时代杂志","1948","第8卷 第30期","封2",NA,"上海"
"朝鲜人民民主共和国宣言","时代杂志","1948","第8卷 第36期","22-23",NA,"上海"
"比罗比疆:犹太自治共和国:犹太自治共和国政府大厦:[照片]","时代杂志","1948","第8卷 第36期","封2",NA,"上海"
"莫斯科艺术剧院创立五十周纪念:艺术剧院创办人史达尼斯拉夫斯基:[照片]","时代杂志","1948","第8卷 第42期","封2",NA,"上海"
"世界一周:美国第五纵队的毒牙(附图)","鲁斯金","时代杂志","1948","第8卷 第13期","1页，4-8","上海"
"画家的母亲:[画图]","穆耶齐诺维奇","时代杂志","1948","第8卷 第10期","33","上海"
"世界一周:向和平，向一九四八年","鲁斯金","时代杂志","1948","第8卷 第1期","1页，4-5","上海"
"民主和反民主:美国驻希腊总督","时代杂志","1948","第8卷 第1期","29",NA,"上海"
"关于缔结新多瑙河公约:七月三十一日在贝尔格勒多瑙河会议席上的演说","时代杂志","1948","第8卷 第30期","7-10，25",NA,"上海"
"民主和反民主:半官半商","时代杂志","1948","第8卷 第28期","7",NA,"上海"
"“我们要征服自然!”:集体农民保证完成造林计划、苏联木材工业部长畅谈空前造林计划","时代杂志","1948","第8卷 第43期","35-36",NA,"上海"
"苏联文化街头:谈史大林文艺奖金","北辰","时代杂志","1948","第8卷 第3期","30-34","上海"
"民主和反民主:“爱国”议员","时代杂志","1948","第8卷 第22期","18",NA,"上海"
"苏联的新剧场:莫斯科史大林区新开的电影院之一:“祖国”电影院:[照片]","时代杂志","1948","第8卷 第38期","封2",NA,"上海"
"从社会主义走向共产主义:苏联工人阶级现阶段的任务","茨维特科夫 遇平","时代杂志","1948","第8卷 第17期","1页，4-8","上海"
"全民剧作家奥斯特罗夫斯基:奥斯特罗夫斯基(一八五一年):[画图]","时代杂志","1948","第8卷 第14期","封3",NA,"上海"
"列宁图书馆:[照片]","时代杂志","1948","第8卷 第45期","封1",NA,"上海"
"莫斯科在一九四八年夏季:马雅柯夫斯基广场:[照片]","时代杂志","1948","第8卷 第45期","封2",NA,"上海"
"论希腊问题:十月二十八日在联大第一委员会演辞(未完)","维辛斯基","时代杂志","1948","第8卷 第44期","21-29","上海"
"民主和反民主:实证教育","时代杂志","1948","第8卷 第20期","8",NA,"上海"
"民主和反民主:悲惨的注释","时代杂志","1948","第8卷 第20期","8",NA,"上海"
"塔斯社声明:关于苏美歧见问题","时代杂志","1948","第8卷 第20期","9-12",NA,"上海"
"苏联的儿童:铁路工人子弟参加表演“苏联民族舞”:[照片]","时代杂志","1948","第8卷 第13期","封2",NA,"上海"
"莫斯科艺术剧院创立五十周纪念:艺术剧院创办人聂米洛维奇·丹钦柯:[照片]","时代杂志","1948","第8卷 第42期","封2",NA,"上海"
"时事随感:“众醉独醒”及其他","力夫","时代杂志","1948","第8卷 第43期","13-16","上海"
"本社新书介绍:一、苏联社会和国家制度:卡尔宾斯基著，草婴译","基达","时代杂志","1948","第8卷 第41期","41","上海"
"普希金的身后:普希金和丹特士决斗:[画图]","拉乌莫夫","时代杂志","1948","第8卷 第7期","封3","上海"
"一周时事类编:美国资本涌入印度","时代杂志","1948","第8卷 第50期","41",NA,"上海"
"捷克战后的经济发展","拉甫鲁根 平民","时代杂志","1948","第8卷 第50期","28-31","上海"
"十月革命节纪念大会上，莫洛托夫报告全文","莫洛托夫","时代杂志","1948","第8卷 第44期","12-20","上海"
"今日的北朝鲜:北朝鲜临时政府阁员名单发表时，人民举行大游行:[照片]","时代杂志","1948","第8卷 第8期","封3",NA,"上海"
"谈甘地主义","费泼莱","时代杂志","1948","第8卷 第7期","20-23","上海"
"莫斯科冬景:从克里姆林宫塔上远眺莫斯科河桥:[照片]","时代杂志","1948","第8卷 第7期","封2",NA,"上海"
"一周时事类编:柏林黑市猖獗","时代杂志","1948","第8卷 第50期","39",NA,"上海"
"民主和反民主:谁在英国生活好","时代杂志","1948","第8卷 第23期","21",NA,"上海"
"美国法西斯主义的总部","柯席尔斯基 云林","时代杂志","1948","第8卷 第21期","11-13","上海"
"民主和反民主:“坐到后面去!”","时代杂志","1948","第8卷 第18期","34",NA,"上海"
"中国人眼中的美国对日政策","Yao，M.P. 严思","时代杂志","1948","第8卷 第16期","16-17","上海"
"“你以为我不是圣诞老人吗?”(纽约“工人日报”):[画图]","时代杂志","1948","第8卷 第16期","7",NA,"上海"
"出版自由在苏联(附图)","萨马尔斯基 葛达","时代杂志","1948","第8卷 第17期","18-20","上海"
"列宁雕像:[雕像]","马尼维尔","时代杂志","1948","第8卷 第4期","封2","上海"
"出席联大本届会议，朝鲜代表团名单公布","时代杂志","1948","第8卷 第40期","21",NA,"上海"
"民主和反民主:躲在爱国幌子下的叫嚣","时代杂志","1948","第8卷 第4期","12",NA,"上海"
"时事随感:达尔顿戒烟及其他","力夫","时代杂志","1948","第8卷 第38期","4-7","上海"
"民主和反民主:这些典型从何处取来?","时代杂志","1948","第8卷 第38期","41",NA,"上海"
"莫斯科“高尔基”文化休息公园:池塘:[照片]","时代杂志","1948","第8卷 第12期","封3",NA,"上海"
"苏联妇女:航空工厂装配女工妲姬雅娜·萨道洛娃:[照片]","时代杂志","1948","第8卷 第10期","封3",NA,"上海"
"乌克兰:[照片二幅]","时代杂志","1948","第8卷 第11期","封2",NA,"上海"
"苏联在联大中的奋斗","莫宁","时代杂志","1948","第8卷 第1期","9-11","上海"
"史大林在黑海上:史大林和“莫洛托夫”号巡洋舰海军官兵合影:[照片]","时代杂志","1948","第8卷 第1期","封2",NA,"上海"
"时事随感:事实胜于雄辩","力夫","时代杂志","1948","第8卷 第41期","4-7","上海"
"本社新书介绍:二、“新木刻”:罗果夫编","基达","时代杂志","1948","第8卷 第41期","41","上海"
"论柏林问题:十月四日在安理会演词","维辛斯基","时代杂志","1948","第8卷 第40期","8-10","上海"
"华莱士致杜鲁门电","时代杂志","1948","第8卷 第44期","30",NA,"上海"
"时事随感:自供及其他","力夫","时代杂志","1948","第8卷 第44期","4-7","上海"
"毒害日本青年思想的阴谋","马耶夫斯基 何歌","时代杂志","1948","第8卷 第16期","24-26","上海"
"“柏林问题”的教训:“真理报”专文","时代杂志","1948","第8卷 第46期","8-9",NA,"上海"
"泰林汉:印度的自由区","柯却里杨茨","时代杂志","1948","第8卷 第45期","35-36","上海"
"一周时事类编:华联工业发展超过战前水准","时代杂志","1948","第8卷 第48期","40",NA,"上海"
"苏联工人生活素描;一个工人的自述","柯洛雅尔采夫 君山","时代杂志","1948","第8卷 第35期","26-28","上海"
"苏联的儿童:一位年青的自然学家伏华·莫洛索夫，在莫斯科电台的播音机前向全国儿童讲述他怎样捕获并驯养小狐狸“阿里卡”的情形:[照片]","时代杂志","1948","第8卷 第13期","封3",NA,"上海"
"乌克兹斯倍坦:朝鲜人的“北极星”集体农场:“北极星”集体农场大门:[照片]","时代杂志","1948","第8卷 第15期","封2",NA,"上海"
"全民剧作家奥斯特罗夫斯基:奥氏的继母:[照片]","时代杂志","1948","第8卷 第14期","封2",NA,"上海"
"日本财阀与美国独占资本","波列斯基 祖立","时代杂志","1948","第8卷 第23期","8-9","上海"
"一周时事类编:联大第一部分开幕，第二部分四月举行:伊瓦特承认成绩不能令人满意","时代杂志","1948","第8卷 第49期","37-38",NA,"上海"
"从“对外政策问题”看苏联政策","汉达莫夫 硕夫","时代杂志","1948","第8卷 第49期","5-8","上海"
"民主和反民主:发马尾财","时代杂志","1948","第8卷 第34期","27",NA,"上海"
"欧洲各国共产党情报局关于南国共产党的决议:欧洲各国共产党情报局会议公报","时代杂志","1948","第8卷 第32期","8-12",NA,"上海"
"世界一周:主权观念的悲哀(附图)","郭华烈 司田","时代杂志","1948","第8卷 第33期","1页，4-7","上海"
"民主和反民主:“名叫希望的电车”","时代杂志","1948","第8卷 第34期","27-28",NA,"上海"
"裁减军备与禁止原子武器:十一月十九日在联大全体大会上演辞","维辛斯基","时代杂志","1948","第8卷 第46期","10-14","上海"
"“金元注射”勿灵:“劳动报”巴黎通讯","时代杂志","1948","第8卷 第45期","20",NA,"上海"
"莫斯科艺术剧院创立五十周纪念(附照片)","密斯赫杰里 高明","时代杂志","1948","第8卷 第42期","38-39","上海"
"“史大林--六”式耕种收割联合机:[照片]","时代杂志","1948","第8卷 第40期","封1",NA,"上海"
"阿拉伯东方各国的人民解放运动","巴施纪罗夫 林秀","时代杂志","1948","第8卷 第46期","32-34","上海"
"一周时评:和平之敌露出了马脚","时代杂志","1948","第8卷 第47期","1页，4",NA,"上海"
"国际文化人大会观感","爱伦堡 黄克美","时代杂志","1948","第8卷 第47期","33-36","上海"
"联大会议纪详:九月廿七日:贝文长篇演说","时代杂志","1948","第8卷 第39期","19-22",NA,"上海"
"一周时事类编:汉城外围起烽烟","时代杂志","1948","第8卷 第48期","41",NA,"上海"
"一周时事类编:维辛斯基六五寿辰","时代杂志","1948","第8卷 第49期","41",NA,"上海"
"乡村女教师尼娜·诺伏西尔采娃:教务主任华西里·奥烈施柯夫向青年女教师们指示书法教授法:[照片]","时代杂志","1948","第8卷 第48期","封2",NA,"上海"
"乡村女教师尼娜·诺伏西尔采娃:尼娜·诺伏西尔采娃在集体农场图书馆阅参考书:[照片]","时代杂志","1948","第8卷 第48期","封2",NA,"上海"
"柏林西区分裂选举素描","时代杂志","1948","第8卷 第48期","12",NA,"上海"
"繁用消费品生产在苏联:基辅工厂出产的打字机:[照片]","时代杂志","1948","第8卷 第46期","封2",NA,"上海"
"缅甸人民的铁流","胡迪斯 许端光","时代杂志","1948","第8卷 第45期","37-38","上海"
"破坏宪章的企图又碰壁:联大全会讨论新会员国问题纪详","时代杂志","1948","第8卷 第49期","24-27",NA,"上海"
"一周时评:论大国合作","时代杂志","1948","第8卷 第48期","1页，4",NA,"上海"
"论国际裁军(续完):十月七日在联大政委会演辞","维辛斯基","时代杂志","1948","第8卷 第41期","9-15","上海"
"论朝鲜人民民主共和国宪法","克拉依诺夫 君山","时代杂志","1948","第8卷 第42期","10-11","上海"
"“民主”美国的教育危机","齐尔塔法勃 彭嘉民","时代杂志","1948","第8卷 第41期","34-36","上海"
"马克思哲学思想的革命性(附图)","凯德洛夫 雷兮","时代杂志","1948","第8卷 第17期","15-17，32","上海"
"国际反动派为什么支持佛朗哥","(西)巴西奥那里亚 雷兮","时代杂志","1948","第8卷 第15期","14-15","上海"
"世界一周:美国的进军计划","郭华烈","时代杂志","1948","第8卷 第17期","22-26","上海"
"乌兹倍克斯坦朝鲜人的“北极星”集体农场","葛拉多夫 思立","时代杂志","1948","第8卷 第15期","9-10","上海"
"乌克兹斯倍坦:朝鲜人的“北极星”集体农场:水力发电站内景:[照片]","时代杂志","1948","第8卷 第15期","封2",NA,"上海"
"乌克兹斯倍坦:朝鲜人的“北极星”集体农场:集体农民驾驶耕种机到田野里去工作:[照片]","时代杂志","1948","第8卷 第15期","封2",NA,"上海"
"苏里柯夫像:[照片]","时代杂志","1948","第8卷 第4期","封3",NA,"上海"
"朝鲜民主共和国要求与各国建立外交关系","时代杂志","1948","第8卷 第40期","20",NA,"上海"
"斥横行霸道的美国原子政策:维辛斯基十月一日在联大政委会演词","时代杂志","1948","第8卷 第39期","12-16",NA,"上海"
"朝鲜人民欢迎苏韩建立关系","时代杂志","1948","第8卷 第41期","8",NA,"上海"
"一周时事类编:苏联大量发明，铁路费用大减","时代杂志","1948","第8卷 第48期","41",NA,"上海"
"德境苏联驻军统帅驳斥英国政府覆函","时代杂志","1948","第8卷 第46期","9",NA,"上海"
"论新民主国家的社会性质","谢明","时代杂志","1948","第8卷 第18期","11-16","上海"
"时事随感:仪仗队及其他","力夫","时代杂志","1948","第8卷 第37期","4-7","上海"
"永别了，亲爱的同志!","莫洛托夫","时代杂志","1948","第8卷 第35期","10-11","上海"
"文化界悼词一束:苏联科学院院长悼词","时代杂志","1948","第8卷 第35期","13",NA,"上海"
"列宁格勒夏花园:[照片]","时代杂志","1948","第8卷 第32期","封1",NA,"上海"
"世界一周:是谁为了和平?","鲁斯金","时代杂志","1948","第8卷 第6期","1页，4-6","上海"
"苏捷两国谈判结果圆满，巩固国际合作意义重大","时代杂志","1948","第8卷 第50期","25-28",NA,"上海"
"一周时事类编:南国大使抵莫斯科","时代杂志","1948","第8卷 第50期","38",NA,"上海"
"奸细(下)","(法)阿拉贡 磊然","时代杂志","1948","第8卷 第5期","25-27","上海"
"苏联共产党(布尔雪维克)政治局委员(上):米柯扬:[照片]","时代杂志","1948","第8卷 第17期","封2",NA,"上海"
"莫斯科在一九四八年夏季:布尔伐尔池:[照片]","时代杂志","1948","第8卷 第45期","封2",NA,"上海"
"朝鲜新宪法的进步性","时代杂志","1948","第8卷 第38期","23，12",NA,"上海"
"苏美两国政府关于苏美关系问题的声明","时代杂志","1948","第8卷 第19期","10-12",NA,"上海"
"破坏四国协定的“中立”国决议草案:维辛斯基十月二十五日在安全理事会演辞","维辛斯基","时代杂志","1948","第8卷 第43期","20-22","上海"
"莫斯科艺术剧院创立五十周纪念:艺术剧院创立时演出的第一个戏:亚历克赛·托尔斯泰的“沙皇菲奥陀尔·约翰诺维奇”中的沙皇菲奥陀尔(莫斯克文饰):[照片]","时代杂志","1948","第8卷 第42期","封2",NA,"上海"
"马来亚进行曲","庄毅甫","时代杂志","1948","第8卷 第42期","32-34","上海"
"在苏联西比利亚:莫洛托夫城内的莫洛托夫大街:[照片]","时代杂志","1948","第8卷 第19期","封2",NA,"上海"
"苏联最高苏维埃:苏联最高苏维埃举行选举时，莫斯科电工厂职工召集群众大会，一致推选史大林为自己的代表:[照片]","时代杂志","1948","第8卷 第2期","封2",NA,"上海"
"苏维埃军队在柏林:[照片]","时代杂志","1948","第8卷 第18期","封2",NA,"上海"
"时事随感:贝尔纳斯又说话了(外二题)","力夫","时代杂志","1948","第8卷 第36期","4-7","上海"
"全民剧作家奥斯特罗夫斯基:奥斯特罗夫斯基父亲:[照片]","时代杂志","1948","第8卷 第14期","封2",NA,"上海"
"和平民主战士:符拉第斯拉夫·高摩尔加(魏斯拉夫)(附照片)","马努赛维奇 雷兮","时代杂志","1948","第8卷 第13期","30-31","上海"
"苏联作曲家葛里埃尔在集体农场举行的音乐会:音乐会结束，葛里埃尔向听众致谢:[照片]","时代杂志","1948","第8卷 第1期","封3",NA,"上海"
"乌兹倍克斯坦:朝鲜人的“北极星”集体农场:视察田野的农场主席金本华(译音):[照片]","时代杂志","1948","第8卷 第15期","封3",NA,"上海"
"苏联的儿童:李丽雅·巴斯拉莫娃，战时丧失了父母，现在明斯克某幼稚园学习演演奏提琴:[照片]","时代杂志","1948","第8卷 第13期","封2",NA,"上海"
"朝鲜最高人民议会吁请美苏撤军照会","时代杂志","1948","第8卷 第36期","23-24",NA,"上海"
"三部得奖苏联电影评介","任谷","时代杂志","1948","第8卷 第36期","30-34","上海"
"“他们从前常来希腊参观废墟--现在他们来制造废墟了”:[画图]","时代杂志","1948","第8卷 第26期","5",NA,"上海"
"民主和反民主:“大公无私”的检察官","时代杂志","1948","第8卷 第22期","19",NA,"上海"
"世界一周:“华尔街发言人”的招供","郭华烈","时代杂志","1948","第8卷 第22期","1页，4-7","上海"
"英美的爱子:[画图]","叶菲莫夫","时代杂志","1948","第8卷 第13期","4","上海"
"一周时事类编:帮助美英攫取工业，西德银行经理献策","时代杂志","1948","第8卷 第48期","40",NA,"上海"
"苏联作曲家谈文化人大会","时代杂志","1948","第8卷 第35期","23",NA,"上海"
"两个世界的残废军人生活","时代杂志","1948","第8卷 第35期","24-25",NA,"上海"
"蒙特追踪老路，杜公猫哭老鼠","时代杂志","1948","第8卷 第31期","28",NA,"上海"
"世界一周:是谁不愿谈判成功?(附图)","郭华烈 司田","时代杂志","1948","第8卷 第32期","1页，4-7","上海"
"民主和反民主:“铁幕抵制潮”","时代杂志","1948","第8卷 第30期","6",NA,"上海"
"克里米亚古尔左夫“柯罗文”画家创造宫:一群画家在画家创造宫阳台上作肖像画:[照片]","时代杂志","1948","第8卷 第26期","封2",NA,"上海"
"各国舆论评本届联大:“冻结俄国集团”的“笨伯”们、“防疫隔离”","时代杂志","1948","第8卷 第38期","17-18",NA,"上海"
"联大历次会议纪详:九月廿三日:一般性讨论","时代杂志","1948","第8卷 第38期","19-20",NA,"上海"
"“大炮代替牛油”:配上美国新腔的德国老调","儒科夫 思立","时代杂志","1948","第8卷 第38期","30-33","上海"
"世界一周:美国版的国会纵火案(附图)","郭华烈","时代杂志","1948","第8卷 第29期","1页，4-6","上海"
"法国文化界一瞥:抵抗运动精神","莫尔汉 云林","时代杂志","1948","第8卷 第30期","20-21","上海"
"民主和反民主:西德“反”纳粹工作的成果","时代杂志","1948","第8卷 第28期","7",NA,"上海"
"西班牙的政党","林达","时代杂志","1948","第8卷 第28期","24-25，33","上海"
"反新战争，反战争贩子!:苏联政府致美国政府通牒","时代杂志","1948","第8卷 第26期","9-10",NA,"上海"
"七年前苏德战争在这里开始:一九四一年驻守关口的魏钦金少校(右)及新任关口司令马特维耶夫上尉(左):[照片]","时代杂志","1948","第8卷 第24期","封2",NA,"上海"
"“真理报”专论:邱吉尔在疯狂中摊牌:论邱氏在保守党大会上的演词","时代杂志","1948","第8卷 第42期","29-32",NA,"上海"
"联大会议纪详:九月廿八日:一般性讨论","时代杂志","1948","第8卷 第39期","22-24",NA,"上海"
"南洋暴风雨","无咎","时代杂志","1948","第8卷 第28期","13-18","上海"
"民主和反民主:英阿关系的一个线索","时代杂志","1948","第8卷 第26期","6",NA,"上海"
"民主和反民主:反军人专政","时代杂志","1948","第8卷 第26期","6",NA,"上海"
"苏联报纸评华沙八国会议(“消息报”社论 )","时代杂志","1948","第8卷 第25期","10，24",NA,"上海"
"华尔街三剑客之三:约翰·杜尔斯","罗森茨维格 雷兮","时代杂志","1948","第8卷 第20期","30-32","上海"
"民主和反民主:紧急措施","时代杂志","1948","第8卷 第36期","34",NA,"上海"
"“交换经验”的故事","查斯拉夫斯基 茀芝","时代杂志","1948","第8卷 第35期","31","上海"
"世界一周:美国扶日又扶德","郭华烈","时代杂志","1948","第8卷 第36期","1页，4-7","上海"
"歼灭了关东军","辛卓夫 张俗","时代杂志","1948","第8卷 第33期","15","上海"
"斯莫科帆船赛会:[照片]","时代杂志","1948","第8卷 第31期","封1",NA,"上海"
"苏联艺术事业委员会的工作(二):莫斯科“普希金”造型的艺术陈列馆:[照片]","时代杂志","1948","第8卷 第3期","封3",NA,"上海"
"世界跨进了一九四八年(附图)","齐诺甫","时代杂志","1948","第8卷 第1期","6-8","上海"
"民主和反民主:“自我制裁”","时代杂志","1948","第8卷 第23期","21",NA,"上海"
"美帝扶植德国侵略的史实","叶尔马旭夫 何歌","时代杂志","1948","第8卷 第24期","14-17","上海"
"民主和反民主:英国式的“民主化”","时代杂志","1948","第8卷 第22期","19",NA,"上海"
"民主和反民主:酒和艺术","时代杂志","1948","第8卷 第22期","19",NA,"上海"
"在苏联西比利亚:西比利亚的一望无际的森林与河流:[照片]","时代杂志","1948","第8卷 第19期","封2",NA,"上海"
"苏联的雕刻:塔博夫城的淑雅·柯斯莫德米扬斯卡亚纪念像:[照片]","时代杂志","1948","第8卷 第19期","封3",NA,"上海"
"苏联共产党(布尔雪维克)政治局委员(下):布尔加宁:[照片]","时代杂志","1948","第8卷 第17期","封3",NA,"上海"
"民主和反民主:杀人公司","时代杂志","1948","第8卷 第20期","8",NA,"上海"
"欧洲外交剖视","苏宾","时代杂志","1948","第8卷 第2期","10-12","上海"
"聂克拉索夫诗四章:我的诗、颂歌、给播种者、梦","葆荃","时代杂志","1948","第8卷 第2期","25-26","上海"
"光荣归于苏军:柏林特列普特公园苏军围攻柏林阵亡将士公墓全景(苏联建筑师白洛波尔斯基设计):[照片]","时代杂志","1948","第8卷 第8期","封2",NA,"上海"
"论所谓“民主社会主义”","费泼莱","时代杂志","1948","第8卷 第6期","30-32","上海"
"美苏的朝鲜政策与两条阵线的斗争","雷丁","时代杂志","1948","第8卷 第8期","17-19","上海"
"为和平，为民主","(美)罗斯福 (美)华莱士 戴维斯","时代杂志","1948","第8卷 第5期","28-29","上海"
"一周时事类编:希腊美援勿灵，美使狼狈返国","时代杂志","1948","第8卷 第49期","38-39",NA,"上海"
"时事随感:试拆西洋镜","钟素","时代杂志","1948","第8卷 第18期","5-7","上海"
"一周时评:巴勒斯坦问题的症结","时代杂志","1949","第9卷 第3期","1页",NA,"上海"
"一周时事类编:本年一、二两个月份美国失业人数又激增","时代杂志","1949","第9卷 第9期","26",NA,"上海"
"“美国外交家真面目”","时代杂志","1949","第9卷 第10期","8",NA,"上海"
"“幻想”是怎样变成现实的","维纳斯基 何歌","时代杂志","1949","第9卷 第13期","27-30","上海"
"苏联新片“青年近卫军”中的母与子:[照片]","时代杂志","1949","第9卷 第5期","封1",NA,"上海"
"捷克的新文化斗争","(捷)烈伊曼 王运成","时代杂志","1949","第9卷 第18期","23-24","上海"
"光荣的科学家们","聂斯密扬诺夫","时代杂志","1949","第9卷 第15期","15-16","上海"
"苏联影片“第三次打击”中的一景:[照片]","时代杂志","1949","第9卷 第12期","封1",NA,"上海"
"可歌可泣的法国矿工大罢工","(法)弗拉松 朱文澜","时代杂志","1949","第9卷 第8期","14-17","上海"
"苏联最著名的制琴师:波德高纳在自己的工场中工作:[照片]","时代杂志","1949","第9卷 第17期","封2",NA,"上海"
"一周时事类编:英国议员相继演说，要求接受史大林建议","时代杂志","1949","第9卷 第5期","38-39",NA,"上海"
"抗议大西洋战争公约，苏联政府备忘录全文:三月三十一日致美英法比荷卢加等七国政府","时代杂志","1949","第9卷 第13期","1页，4",NA,"上海"
"莫斯科博物馆巡礼(附照片)","克拉斯诺夫 茀之","时代杂志","1949","第9卷 第11期","20-22","上海"
"一周时事类编:苏联滑翔机比赛，有三十六种得奖","时代杂志","1949","第9卷 第1期","39",NA,"上海"
"法国文化界名流赞同陶莱士声明","时代杂志","1949","第9卷 第8期","17",NA,"上海"
"真理站在那一边?:在三月二十七日美国文化界保卫和平大会上演辞","法捷耶夫","时代杂志","1949","第9卷 第13期","13-15","上海"
"苏联青年团:过去做了些什么?现在还要做什么?","时代杂志","1949","第9卷 第13期","22-23",NA,"上海"
"“全世界劳动人民的解放旗帜”补遗","时代杂志","1949","第9卷 第6期","24-27",NA,"上海"
"新菜单:[画图]","时代杂志","1949","第9卷 第3期","23",NA,"上海"
"庆祝苏联建军节:苏联武力部长文告:号召全军提高警觉拱卫国土","(苏)布尔干宁","时代杂志","1949","第9卷 第8期","4-5","上海"
"一周时评:一只镀金的鹦鹉","查斯拉夫斯基","时代杂志","1949","第9卷 第14期","4-5","上海"
"苏联各报论新公债","时代杂志","1949","第9卷 第17期","23-24",NA,"上海"
"世界和战的标志:史大林答问及其反响","时代杂志","1949","第9卷 第5期","1页，4",NA,"上海"
"我从来不曾像现在那样乐观:英国坎特布莱副主教詹森博士一九四八年十月在英苏友好协会代表大会上演辞(附照片)","(英)詹森 克美","时代杂志","1949","第9卷 第3期","12-13","上海"
"一周时事类编:世界民主青联拥护和平大会","时代杂志","1949","第9卷 第9期","25",NA,"上海"
"罗马利亚女部长的战斗生涯(附图)","古托罗维奇","时代杂志","1949","第9卷 第9期","8-10，19","上海"
"一周时事类编:“出色的大笑话”","时代杂志","1949","第9卷 第6期","34",NA,"上海"
"一周新闻摘要:需要三种东西","时代杂志","1949","第9卷 第15期","30",NA,"上海"
"苏美英三国最近经济动态拾零:迎接劳动节，苏联竞赛热","时代杂志","1949","第9卷 第14期","17-18",NA,"上海"
"一周时事类编:荷酝酿反战总罢工，国际团体纷纷声援印尼","时代杂志","1949","第9卷 第1期","40-41",NA,"上海"
"“民主”“自由”讽刺画","君山","时代杂志","1949","第9卷 第5期","16-19","上海"
"苏联再向挪威发表声明，建议缔结互不侵犯条约","时代杂志","1949","第9卷 第5期","38-40",NA,"上海"
"莫斯科的交通(下):莫斯科第一出差汽车站的出口处:[照片]","时代杂志","1949","第9卷 第3期","封2",NA,"上海"
"一周时事类编:雅典政府又要改组，美英使节参加布置","时代杂志","1949","第9卷 第2期","41",NA,"上海"
"无法解决的矛盾","时代杂志","1949","第9卷 第2期","22-23",NA,"上海"
"全世界人民反对战争公约，拥护在巴黎举行和平大会","时代杂志","1949","第9卷 第11期","27-32",NA,"上海"
"“幼稚园中的工人子弟”:[照片]","时代杂志","1949","第9卷 第17期","封1",NA,"上海"
"计划性与阶级斗争在匈牙利","雅隆诺维区 雅科布 徐芝","时代杂志","1949","第9卷 第18期","18-19","上海"
"这就是“一九四八年世界局势”的真相吗?:苏联代表对联合国秘书处报告的批评","时代杂志","1949","第9卷 第9期","16-19",NA,"上海"
"朝鲜的昨天与今天:原载“英苏协会”发行的“今日俄国通讯”","朱文澜","时代杂志","1949","第9卷 第12期","12-16","上海"
"莫斯科音乐院的宗教音乐演奏会:坐在包厢里的全俄罗斯大主教阿历克西亚:[照片]","时代杂志","1949","第9卷 第6期","封2",NA,"上海"
"莫斯科地下铁道:[照片]","时代杂志","1949","第9卷 第15期","封1",NA,"上海"
"东南亚妇女的苦难生活:国际民主妇女联合会委员会东南亚巡礼(附照片)","莫洛左娃 徐芝","时代杂志","1949","第9卷 第9期","11-15，25","上海"
"一周时事类编:马柯斯将军因病徉职，发表声明坚信必胜","时代杂志","1949","第9卷 第6期","33",NA,"上海"
"一周时评:和平力量大团结","时代杂志","1949","第9卷 第15期","1页，4",NA,"上海"
"美国失业人数统计(续)","时代杂志","1949","第9卷 第4期","23-24",NA,"上海"
"纽约市场跌风益猛，美国失业人数激增","时代杂志","1949","第9卷 第6期","10-12",NA,"上海"
"一周时事类编:义大利受“援”后果，“饥饿游行”大流血","时代杂志","1949","第9卷 第6期","32-33",NA,"上海"
"一周时事类编:鲁斯欢宴邱吉尔，群众在门前示威","时代杂志","1949","第9卷 第12期","25",NA,"上海"
"美国最近经济政治动态:一、经济恐慌征兆日益明朗","时代杂志","1949","第9卷 第2期","16-17",NA,"上海"
"德境各占领区行政组织(附图)","王运成","时代杂志","1949","第9卷 第17期","19-20，15","上海"
"一周时事类编:印度铁路罢工一触即发，加尔各答进入戒严状态","时代杂志","1949","第9卷 第10期","29-30",NA,"上海"
"论苏联新社会的新人物(续完)","罗森泰","时代杂志","1949","第9卷 第6期","29-31","上海"
"一周新闻摘要:二十六层大厦","时代杂志","1949","第9卷 第15期","30",NA,"上海"
"美国纵横谈(三)","儒科夫 任谷","时代杂志","1949","第9卷 第10期","22-26","上海"
"一个苏联得奖女专家的生活故事(附照片)","叶高希娜 王运成","时代杂志","1949","第9卷 第9期","5-7","上海"
"一周时事类编:国际学联宣言号召保卫和平","时代杂志","1949","第9卷 第9期","25",NA,"上海"
"莫斯科的交通(下):高尔基大街上的双层无轨电车:[照片]","时代杂志","1949","第9卷 第3期","封2",NA,"上海"
"希士邦交“冷却”，学生反希示威","时代杂志","1949","第9卷 第2期","23",NA,"上海"
"苏联真理报通讯:越南青年:反抗法帝侵略的先锋","林秀","时代杂志","1949","第9卷 第8期","18","上海"
"莫斯科苏军馆的艺展:[画图三幅]","时代杂志","1949","第9卷 第8期","封2",NA,"上海"
"安理会继续讨论印尼问题，英美一味庇护荷兰侵略者","时代杂志","1949","第9卷 第3期","30-32",NA,"上海"
"论苏联强大武力的进步性与群众性:纪念二月廿三日苏联陆军节","(苏)戈伏洛夫","时代杂志","1949","第9卷 第7期","1页，4-5","上海"
"苏联一九四八年国民经济建设成绩总结(苏联中央统计局公布)","时代杂志","1949","第9卷 第4期","5-8，20",NA,"上海"
"论“犹太问题”","爱伦堡 任谷","时代杂志","1949","第9卷 第3期","15-18","上海"
"一周新闻摘要:公开信","时代杂志","1949","第9卷 第15期","29",NA,"上海"
"英国工党与劳工阶级(附图)","别葛洛夫 王运成","时代杂志","1949","第9卷 第7期","6-7","上海"
"希奇古怪的梦","时代杂志","1949","第9卷 第8期","13",NA,"上海"
"两个对照:普梯洛夫工厂的五一示威:[照片]","顾斯托季叶夫","时代杂志","1949","第9卷 第16期","封2","上海"
"一周时事类编:法国共党中央图书馆发现一颗美造大炸弹","时代杂志","1949","第9卷 第10期","29",NA,"上海"
"“铁流”作者逝世","时代杂志","1949","第9卷 第4期","31",NA,"上海"
"一周时评:论鲁尔密约","时代杂志","1949","第9卷 第3期","4-5",NA,"上海"
"各国共产党领袖响应法义共党声明","时代杂志","1949","第9卷 第9期","26-28",NA,"上海"
"光荣属于苏军:红场上苏军队伍:[照片]","时代杂志","1949","第9卷 第7期","封2",NA,"上海"
"讨论:一、苏联第十届职工会代表大会于四月二十日开始……","时代杂志","1949","第9卷 第16期","11-13",NA,"上海"
"一周时事类编:苏联武力部长易人，华西列夫斯基继任","时代杂志","1949","第9卷 第12期","26",NA,"上海"
"苏维埃政府嘉奖教师:苏联最高苏维埃主席施维尔尼克授与俄罗斯共和国功勋人民教师卡唐斯卡雅列宁勋章:[照片]","时代杂志","1949","第9卷 第13期","封2",NA,"上海"
"一周时事类编:英国失业统计罢工次数增加","时代杂志","1949","第9卷 第10期","29",NA,"上海"
"荷兰侵略印尼内幕:美国事前与闻此事，事后又在安理会猫哭老鼠","儒柯夫","时代杂志","1949","第9卷 第1期","37","上海"
"各国评述苏联声明，两个阵营两种看法","时代杂志","1949","第9卷 第5期","8-12",NA,"上海"
"一周时事类编:美英大筑基地","时代杂志","1949","第9卷 第2期","41",NA,"上海"
"兹拉托乌斯特城文化宫(上):楼梯:[照片]","时代杂志","1949","第9卷 第1期","封2",NA,"上海"
"一周时事类编:美国前任驻苏武官，驳斥战贩反苏谰言","时代杂志","1949","第9卷 第9期","28",NA,"上海"
"新匈牙利的自由神","罗西斯基 林秀","时代杂志","1949","第9卷 第7期","14-17","上海"
"塔斯社奉命辟谣","时代杂志","1949","第9卷 第15期","7",NA,"上海"
"美国纵横谈(六)","儒科夫 任谷","时代杂志","1949","第9卷 第13期","31-33","上海"
"一周时事类编:挪威反战民众纷纷集会，反对参加北大西洋公约","时代杂志","1949","第9卷 第5期","39",NA,"上海"
"民主和反民主:爵士音乐的新用场","时代杂志","1949","第9卷 第3期","19",NA,"上海"
"从一张贺年片看世界青联活动(附图)","时代杂志","1949","第9卷 第13期","24",NA,"上海"
"史大林冶金联合工厂:试铁情形:[照片]","时代杂志","1949","第9卷 第18期","封2",NA,"上海"
"苏美英三国最近经济动态拾零:美国失业工人已达五百多万","时代杂志","1949","第9卷 第14期","18-19",NA,"上海"
"奴隶主与奴才的反苏合唱","时代杂志","1949","第9卷 第12期","1页，4-6",NA,"上海"
"论苏联与新民主国家的关系","李昂尼陀夫 移模","时代杂志","1949","第9卷 第1期","10-13","上海"
"一周时事类编:罗国在大转变中，文教经费大增","时代杂志","1949","第9卷 第2期","40",NA,"上海"
"一周时事类编:法国政府反共大恐怖，民众抗议怒潮普通展开","时代杂志","1949","第9卷 第9期","27",NA,"上海"
"一周时事类编:捷克职工会会员已经超过三百万","时代杂志","1949","第9卷 第6期","33",NA,"上海"
"庆祝五一节(“真理报”社论)","时代杂志","1949","第9卷 第17期","4-5",NA,"上海"
"迎接五一国际劳动节(“真理报”社论)","时代杂志","1949","第9卷 第16期","1页，4",NA,"上海"
"一周时事类编:希腊民主军空前大捷，迭占重要大工业城市","时代杂志","1949","第9卷 第3期","31-32",NA,"上海"
"论民族主义与国际主义(续完)","佛蓝采夫 林秀","时代杂志","1949","第9卷 第2期","31-33","上海"
"脱离战斗生活走向复员生活:苏联最高苏维埃主席团主席加里宁在红军和红海军妇女退伍人员大会上演词(附照片)","加里宁","时代杂志","1945","第5卷 第15期","1页","上海"
"国际一周:别忘战争罪犯!","时代杂志","1945","第5卷 第14期","12-13",NA,"上海"
"投降后的柏林","时代杂志","1945","第5卷 第4期","21-22",NA,"上海"
"南军撤离特里埃斯特情形","时代杂志","1945","第5卷 第8期","19",NA,"上海"
"高尔基研究:复活节的故事:筏上","施维卓夫 高尔基 子叶","时代杂志","1945","第5卷 第8期","29-34","上海"
"德国土地上的红军战迹:军曹茨冈诺夫在一次战斗中杀死德兵多人，俘获二十个:[照片]","时代杂志","1945","第5卷 第4期","封2",NA,"上海"
"南斯拉夫京城巷战一瞥","西蒙诺夫","时代杂志","1945","第5卷 第1期","32-34","上海"
"“东亚共荣圈”(木牌上写着“日人集中营”):[画图]","时代杂志","1945","第5卷 第23期","封3",NA,"上海"
"法国最近的政局:法国各界讨论法国宪法案","时代杂志","1945","第5卷 第13期","11",NA,"上海"
"苏联继续复员工作","时代杂志","1945","第5卷 第13期","9",NA,"上海"
"梵蒂冈与战后整理问题(未完)","米尔尼柯夫","时代杂志","1945","第5卷 第23期","14-16","上海"
"苏联全貌:苏联十月革命后的经济改造:苏联某工厂新设的鎔铁炉:[照片]","时代杂志","1945","第5卷 第19期","28",NA,"上海"
"中苏联合影响英美:为苏联十月革命廿八周年纪念作","柳亚子","时代杂志","1945","第5卷 第19期","7","上海"
"日本:希特勒德国的盟邦","叶鲁萨里姆斯基","时代杂志","1945","第5卷 第16期","11-12","上海"
"国际一周间:社会主义的优点","阿尔古斯","时代杂志","1945","第5卷 第22期","7","上海"
"关于苏渝谈判与三国领袖会议","时代杂志","1945","第5卷 第13期","12-13",NA,"上海"
"国际一周:一片要求美苏合作声","时代杂志","1945","第5卷 第7期","8-9",NA,"上海"
"红场胜利阅兵观礼记:叶廖明柯将军:[照片]","时代杂志","1945","第5卷 第10期","6",NA,"上海"
"红军的勋章和奖章","时代杂志","1945","第5卷 第5期","8",NA,"上海"
"苏联战地剧团:摘自沿途日记","贝廖兹珂","时代杂志","1945","第5卷 第6期","25-26","上海"
"联合国组织正式成立","阿尔古斯","时代杂志","1945","第5卷 第18期","3-5","上海"
"苏联勋章奖章:保卫战奖章……:[照片二幅]","时代杂志","1945","第5卷 第5期","封2",NA,"上海"
"特写:柏林之战:和平工作开始","时代杂志","1945","第5卷 第3期","18",NA,"上海"
"联苏学者研究外国经济与政治的成绩:纪念苏联学术院成立二二○周年","时代杂志","1945","第5卷 第22期","3-9",NA,"上海"
"国际一周:比利时国会确定国王叛国行为","时代杂志","1945","第5卷 第15期","16",NA,"上海"
"反动的德国历史学(续)","巴斯金","时代杂志","1945","第5卷 第22期","16-17","上海"
"苏德战争开始的那一天:德国法西斯蒂侵犯苏联的消息刚传出的时候，苏联全国各处，各地--工厂，农场，机关里都举行群众大会，表示如火如荼的愤怒，击溃德国法西主义的决心:[照片]","时代杂志","1945","第5卷 第9期","封2",NA,"上海"
"苏维埃人民在人类历史上的伟大功迹","柯里翁诺夫","时代杂志","1945","第5卷 第8期","1页，4-5","上海"
"五月九日:胜利日","时代杂志","1945","第5卷 第3期","4",NA,"上海"
"苏联后方:民众一切力量献给最后胜利:入春以来，国营农场纷纷修理农具，开始春耕:[照片]","时代杂志","1945","第5卷 第1期","封3",NA,"上海"
"苏联十日革命廿八周年纪念:[画图]","时代杂志","1945","第5卷 第19期","封1",NA,"上海"
"国际一周:再一次严正的考验(十二月十五日至二十一日)","葛罗宾","时代杂志","1945","第5卷 第25期","14-15","上海"
"国际一周间:日本反动派的活动","阿尔古斯","时代杂志","1945","第5卷 第22期","9","上海"
"高尔基研究:哲人不萎","施维卓夫 别赫尔","时代杂志","1945","第5卷 第12期","27","上海"
"国际一角:梦魇?:[画图]","伊古斯","时代杂志","1945","第5卷 第21期","封3","上海"
"“煤船即将抵沪”:上海各报消息:[画图]","时代杂志","1945","第5卷 第23期","封3",NA,"上海"
"人类的寿命","时代杂志","1945","第5卷 第7期","20",NA,"上海"
"史大林画传(上):乔治亚郭里城内，史大林诞生和度过童年的房屋:[画图]","时代杂志","1945","第5卷 第25期","封2",NA,"上海"
"特写:柏林之战:谈判投降经过","时代杂志","1945","第5卷 第3期","16",NA,"上海"
"特写:柏林市街战:炮轰元首公署","时代杂志","1945","第5卷 第1期","22",NA,"上海"
"裴利亚:苏联元帅","时代杂志","1945","第5卷 第12期","7",NA,"上海"
"苏军对德国抢掠者作战时所夺获的法西斯旗帜，嗣于六月二十四日举行红军胜利阅兵时，掷于苏联大元帅史大林的足前:[照片]","时代杂志","1945","第5卷 第11期","封1",NA,"上海"
"论自由与必然性","顾兹明","时代杂志","1945","第5卷 第25期","18-21","上海"
"日耳曼侵略者的“东进”政策","杰尔札文","时代杂志","1945","第5卷 第25期","22-23","上海"
"苏联的特色:文化生活在苏联:列宁格勒少年先锋宫中的大厅:[照片]","时代杂志","1945","第5卷 第19期","16",NA,"上海"
"戏演完了","Pen","时代杂志","1945","第5卷 第12期","14","上海"
"苏军攻破柏林的历史意义","柯罗勃考夫","时代杂志","1945","第5卷 第12期","21-26","上海"
"资本主义国家的宪法和社会主义国家的宪法(续)","戚礼朴","时代杂志","1945","第5卷 第24期","5-9","上海"
"国际一周:伊朗的反动势力","时代杂志","1945","第5卷 第12期","9-10",NA,"上海"
"红军进入德土:红军战士在德国某城进行市街战:[照片]","时代杂志","1945","第5卷 第1期","封2",NA,"上海"
"史大林斯克冶金工人阅览室:[照片]","时代杂志","1949","第9卷 第18期","封1",NA,"上海"
"一个苏联电影女演员的生活故事(附照片)","苇西利叶娃 何歌","时代杂志","1949","第9卷 第11期","23","上海"
"一周时评:英美与印尼殖民地战争","时代杂志","1949","第9卷 第2期","7",NA,"上海"
"柏林战役苏军阵亡将士纪念碑揭幕礼","时代杂志","1949","第9卷 第17期","18，15",NA,"上海"
"苏维埃政府嘉奖教师:卡唐斯卡雅授课情形:[照片二幅]","时代杂志","1949","第9卷 第13期","封2",NA,"上海"
"一周来保卫世界和平运动消息摘粹:奴才返国引起抗议新潮，非洲人民怒斥帝国主义","时代杂志","1949","第9卷 第14期","25-26",NA,"上海"
"一周时评:美国民主党背弃诺言","时代杂志","1949","第9卷 第3期","4",NA,"上海"
"论法国新法西斯主义","别尔金 任谷","时代杂志","1949","第9卷 第8期","11-13","上海"
"守护和平的战士(苏联“新时代”周刊社论)","时代杂志","1949","第9卷 第8期","1页，4-5",NA,"上海"
"联合国大会纪要:各委员会重分议程问题，暴露了英美延宕的阴谋","时代杂志","1949","第9卷 第17期","30",NA,"上海"
"国际工人阶级团结的节日","时代杂志","1949","第9卷 第16期","7",NA,"上海"
"英国工党贵族圈黑幕","李昂尼陀夫 许端光","时代杂志","1949","第9卷 第16期","21-26","上海"
"世界工联的风波:英美工会领袖阴谋毕露，各国工会代表同声斥责","时代杂志","1949","第9卷 第4期","25-29",NA,"上海"
"莫斯科的交通(下):克里姆林宫墙前的水上电车:[照片]","时代杂志","1949","第9卷 第3期","封2",NA,"上海"
"从社会主义到共产主义","古罗派特金 王运成","时代杂志","1949","第9卷 第2期","8-11","上海"
"民主和反民主:凶手参考","时代杂志","1949","第9卷 第3期","19",NA,"上海"
"一周时事类编:义社会党领袖南尼，反对参加西欧同盟","时代杂志","1949","第9卷 第5期","39",NA,"上海"
"一周时事类编:北朝鲜民国捕获南朝鲜特务十四人","时代杂志","1949","第9卷 第5期","42",NA,"上海"
"一周时事类编:国际学联执委会报告中希等国学生运动","时代杂志","1949","第9卷 第4期","31-32",NA,"上海"
"莫斯科的交通(下):《MTB-82-A》型无轨电车:[照片]","时代杂志","1949","第9卷 第3期","封2",NA,"上海"
"波兰人民历史的新页","柯伐尔斯基 许端光","时代杂志","1949","第9卷 第15期","21-25","上海"
"自由希腊访问记","泰雷 张名","时代杂志","1949","第9卷 第10期","15-18","上海"
"一周时事类编:苏举行时装评判会","时代杂志","1949","第9卷 第3期","30",NA,"上海"
"民主和反民主:“超现实爵士音乐”","时代杂志","1949","第9卷 第3期","19",NA,"上海"
"史大林冶金联合工厂:原料和焦炭均由机器自动加入熔矿炉:[照片]","时代杂志","1949","第9卷 第18期","封2",NA,"上海"
"尼赫鲁放烟幕:印度“人民世纪”报揭穿了这个亲帝反共要角的原形","克美","时代杂志","1949","第9卷 第11期","11-14","上海"
"一周时事类编:印度加强军国主义宣传，孟买飞机场发生大罢工","时代杂志","1949","第9卷 第7期","31-32",NA,"上海"
"列宁主义的澈底民主性:纪念列宁逝世廿五周年(附图)","叶夫斯塔非也夫 林秀","时代杂志","1949","第9卷 第3期","6-9","上海"
"出席代表大会的外国职工会代表","时代杂志","1949","第9卷 第16期","9",NA,"上海"
"美国纵横谈(五)","儒科夫 任谷","时代杂志","1949","第9卷 第12期","21-24","上海"
"苏联合作社的伟大作用:纪念消费合作社中央联盟五十年","克里莫夫 林秀","时代杂志","1949","第9卷 第1期","29-31","上海"
"乡村女教师和她的学生们:[照片]","时代杂志","1949","第9卷 第6期","封1",NA,"上海"
"用印尼人民鲜血灌溉的“花之国”(荷兰通讯)","阿弗林 移模","时代杂志","1949","第9卷 第2期","35-38","上海"
"联合国大会一周纪要:新闻公约草案修正通过，又被英美强制修改删削","时代杂志","1949","第9卷 第18期","30-31",NA,"上海"
"世界和平大会常务委员会选出十三人组成执行局","时代杂志","1949","第9卷 第17期","22",NA,"上海"
"一周时事类编:中国朝鲜等代表团抵苏京，参加共产主义青年团大会","时代杂志","1949","第9卷 第12期","26",NA,"上海"
"一周时事类编:又一日本议员，参加共产党","时代杂志","1949","第9卷 第5期","41",NA,"上海"
"满洲印象","斯维特罗夫 克美","时代杂志","1949","第9卷 第9期","23-24","上海"
"幸福的儿童:哈柯夫城少年先锋宫的入口处:[照片]","时代杂志","1949","第9卷 第11期","封2",NA,"上海"
"苏美英三国最近经济动态拾零:重建加里宁格勒，改变白俄罗斯面貌","时代杂志","1949","第9卷 第14期","18",NA,"上海"
"一周时事类编:美新任国防部长约翰逊是什么人?","时代杂志","1949","第9卷 第9期","26",NA,"上海"
"一周时事类编:苏轻工业展开竞赛，本材业完全机械化","时代杂志","1949","第9卷 第6期","34",NA,"上海"
"一周时事类编:交通工人续罢工，费城交通陷停顿","时代杂志","1949","第9卷 第7期","29",NA,"上海"
"战争与和平决斗","时代杂志","1949","第9卷 第11期","27-29",NA,"上海"
"向热爱和平的民主的苏联人民深切致敬:应邀赴苏各国职工会代表致函苏联职工会中央理事会主席团","时代杂志","1949","第9卷 第18期","13-15",NA,"上海"
"莫斯科的交通(上):莫斯科城郊的电气火车站:[照片]","时代杂志","1949","第9卷 第2期","封2",NA,"上海"
"联合国大会纪要:英美等努力支持佛朗哥，为的是保全法西斯温床","时代杂志","1949","第9卷 第17期","30-34",NA,"上海"
"一个苏联电影女演员的生活故事:李奇雅·史密尔诺娃:[照片]","时代杂志","1949","第9卷 第11期","23",NA,"上海"
"“第三次打击”:[照片四幅]","时代杂志","1949","第9卷 第12期","封2",NA,"上海"
"一周时事类编:美国上下惶恐不安，一致担心经济前途","时代杂志","1949","第9卷 第3期","31",NA,"上海"
"苏联最著名的制琴师(附照片)","时代杂志","1949","第9卷 第17期","封2",NA,"上海"
"卅年来的白俄罗斯共和国:苏联最高苏维埃主席施维尼克在白俄罗斯苏维埃社会主义共和国建国卅周年庆祝大会上演辞","时代杂志","1949","第9卷 第2期","12-13",NA,"上海"
"时间的故事:每分钟在苏联做多少事，在美国又做多少事?","王运成","时代杂志","1949","第9卷 第9期","17-19","上海"
"淹没战争叫嚣的反侵略呼声(附图)","时代杂志","1949","第9卷 第8期","6-10",NA,"上海"
"幸福的儿童:这位小音乐家是乌兹贝克农民的儿子，他是萨马尔干音乐学校的高材生:[照片]","时代杂志","1949","第9卷 第11期","封2",NA,"上海"
"真理报论苏联预算","时代杂志","1949","第9卷 第10期","21-22",NA,"上海"
"波兰印像记","查斯拉夫斯基 许端光","时代杂志","1949","第9卷 第7期","19-21","上海"
"苏美英三国最近经济动态拾零:英国新预算，大炮代牛油","时代杂志","1949","第9卷 第14期","19-20",NA,"上海"
"一颗埋在联合国下面的地雷","倍莱兹珂夫 卓士","时代杂志","1949","第9卷 第13期","9-10","上海"
"苏联知识界卓越的成就(苏联“真理报”社论)","时代杂志","1949","第9卷 第15期","14-16",NA,"上海"
"捷克斯洛伐克人民突击劳动壮观","伊奥丹斯基 朱文澜","时代杂志","1949","第9卷 第12期","8-11","上海"
"一周时事类编:美驻东南亚外交代表将在德里举行会议","时代杂志","1949","第9卷 第12期","25",NA,"上海"
"美国纵横谈(四)","儒科夫 任谷","时代杂志","1949","第9卷 第11期","24-26","上海"
"一周时事类编:苏联合作社社员赞助世界和平大会","时代杂志","1949","第9卷 第10期","30",NA,"上海"
"波兰经济发展:三年计划顺利完成，六年计划任务重大","时代杂志","1949","第9卷 第1期","16-17",NA,"上海"
"塔斯社受权辟谣","时代杂志","1949","第9卷 第2期","39-41",NA,"上海"
"一周时事类编:出席联大三届会议，苏联等国代表团名单","时代杂志","1949","第9卷 第12期","26",NA,"上海"
"一周时事类编:南北朝鲜对照","时代杂志","1949","第9卷 第2期","41",NA,"上海"
"民族主义者控制下的南斯拉夫:南斯拉夫首都空军要员三人飞往罗马尼亚发表长篇声明","鲍里斯拉夫 苏彼克 托波列维奇","时代杂志","1949","第9卷 第18期","16-17","上海"
"参考资料:波茨坦协定关于德国部份","时代杂志","1949","第9卷 第14期","30-33",NA,"上海"
"米邱林学说是不可动摇的:苏联科学院主席团发表声明，驳斥亨利·戴尔的毁谤性信件","朱文澜","时代杂志","1949","第9卷 第4期","14-15","上海"
"派尔米罗·陶里亚蒂(附照片)","米罗夫 和乃","时代杂志","1949","第9卷 第2期","28-30","上海"
"美国最近经济政治动态:二、各方揭发杜鲁门言行矛盾","时代杂志","1949","第9卷 第2期","17-19",NA,"上海"
"史大林冶金联合工厂:联合工厂总工程师维克托·斯米尔诺夫从无线电话中收集各工场主任的报告:[照片]","时代杂志","1949","第9卷 第18期","封2",NA,"上海"
"两个对照:莫斯科某工厂附设的托儿所:[照片]","时代杂志","1949","第9卷 第16期","封2",NA,"上海"
"暴风雨中的海燕:高尔基八一诞辰纪念文摘要","时代杂志","1949","第9卷 第13期","29-30",NA,"上海"
"我从来不曾像现在那样乐观:英国坎特布莱副 主教詹森博士一九四八年十月在英苏友好协会代表大会上演辞:詹森博士:[照片]","时代杂志","1949","第9卷 第3期","12",NA,"上海"
"苏联的铁路运输:行驶于乔治亚共和国的特快车:[照片]","时代杂志","1949","第9卷 第15期","封2",NA,"上海"
"侵略战争集团形成了(附图)","彼德洛夫 林秀","时代杂志","1949","第9卷 第13期","7-10","上海"
"一周时事类编:法共产党领袖演说，呼吁人民抢救和平","时代杂志","1949","第9卷 第10期","28-29",NA,"上海"
"联合国大会一周纪要:赖伊想做总司令，马力克一针见血","时代杂志","1949","第9卷 第15期","32-33",NA,"上海"
"生产战线的“礼炮”:原载“苏维埃周报”(附照片)","克美","时代杂志","1949","第9卷 第12期","7","上海"
"东西德经济对照:和平与战争的竞赛","吉辛斯基 许端光","时代杂志","1949","第9卷 第14期","7-9","上海"
"一周时事类编:波兰历史上破天荒大事，纺织女工任工厂监督","时代杂志","1949","第9卷 第5期","40-41",NA,"上海"
"莫斯科纺织工厂附属学校的女学生作集体舞蹈:[照片]","时代杂志","1949","第9卷 第9期","封1",NA,"上海"
"挪威在十字路口(摘自“新时代”周刊社论)","时代杂志","1949","第9卷 第7期","33",NA,"上海"
"五一节:[照片]","时代杂志","1949","第9卷 第16期","封1",NA,"上海"
"两个对照:为莫斯科工人建立的大剧院:[照片]","时代杂志","1949","第9卷 第16期","封2",NA,"上海"
"苏联武力部长五一节演辞","时代杂志","1949","第9卷 第17期","4-5",NA,"上海"
"东德土地改革引起了什么变化?","哈拉哈许扬 克美","时代杂志","1949","第9卷 第14期","10-12","上海"
"莫斯科音乐院的宗教音乐演奏会:柯奇茨基神父向来宾致词:[照片]","时代杂志","1949","第9卷 第6期","封2",NA,"上海"
"马歇尔辞职原因:罗马“团结报”社论摘要","时代杂志","1949","第9卷 第3期","14",NA,"上海"
"一九四八年两个阵营的经济变动","时代杂志","1949","第9卷 第7期","18",NA,"上海"
"“北大西洋公约”是什么东西:苏联外交部关于“北大西洋公约”的声明","时代杂志","1949","第9卷 第5期","6-14",NA,"上海"
"一周时事类编:苏联医学科学院赞助世界和平大会","时代杂志","1949","第9卷 第10期","31",NA,"上海"
"两代人的感想:请看我的生活","安东诺娃","时代杂志","1949","第9卷 第16期","16","上海"
"各国人民反大西洋公约特辑:一、挪威……","时代杂志","1949","第9卷 第7期","32-33",NA,"上海"
"全世界劳动人民的解放旗帜:苏联“真理报”总编辑在列宁纪念大会上的报告","时代杂志","1949","第9卷 第5期","24-29",NA,"上海"
"德国人民会议告德国人民书:为选举德国人民代表大会代表事","时代杂志","1949","第9卷 第18期","7",NA,"上海"
"莫斯科音乐院的宗教音乐演奏会:演奏会的听众，内有全世界东正教会的代表及苏联教徒的代表:[照片]","时代杂志","1949","第9卷 第6期","封2",NA,"上海"
"一周时事类编:法苏协会全国委会，维护法苏友好条约","时代杂志","1949","第9卷 第10期","29",NA,"上海"
"莫斯科大量建造新屋:[照片]","时代杂志","1949","第9卷 第13期","封1",NA,"上海"
"论民族主义与国际主义(未完)","佛蓝采夫","时代杂志","1949","第9卷 第1期","6-9","上海"
"兹拉托乌斯特城文化宫(下):大厅一角:[照片]","时代杂志","1949","第9卷 第1期","封3",NA,"上海"
"一周时事类编:匈国劳动人民热烈进行竞赛","时代杂志","1949","第9卷 第2期","40",NA,"上海"
"一周时事类编:比国共产党中央委会决议不准美帝将比国卷入战祸","时代杂志","1949","第9卷 第10期","28",NA,"上海"
"驳英职工大会挑拨性决议","波梁斯卡亚 宋恩泽","时代杂志","1949","第9卷 第1期","32-34","上海"
"美国殖民政策导演下的悲剧","齐维伊诺夫","时代杂志","1949","第9卷 第3期","20-23","上海"
"如火如荼的保卫和平运动(苏联“新时代”社论`)","时代杂志","1949","第9卷 第13期","11-12",NA,"上海"
"如果反苏侵略战争爆发","(英)波立特 移模","时代杂志","1949","第9卷 第15期","10-11","上海"
"民主和反民主:不比纽约坏","时代杂志","1949","第9卷 第3期","19",NA,"上海"
"苏联集体农业的成就","(苏)契拉姆希金","时代杂志","1949","第9卷 第3期","10-11","上海"
"一周时事类编:北朝鲜完成生产计划，即将实施初等义务教育","时代杂志","1949","第9卷 第4期","33-34",NA,"上海"
"一周时事类编:苏联乡村电气化","时代杂志","1949","第9卷 第9期","28-29",NA,"上海"
"一周时事类编:美各报纷纷谴责美国政府助荷侵印","时代杂志","1949","第9卷 第1期","39-40",NA,"上海"
"一周时评:大西洋公约的太平洋版","马里宁","时代杂志","1949","第9卷 第14期","5","上海"
"为加强世界工联而斗争:苏联代表在世界工联执行局会议上的声明","时代杂志","1949","第9卷 第6期","14-22",NA,"上海"
"论苏联农业十五年计划:原载美国“Political Affaivss”一九四八年十二月号","哈里斯 张名","时代杂志","1949","第9卷 第8期","19-24","上海"
"东南亚妇女的苦难生活:国际民主妇女联合会委员会东南亚巡礼:孟买织布厂工人及其住在贫民窟里的家属:[照片]","时代杂志","1949","第9卷 第9期","13",NA,"上海"
"两代人的感想:第一次试验","萨莫依洛夫","时代杂志","1949","第9卷 第16期","15-16","上海"
"和平之鸽:丹麦《Land of Folk》漫画:[漫画五幅]","时代杂志","1949","第9卷 第6期","4",NA,"上海"
"社会主义国家是怎样节约的?(1)(附图)","费之","时代杂志","1949","第9卷 第7期","24-26","上海"
"一周时事类编:美面临经济暴风雨前夕，证券及商品价格惨跌","时代杂志","1949","第9卷 第5期","39-40",NA,"上海"
"苏联党政决议再度削减物价，人民欢跃益发提高生产热情","时代杂志","1949","第9卷 第9期","29-32",NA,"上海"
"保加利亚工人发动五一竞赛","时代杂志","1949","第9卷 第16期","13",NA,"上海"
"美国纵横谈(七)","儒科夫 任谷","时代杂志","1949","第9卷 第14期","21-23，33","上海"
"兹拉托乌斯特城文化宫(下):客厅:[照片]","时代杂志","1949","第9卷 第1期","封3",NA,"上海"
"两代人的感想:年青的基洛夫工人(附照片)","马特魏叶夫","时代杂志","1949","第9卷 第16期","15","上海"
"梵蒂冈在干些什么?","亢箕陀夫 林秀","时代杂志","1949","第9卷 第11期","14-19","上海"
"德境苏联占领区改善知识份子地位","时代杂志","1949","第9卷 第14期","9",NA,"上海"
"两个对照:为集体农民建造的新屋:[照片]","时代杂志","1949","第9卷 第16期","封2",NA,"上海"
"莫斯科竞选人民法官:人民陪审官候选人里亚斯基，他是探照灯工场的装配工人:[照片]","时代杂志","1949","第9卷 第10期","封2",NA,"上海"
"一周时事类编:罗马尼亚石油工业超额完成去年计划、捷克对外贸易平衡，钢铁业实施五年计划","时代杂志","1949","第9卷 第4期","31",NA,"上海"
"新罗马尼亚的儿女们:罗马尼亚新型工、农、兵、和知识份子写照","蒲兰 移模","时代杂志","1949","第9卷 第4期","15-18","上海"
"新波兰的矿工","史米尔诺夫 王运成","时代杂志","1949","第9卷 第16期","18-20","上海"
"苏联青年致殖民地青年电","时代杂志","1949","第9卷 第8期","10",NA,"上海"
"一周时事类编:纽约二万余人群众大会，抗议审判美共产党领袖","时代杂志","1949","第9卷 第9期","27",NA,"上海"
"一周时事类编:英国各地工会决议，反对退出世界工联","时代杂志","1949","第9卷 第6期","32",NA,"上海"
"“火花”农场的集体农妇们:[照片]","时代杂志","1949","第9卷 第14期","封1",NA,"上海"
"一周时事类编:瑞典人民反对大西洋公约，比国商界攻击马歇尔计划","时代杂志","1949","第9卷 第4期","31",NA,"上海"
"列宁逝世二十五周年，各界纷纷参观纪念物","时代杂志","1949","第9卷 第3期","7-9",NA,"上海"
"匈牙利的人民专科学校运动","贾柯柏斯 移模","时代杂志","1949","第9卷 第18期","20-22","上海"
"一周时事类编:美国牧师及进步党人，同声斥责反匈叫嚣","时代杂志","1949","第9卷 第7期","30",NA,"上海"
"一周时事类编:保国工业成绩惊人","时代杂志","1949","第9卷 第6期","34",NA,"上海"
"一周时事类编:日本名流学者纷纷参加共党","时代杂志","1949","第9卷 第3期","33",NA,"上海"
"苏联第四期国民经济复兴与发展公债:总额预定二十亿卢布分二十年归还，发行一日认购额即超过定额十六亿","时代杂志","1949","第9卷 第17期","23-24",NA,"上海"
"梵蒂冈阴谋破产了","别烈淑夫 林秀","时代杂志","1949","第9卷 第11期","15-17","上海"
"史大林奖金主要得奖人题名录","时代杂志","1949","第9卷 第15期","17-19",NA,"上海"
"一周时事类编:英美秘密特务机关利用反动流亡份子","时代杂志","1949","第9卷 第5期","41",NA,"上海"
"美在东欧各国间谍活动纪详:美国对东欧的X计划","米那叶夫 樊英","时代杂志","1949","第9卷 第4期","21-26","上海"
"一周来保卫世界和平运动消息摘粹:和平大会声势浩大，世界工联热烈支持","时代杂志","1949","第9卷 第14期","24-25",NA,"上海"
"幸福的儿童:莫斯科少年先锋宫的棋室:[照片]","时代杂志","1949","第9卷 第11期","封2",NA,"上海"
"一周时事类编:苏联在一年内发见十颗新彗星","时代杂志","1949","第9卷 第1期","38-39",NA,"上海"
"共产党情报局机关报最近一期内容的介绍","时代杂志","1949","第9卷 第18期","17",NA,"上海"
"战争贩子们积极活动:美国参议员提出“简单建议”，英国广播公司广播原子阴谋:二、原子阴谋","索特尼珂夫 移模","时代杂志","1949","第9卷 第5期","15-17","上海"
"苏联改造大自然的伟大计划","费许 余枝","时代杂志","1949","第9卷 第7期","22-24","上海"
"评三国联合报","时代杂志","1949","第9卷 第15期","5",NA,"上海"
"一周时事类编:南朝鲜反政府军声势浩大，“国民议会”议员惊惶失措","时代杂志","1949","第9卷 第5期","41-42",NA,"上海"
"英帝国主义牵线下的缅甸内战(附图)","李昂尼陀夫 李文澜","时代杂志","1949","第9卷 第11期","5-11","上海"
"一周时事类编:苏京活动房屋展览会","时代杂志","1949","第9卷 第9期","29-30",NA,"上海"
"一周时事类编:日本工会接到请柬，参加世界工联大会","时代杂志","1949","第9卷 第6期","32",NA,"上海"
"“列宁格勒夏花园的入口处”:[照片]","时代杂志","1949","第9卷 第7期","封1",NA,"上海"
"一周时事类编:美要扩大北大西洋公约，美舰云集君士坦丁堡","时代杂志","1949","第9卷 第5期","38",NA,"上海"
"米邱林科学:千百万人的财产","珂勒斯尼克 朱文澜","时代杂志","1949","第9卷 第3期","10-12","上海"
"一周时事类编:挪威共产党发表宣言，抗议参加大西洋公约","时代杂志","1949","第9卷 第6期","32",NA,"上海"
"苏联改造大自然的空前计划:苏联部长会议和联共中央报告书摘录","时代杂志","1949","第9卷 第2期","14-16",NA,"上海"
"一周时事类编:英国人民生活恶化","时代杂志","1949","第9卷 第6期","33",NA,"上海"
"一九四八年世界工运极饶兴趣的统计数字","时代杂志","1949","第9卷 第6期","21-22",NA,"上海"
"论苏联人民的伟大胜利","(苏)索柯洛夫斯基","时代杂志","1949","第9卷 第17期","16-17","上海"
"一周时评:扩军比赛的代价","时代杂志","1949","第9卷 第2期","5-7",NA,"上海"
"北朝鲜见闻录","拉脱西尼克 卓士","时代杂志","1949","第9卷 第12期","16-19","上海"
"兹拉托乌斯特城文化宫(上):大厅一角:[照片]","时代杂志","1949","第9卷 第1期","封2",NA,"上海"
"一个苏联女织工的成长","张俗","时代杂志","1949","第9卷 第9期","6-9","上海"
"苏维埃政府嘉奖教师:卡唐斯卡雅和她以前的学生谈话:[照片]","时代杂志","1949","第9卷 第13期","封2",NA,"上海"
"东南亚妇女的苦难生活:国际民主妇女联合会委员会东南亚巡礼:印度女工:[照片]","时代杂志","1949","第9卷 第9期","15",NA,"上海"
"论苏联新社会的新人物(未完)(附照片)","罗森泰","时代杂志","1949","第9卷 第4期","9-13","上海"
"义大利各地举行群众大会，抗议政府释放法西斯罪犯","时代杂志","1949","第9卷 第8期","17",NA,"上海"
"一周时事类编:资本主义危机明朗，法国人士感到不安","时代杂志","1949","第9卷 第7期","30",NA,"上海"
"美国为什么拒绝关于和平公约的建议?(苏联真理报社论)","时代杂志","1949","第9卷 第5期","4-5",NA,"上海"
"一周时事类编:苏联的科学与发明去年一年特别丰富","时代杂志","1949","第9卷 第10期","30",NA,"上海"
"义国各城市庆祝妇女节","时代杂志","1949","第9卷 第9期","7",NA,"上海"
"一周时事类编:莫斯科举行大规模轻工业货品展览会","时代杂志","1949","第9卷 第10期","30",NA,"上海"
"“火花”集体农场:集体农场的四周都是优良的牧场.挤奶时将牛群赶入特设的挤奶场:[照片]","时代杂志","1949","第9卷 第14期","封2",NA,"上海"
"两代人的感想:命运的主人(附照片)","乌尔巴诺维奇","时代杂志","1949","第9卷 第16期","17-18","上海"
"联合国大会纪要:所谓“驻会委员会”建议暴露了英美操纵的企图","时代杂志","1949","第9卷 第17期","29-30",NA,"上海"
"美国经济的“山洪”要爆发了:纽约经济学教授提出警告","时代杂志","1949","第9卷 第10期","20-21",NA,"上海"
"波兰工人运动与新民主主义:在波兰各工人政党团结大会上演辞记录","贝鲁特","时代杂志","1949","第9卷 第1期","14-18","上海"
"苏联最著名的制琴师:波德高纳指示弦乐器制造厂的青年工人怎样改良产品:[照片]","时代杂志","1949","第9卷 第17期","封2",NA,"上海"
"一周时事类编:南朝鲜展开游击战","时代杂志","1949","第9卷 第6期","34",NA,"上海"
"两代人的感想:我们仍旧纪念了五一节!(附照片)","希茨","时代杂志","1949","第9卷 第16期","16-17","上海"
"一周时事类编:法民主社团号召人民抗议加入侵略集团","时代杂志","1949","第9卷 第6期","32",NA,"上海"
"关于调停内战事，苏联致中国覆文","时代杂志","1949","第9卷 第4期","32",NA,"上海"
"“火花”集体农场:奶场主任阿历克山特拉·舒宾娜在滤奶机旁工作:[照片]","时代杂志","1949","第9卷 第14期","封2",NA,"上海"
"一周时事类编:日本议会举行选举","时代杂志","1949","第9卷 第4期","33",NA,"上海"
"民主和反民主:恐怖指南","时代杂志","1949","第9卷 第3期","19",NA,"上海"
"一周时事类编:越南军队高级统帅部宣布一九四九年总反攻","时代杂志","1949","第9卷 第10期","29",NA,"上海"
"国际民主妇女联合会宣言","君山","时代杂志","1949","第9卷 第1期","36，38","上海"
"保加利亚的战斗道路:季米特洛夫代表保共中央在五届代表大会上报告纪录","时代杂志","1949","第9卷 第1期","19-24",NA,"上海"
"一周时事类编:苏联加紧建设劳动，工业继续突飞猛晋","时代杂志","1949","第9卷 第5期","40",NA,"上海"
"一周时评:麦克阿瑟的“功劳”","库得里雅夫采夫","时代杂志","1949","第9卷 第18期","1页，4","上海"
"一周时事类编:波兰农业大发展","时代杂志","1949","第9卷 第2期","40",NA,"上海"
"法国经济速写:苏联“新时代”专文","时代杂志","1949","第9卷 第5期","27-29",NA,"上海"
"苏联的新女性:参加游击战的女机枪手罗马柯:[照片]","时代杂志","1949","第9卷 第9期","封2",NA,"上海"
"美国纵横谈(二)","儒科夫 任谷","时代杂志","1949","第9卷 第9期","21-22","上海"
"光荣属于苏军:[画图]","时代杂志","1949","第9卷 第7期","封2",NA,"上海"
"一周时事类编:英美法军事巨头在美开秘密会议","时代杂志","1949","第9卷 第12期","25",NA,"上海"
"一周时事类编:希腊民主军攻势益猛，继续不断攻陷大城市","时代杂志","1949","第9卷 第4期","32-33",NA,"上海"
"一周时事类编:捷克对外贸易激增，对苏贸易占据首位","时代杂志","1949","第9卷 第3期","31",NA,"上海"
"华尔街对匈牙利的“秘密战争”","摩斯克文 克美","时代杂志","1949","第9卷 第1期","27-28","上海"
"一周时事类编:爱沙尼亚消费品，一年增产百之三十四","时代杂志","1949","第9卷 第6期","34",NA,"上海"
"一周新闻摘要:“红军到了”","时代杂志","1949","第9卷 第15期","29",NA,"上海"
"苏联的铁路运输:南乌拉尔铁道某段的电气火车:[照片]","时代杂志","1949","第9卷 第15期","封2",NA,"上海"
"法国总工会号召五一大示威","时代杂志","1949","第9卷 第16期","13",NA,"上海"
"英国特务头子克莱顿在巴勒斯坦干些什么事?(附图)","奥波夫 移模","时代杂志","1949","第9卷 第5期","20-23","上海"
"一周时事类编:印尼游击队活跃","时代杂志","1949","第9卷 第3期","33",NA,"上海"
"民主和反民主:高等叫化","时代杂志","1949","第9卷 第3期","19",NA,"上海"
"联合国三届大会两日记","时代杂志","1949","第9卷 第14期","27-31",NA,"上海"
"佛朗哥找到了新主子(附图)","格林 移模","时代杂志","1949","第9卷 第10期","4-8","上海"
"匈牙利工业蒸蒸日上，工人数超过战前水准","时代杂志","1949","第9卷 第18期","22",NA,"上海"
"一周时事类编:旅美各华侨团体，抗议中国古物运美","时代杂志","1949","第9卷 第9期","25-26",NA,"上海"
"一周时事类编:英美法“改正”德国疆界","时代杂志","1949","第9卷 第12期","25",NA,"上海"
"船和潮水及其他","徒人","时代杂志","1949","第9卷 第3期","29","上海"
"联合国大会一周纪要:葛罗米柯在联大政委会揭发英美军事战略阴谋","时代杂志","1949","第9卷 第18期","31-34",NA,"上海"
"瓦尔加给“真理报”的公开信","时代杂志","1949","第9卷 第11期","1页",NA,"上海"
"东南亚妇女的苦难生活:国际民主妇女联合会委员会东南亚巡礼:他们的父亲在麻葛厂里做工:[照片]","时代杂志","1949","第9卷 第9期","14",NA,"上海"
"两个占领区荣辱对照图","时代杂志","1949","第9卷 第18期","7",NA,"上海"
"兹拉托乌斯特城文化宫(下):餐室:[照片]","时代杂志","1949","第9卷 第1期","封3",NA,"上海"
"英职工会破坏国际工人团结，苏联职工会主席发表声明、美国工人失业统计","时代杂志","1949","第9卷 第1期","31-33",NA,"上海"
"全苏职工会中央理事会书记在世界工联执委会上的演辞","时代杂志","1949","第9卷 第6期","17-19",NA,"上海"
"苏联举国纪念列宁","时代杂志","1949","第9卷 第4期","32-33",NA,"上海"
"苏联五彩新片“森林之曲”的一景:[照片]","时代杂志","1949","第9卷 第4期","封1",NA,"上海"
"一周时事类编:华莱士评论美新预算案，杜鲁门不要和平要毁灭","时代杂志","1949","第9卷 第7期","29-30",NA,"上海"
"一周时事类编:苏联若干首长调动","时代杂志","1949","第9卷 第9期","30",NA,"上海"
"一周时事类编:法国民主妇女名流呼吁妇女保卫和平","时代杂志","1949","第9卷 第9期","25",NA,"上海"
"一周时事类编:纽约召开和平大会，抗议拒绝和平建议","时代杂志","1949","第9卷 第5期","38",NA,"上海"
"莫斯科的交通(下):舒适的新型电车:[照片]","时代杂志","1949","第9卷 第3期","封2",NA,"上海"
"民主和反民主:莎士比亚“研究”的新发现","时代杂志","1949","第9卷 第3期","19",NA,"上海"
"联合国大会纪要:前义国菲洲殖民地问题暴露了英美侵略的野心","时代杂志","1949","第9卷 第17期","28-29",NA,"上海"
"关于两个和平大会:二、拥护巴黎和平大会","时代杂志","1949","第9卷 第12期","28-32",NA,"上海"
"美国纵横谈(八)","儒科夫 任谷","时代杂志","1949","第9卷 第15期","25-29","上海"
"苏联作家和教育家马卡联柯:纪念逝世十周年","路金 梁香","时代杂志","1949","第9卷 第13期","25-26","上海"
"忆舞台生活","塔腊索娃 茀之","时代杂志","1949","第9卷 第12期","20-22","上海"
"莫斯科竞选人民法官:人民法官候选人叶利查洛夫对选民演说:[照片]","时代杂志","1949","第9卷 第10期","封2",NA,"上海"
"安理会讨论印尼局势:各国代表异口同声空谈停战，只有苏联代表坚主制裁侵略","时代杂志","1949","第9卷 第1期","39-41",NA,"上海"
"关于两个和平大会:一、纽约保卫和平大会","时代杂志","1949","第9卷 第12期","27-28",NA,"上海"
"世界保卫和平大会通过决议，组织委员会继续和平的工作","时代杂志","1949","第9卷 第17期","21",NA,"上海"
"英国工党宣传家的“肥皂泡”","彼得罗夫斯基","时代杂志","1949","第9卷 第11期","4","上海"
"一周时事类编:艾登自新加坡抵德里，策划组织织洋集团","时代杂志","1949","第9卷 第12期","25",NA,"上海"
"匈牙利合作运动的回顾与展望","雅各勃斯 张名","时代杂志","1949","第9卷 第8期","26-29","上海"
"苏联毕业生","时代杂志","1949","第9卷 第15期","16",NA,"上海"
"苏联的新女性:苏联画家的一幅宣传画:“集体农场上的妇女--是巨大的力量”:[画图]","史大林","时代杂志","1949","第9卷 第9期","封2","上海"
"阿根廷作家游苏观感","时代杂志","1949","第9卷 第2期","30",NA,"上海"
"一周时事类编:美“援”希腊近卅亿，美报断言无济于事","时代杂志","1949","第9卷 第3期","32",NA,"上海"
"论亚洲民族解放运动","亚历山大罗夫","时代杂志","1949","第9卷 第2期","34-35","上海"
"世界工联执委会重要决议:继续行使职权·核准德日工会加入世界工联","时代杂志","1949","第9卷 第6期","15-16",NA,"上海"
"冬天:[照片]","时代杂志","1949","第9卷 第3期","封1",NA,"上海"
"联合国大会一周纪要:垄断新闻名曰自由，“多数”否决修正案","时代杂志","1949","第9卷 第15期","33",NA,"上海"
"莫斯科中央百货商店速写","罗莫娃 林秀","时代杂志","1949","第9卷 第15期","19-20","上海"
"阿尔巴尼亚闻见录","柯巴林","时代杂志","1949","第9卷 第1期","24-27","上海"
"苏联的铁路运输:普拉托夫式铺路机在哥萨赫共和国铺设铁路情形:[照片]","时代杂志","1949","第9卷 第15期","封2",NA,"上海"
"斗争中的朝鲜","时代杂志","1949","第9卷 第18期","9-11，5",NA,"上海"
"世界和平大会筹委会公报","时代杂志","1949","第9卷 第13期","6",NA,"上海"
"一周时事类编:丹麦人民纷纷抗议，卷入大西洋集团","时代杂志","1949","第9卷 第6期","32",NA,"上海"
"库兹聂卓夫当选苏联职工会主席","时代杂志","1949","第9卷 第18期","24",NA,"上海"
"一周时事类编:南朝鲜农民抗缴谷物","时代杂志","1949","第9卷 第5期","42",NA,"上海"
"一周时事类编:李承晚政府诬蔑苏联，凭空捏造“俄国潜水艇”","时代杂志","1949","第9卷 第4期","34",NA,"上海"
"兹拉托乌斯特城文化宫(上):这是最近落成的乌拉尔兹拉托乌斯特城的文化宫:[照片]","时代杂志","1949","第9卷 第1期","封2",NA,"上海"
"一周时事类编:莫斯科喜气洋洋，儿童准备过新年","时代杂志","1949","第9卷 第1期","38",NA,"上海"
"“森林之曲”:[照片五幅]","时代杂志","1949","第9卷 第4期","封2",NA,"上海"
"一周时事类编:波兰经济飞跃发展","时代杂志","1949","第9卷 第3期","30-31",NA,"上海"
"美式镣铐响在义大利街头(附照片)","铁霍诺夫 林秀","时代杂志","1949","第9卷 第2期","26-28","上海"
"莫斯科的交通(上):高尔基大街上的交通情形:[照片]","时代杂志","1949","第9卷 第2期","封2",NA,"上海"
"民主和反民主:危险的主题","时代杂志","1949","第9卷 第3期","19",NA,"上海"
"美国工人生活写真","史密斯 克美","时代杂志","1949","第9卷 第2期","20-23","上海"
"一周时事类编:伦敦运输工潮将扩大到全国","时代杂志","1949","第9卷 第2期","40-41",NA,"上海"
"一周时评:美帝在西班牙干些什么?","波罗夫斯基","时代杂志","1949","第9卷 第18期","4-5","上海"
"一周时评:未来属于社会主义和民主主义","时代杂志","1949","第9卷 第2期","4-5",NA,"上海"
"论苏联新社会的新人物(续前)","罗森泰","时代杂志","1949","第9卷 第5期","32-37","上海"
"请看美国的法律!:诬控六个黑人“谋杀”罪，宽赦顽固纳粹份子罪行","时代杂志","1949","第9卷 第4期","19",NA,"上海"
"试看今日之英国","拉斯特 王运成","时代杂志","1949","第9卷 第7期","8-10，26","上海"
"通讯:越南抗战新阶段(附照片)","文保 克美","时代杂志","1949","第9卷 第4期","28-30","上海"
"一周时事类编:英国军火供给埃及，英军开抵巴埠边疆","时代杂志","1949","第9卷 第3期","32-33",NA,"上海"
"莫斯科的交通(上):莫斯科的地下铁道:[照片]","时代杂志","1949","第9卷 第2期","封2",NA,"上海"
"一周时评:两个世界:两条道路","时代杂志","1949","第9卷 第2期","1页，4",NA,"上海"
"一周时事类编:苏联矿工致函史大林，保证提前完成生产计划","时代杂志","1949","第9卷 第7期","31",NA,"上海"
"回顾一九四八年(苏联真理报社论)","时代杂志","1949","第9卷 第1期","1页，4-5",NA,"上海"
"一九四九年的任务(苏联真理报社论)","克美","时代杂志","1949","第9卷 第4期","1页，4","上海"
"一周时事类编:罗国展开热烈竞赛，匈国农业突飞猛进","时代杂志","1949","第9卷 第3期","31",NA,"上海"
"看西班牙!","时代杂志","1949","第9卷 第15期","24",NA,"上海"
"一周时评:苏美关系揭晓","塔斯社","时代杂志","1949","第9卷 第6期","1页，4-5","上海"
"一周时事类编:义大利经济危机深刻化，罢工风潮席卷撒丁岛","时代杂志","1949","第9卷 第5期","40",NA,"上海"
"一定要失败","时代杂志","1949","第9卷 第10期","14",NA,"上海"
"苏联部长会议中央统计局发表苏联国民经济复兴和发展计划，一九四九年第一季成绩报告书","时代杂志","1949","第9卷 第16期","40",NA,"上海"
"战争公约的命运","方城","时代杂志","1949","第9卷 第15期","6-7","上海"
"丹麦共产党号召和平大示威","时代杂志","1949","第9卷 第16期","13",NA,"上海"
"一周时事类编:荷兰共党总书记发表重要声明","时代杂志","1949","第9卷 第10期","28",NA,"上海"
"一周时事类编:苏联最高苏维埃第五届大会开幕","时代杂志","1949","第9卷 第10期","30",NA,"上海"
"反苏宣传运动在英国:原载“英苏协会”发行的“今日俄国新闻通讯”","瓦莱斯 朱文澜","时代杂志","1949","第9卷 第15期","8-13，20","上海"
"从废墟上站起来了","德捷尔靖斯卡雅 王运成","时代杂志","1949","第9卷 第15期","22-24","上海"
"纽约保卫和平大会纪详:从第一次全体大会到闭幕","时代杂志","1949","第9卷 第13期","16-21",NA,"上海"
"莫斯科竞选人民法官:莫斯科列宁格勒区的人民法官接见来访的客人:[照片]","时代杂志","1949","第9卷 第10期","封2",NA,"上海"
"海上游艇:[照片]","时代杂志","1949","第9卷 第10期","封1",NA,"上海"
"莫斯科竞选人民法官:首都某区的一个竞选站入口处:[照片]","时代杂志","1949","第9卷 第10期","封2",NA,"上海"
"一周时评:论西德“军事安全局”(附图)","歇伊尼斯","时代杂志","1949","第9卷 第6期","6-7","上海"
"一周时事类编:大雨欲来风满楼，美国市场人心惶惶","时代杂志","1949","第9卷 第7期","29",NA,"上海"
"爬山运动家:[照片]","时代杂志","1949","第9卷 第2期","封1",NA,"上海"
"苏联“真理报”评杜鲁门咨文","时代杂志","1949","第9卷 第2期","19，23",NA,"上海"
"一九四九年五一国际劳动节口号","时代杂志","1949","第9卷 第16期","5-7",NA,"上海"
"苏联职工会会章","时代杂志","1949","第9卷 第18期","15",NA,"上海"
"影片“青年近卫军”:[照片五幅]","时代杂志","1949","第9卷 第5期","封2",NA,"上海"
"什么是法国的“第三方面”?(附图)","倍尔金 林秀","时代杂志","1949","第9卷 第2期","24-27","上海"
"朝苏协定的意义","金日成","时代杂志","1949","第9卷 第18期","9-11","上海"
"关于解除柏林和德国西部各占领区之间以及德国东部占领区和西部各占领区之间在交通、运输和贸易方面限制的命令","崔柯夫","时代杂志","1949","第9卷 第18期","6-7","上海"
"一周时事类编:列宁格勒科学界纪念达尔文诞辰","时代杂志","1949","第9卷 第7期","31",NA,"上海"
"苏联的新女性:史达哈诺会女工伏尔科瓦在索溪休养:[照片]","时代杂志","1949","第9卷 第9期","封2",NA,"上海"
"联共中央关于国际妇女节的决议","时代杂志","1949","第9卷 第9期","1页，4",NA,"上海"
"联合国大会一周纪要:阻止傀儡国入会，苏联使用否决权","时代杂志","1949","第9卷 第15期","31-32",NA,"上海"
"各国报纸评论苏联备忘录","时代杂志","1949","第9卷 第13期","5-6",NA,"上海"
"希腊反侵略反法西斯的斗争总结:希腊游击队:[照片]","时代杂志","1949","第9卷 第10期","12",NA,"上海"
"新生:[照片]","时代杂志","1949","第9卷 第1期","封1",NA,"上海"
"记国际学联理事会会议","贝斯里亚克 何歌","时代杂志","1949","第9卷 第1期","34-35","上海"
"一周时事类编:南朝鲜警察侵入北朝鲜","时代杂志","1949","第9卷 第5期","41",NA,"上海"
"一周时事类编:义大利各城开群众大会，抗议释放法西斯罪犯","时代杂志","1949","第9卷 第9期","27-28",NA,"上海"
"美国黑人演员在苏联","李亚勃奇柯夫 君山","时代杂志","1949","第9卷 第4期","18-20","上海"
"通讯:越南抗战新阶段:越南人民共和国总统胡志明:[照片]","时代杂志","1949","第9卷 第4期","29",NA,"上海"
"战争贩子们积极活动:美国参议员提出“简单建议”，英国广播公司广播原子阴谋:一、“简单的建议”","罗文斯基","时代杂志","1949","第9卷 第5期","15","上海"
"一周时事类编:英国青年学生代表团抗议五个希腊学生死刑","时代杂志","1949","第9卷 第10期","27",NA,"上海"
"苏联两院讨论预算案纪详","时代杂志","1949","第9卷 第10期","31-32",NA,"上海"
"兹拉托乌斯特城文化宫(上):大礼堂的天花板:[照片]","时代杂志","1949","第9卷 第1期","封2",NA,"上海"
"一周时事类编:荷兰侵略印尼，美使“十分满意","时代杂志","1949","第9卷 第1期","40",NA,"上海"
"阿美尼亚首都整顿市容的工作:[照片]","时代杂志","1949","第9卷 第8期","封1",NA,"上海"
"光荣属于苏军:名震世界的苏联大炮:[照片]","时代杂志","1949","第9卷 第7期","封2",NA,"上海"
"学校·职工会·政府","时代杂志","1949","第9卷 第13期","24",NA,"上海"
"“马歇尔计划”支配下的法兰西(附图)","曼希珂夫 徐芝","时代杂志","1949","第9卷 第14期","13-17","上海"
"生产战线的“礼炮”:提早两年完成五年计划的莫斯科煤矿:[照片]","时代杂志","1949","第9卷 第12期","7",NA,"上海"
"苏联有没有信教自由?","卡波夫 卓士","时代杂志","1949","第9卷 第11期","18-19","上海"
"苏联电影女演员史米尔诺娃:[照片]","时代杂志","1949","第9卷 第11期","封1",NA,"上海"
"苏报外交观察家论保卫和平运动","时代杂志","1949","第9卷 第13期","12",NA,"上海"
"美国纵横谈(一):一、经济“繁荣”图","儒科夫 任谷","时代杂志","1949","第9卷 第8期","29-32","上海"
"苏联总结妇女成绩","时代杂志","1949","第9卷 第9期","4",NA,"上海"
"一九四八年苏联工业散记","王运成","时代杂志","1949","第9卷 第9期","20-22","上海"
"一周时事类编:朝鲜人民函谢史大林，一千六百万人签了名","时代杂志","1949","第9卷 第7期","31",NA,"上海"
"反战运动在英国:百万工人拥护苏联政策，工会领袖痛斥战争贩子","时代杂志","1949","第9卷 第7期","8-10",NA,"上海"
"世界工联告全世界劳工书","王运成","时代杂志","1949","第9卷 第6期","22-23","上海"
"丹麦惊人的场面","时代杂志","1949","第9卷 第6期","32",NA,"上海"
"一周时事类编:波兰各项工业生产大大超过一月份计划","时代杂志","1949","第9卷 第7期","31",NA,"上海"
"英国工党政府怎样帮助佛朗哥?","时代杂志","1949","第9卷 第7期","7",NA,"上海"
"人民的波兰快步前进","珂瓦尔基斯 徐芝","时代杂志","1949","第9卷 第7期","13-18","上海"
"各国职工会代表旅苏印象:苏联“劳动”报编辑部举行盛大记者招待会","时代杂志","1949","第9卷 第18期","12-15",NA,"上海"
"“新时代”杂志社论:和平阵线是不可战胜的","时代杂志","1949","第9卷 第16期","28",NA,"上海"
"纽约人士抗议审判美共领袖","时代杂志","1949","第9卷 第4期","19-20",NA,"上海"
"一周时事类编:南北朝鲜近讯","时代杂志","1949","第9卷 第3期","33",NA,"上海"
"印度学生的英勇斗争:通过一年来争取民主教育和反迫害的斗争印度学生正与工农结成一条战线","允直","时代杂志","1949","第9卷 第7期","11-12，21","上海"
"从延安到哈尔滨","史特洛冈诺夫 克美","时代杂志","1949","第9卷 第7期","27-30","上海"
"匈国主教叛国案审判真相:外籍记者们集体声明驳斥无稽谰言，国际反动派的宣传运动又惨败了!","时代杂志","1949","第9卷 第6期","26-28",NA,"上海"
"一周时事类编:希腊被俘保皇军觉悟，号召保皇军改邪归正","时代杂志","1949","第9卷 第6期","33",NA,"上海"
"一周时事类编:美名牧师要史杜会晤，华莱士请南尼等赴美","时代杂志","1949","第9卷 第6期","33-34",NA,"上海"
"原子弹:吓诈的武器:美战时陆军部长不打自招","鲁宾斯坦 朱文澜","时代杂志","1949","第9卷 第5期","17-20","上海"
"一周时评:华尔街的贪欲","时代杂志","1949","第9卷 第6期","5",NA,"上海"
"一周时评:英帝对缅甸的“战略”","列昂尼陀夫","时代杂志","1949","第9卷 第6期","5-6","上海"
"资本主义各国经济概观","契普拉柯夫","时代杂志","1949","第9卷 第2期","17-20","上海"
"争取和平民主!反对战争反动!:世界各国庆祝五一国际劳动节的盛况","时代杂志","1949","第9卷 第17期","8-15",NA,"上海"
"全苏联职工会第十届代表大会","时代杂志","1949","第9卷 第16期","8-9",NA,"上海"
"“火花”集体农场:这两个大学生是集体农民的子女，她们在暑假中回到农场上来休息:[照片]","时代杂志","1949","第9卷 第14期","封2",NA,"上海"
"一周时事类编:美国物价跌风袭来，伦敦商业区忧郁了","时代杂志","1949","第9卷 第9期","26-27",NA,"上海"
"雅典通讯:希腊大恐怖","斯密诺夫 张名","时代杂志","1949","第9卷 第10期","15-19，26","上海"
"关于全苏联职工会中央理事会工作情形的报告","库兹聂卓夫","时代杂志","1949","第9卷 第16期","9-11","上海"
"一周时评:“猴子审判”增订版","时代杂志","1949","第9卷 第15期","5",NA,"上海"
"北大西洋公约与西德军国主义(附图)","梅尔尼珂夫","时代杂志","1949","第9卷 第14期","6-7","上海"
"争取和平运动在美国:文化界召开大会力主结束“冷战”，进步党要求杜鲁门实践和平诺言","时代杂志","1949","第9卷 第3期","13-15",NA,"上海"
"一周时事类编:苏联轻重工业提前完成计划","时代杂志","1949","第9卷 第2期","39-40",NA,"上海"
"一周时事类编:美日煤油公司签订“合作协定”","时代杂志","1949","第9卷 第2期","41",NA,"上海"
"恐慌的战争贩子:[画图]","叶菲莫夫","时代杂志","1949","第9卷 第2期","6","上海"
"美国纵横谈(九)","儒科夫 任谷","时代杂志","1949","第9卷 第18期","25-29","上海"
"从国家预算看本年的苏联:苏联财政部长三月十日在苏联最高苏维埃两院联席会议报告","时代杂志","1949","第9卷 第10期","19-20",NA,"上海"
"苏维埃社会主义联邦与朝鲜人民民主共和国经济与文化合作协定","魏辛斯基 金日成","时代杂志","1949","第9卷 第18期","8-9","上海"
"两个世界的出版业","萨马尔斯基 林秀","时代杂志","1949","第9卷 第17期","25-27，7","上海"
"苏联最著名的制琴师:在波德高纳所指导的弦乐器制造厂中，制成的乐器都由专家委员会仔细检验:[照片]","时代杂志","1949","第9卷 第17期","封2",NA,"上海"
"一周时评:佛朗哥已寻到新恩主","契巧特金娜","时代杂志","1949","第9卷 第18期","4","上海"
"苏联最著名的制琴师:工余休息时，波德高纳喜欢听自己的孙儿女合奏:[照片]","时代杂志","1949","第9卷 第17期","封2",NA,"上海"
"义大利工人访问记","库得里亚甫采夫 文澜","时代杂志","1949","第9卷 第16期","19-24","上海"
"两代人的感想:老普梯洛的工人怎样纪念五一节?(附照片)","勃林诺夫","时代杂志","1949","第9卷 第16期","14-15","上海"
"一周新闻摘要:从边门进去","时代杂志","1949","第9卷 第15期","29-30",NA,"上海"
"苏联农村剪影","卡尔洛夫 何歌","时代杂志","1949","第9卷 第14期","19-20","上海"
"挪威青年谈苏联","时代杂志","1949","第9卷 第15期","20",NA,"上海"
"战斗的马来亚(附图)","费多洛维奇 任谷","时代杂志","1949","第9卷 第3期","24-25","上海"
"印尼纪游","阿弗林 许端光","时代杂志","1949","第9卷 第3期","26-28","上海"
"新年的任务(苏联真理报社论)","时代杂志","1949","第9卷 第2期","14-15",NA,"上海"
"英国驻苏大使馆一职员致函“真理报”:放弃英国国籍留居苏联，暂为世界和平事业奋斗","约翰斯顿","时代杂志","1949","第9卷 第16期","37-39","上海"
"苏联武力部长五一节命令","(苏)华西列夫斯基","时代杂志","1949","第9卷 第17期","1页","上海"
"两个对照:乌耳曼尼斯独裁时代的五一纪念会:[画图]","梅德维杰夫","时代杂志","1949","第9卷 第16期","封2","上海"
"苏联武力部长对德胜利日命令","(苏)华西列夫斯基","时代杂志","1949","第9卷 第17期","16","上海"
"幸福的儿童:这位小英雄在战争期间曾表现极大的牺牲精神，热心看护伤兵，因此得到胜利奖章:[照片]","时代杂志","1949","第9卷 第11期","封2",NA,"上海"
"“苏联各民族友谊不渝的明证”(“真理报”社论)","时代杂志","1949","第9卷 第17期","6-7",NA,"上海"
"巴黎世界和平大会纪详","时代杂志","1949","第9卷 第16期","27-36",NA,"上海"
"世界和平大会的意义","华维洛夫","时代杂志","1949","第9卷 第16期","30","上海"
"一周时事类编:希腊民主军广播十一个月战果","时代杂志","1949","第9卷 第2期","41",NA,"上海"
"一周时事类编:英国一个参谋官叙述希腊大恐怖","时代杂志","1949","第9卷 第10期","27",NA,"上海"
"一周时事类编:美共给杜鲁门公开信，警告贩卖死亡的商人","时代杂志","1949","第9卷 第10期","27",NA,"上海"
"一周时事类编:十万柏林市民抗议，西区通用“B”马克","时代杂志","1949","第9卷 第12期","25-26",NA,"上海"
"一周时事类编:美国经济更趋衰落，四十六万矿工续罢工","时代杂志","1949","第9卷 第12期","26",NA,"上海"
"苏联与朝鲜关系史的新页:苏“真理报”论苏联与朝鲜的经济及文化协定、一片欢迎声","时代杂志","1949","第9卷 第12期","17-19",NA,"上海"
"一周时事类编:苏联轻工业部各企业本年度将增加产量","时代杂志","1949","第9卷 第10期","30",NA,"上海"
"兹拉托乌斯特城文化宫(下):弈棋室:[照片]","时代杂志","1949","第9卷 第1期","封3",NA,"上海"
"一周时评:历史不会重演","特腊伊宁","时代杂志","1949","第9卷 第15期","4","上海"
"一周时评:沿街叫卖的战贩","时代杂志","1949","第9卷 第14期","4",NA,"上海"
"一周时评:北大西洋公约的主要特征","时代杂志","1949","第9卷 第14期","1页",NA,"上海"
"一周时事类编:苏联食品工业扩大食品产量","时代杂志","1949","第9卷 第9期","28",NA,"上海"
"一周时事类编:苏联工厂制造“人工气候”","时代杂志","1949","第9卷 第9期","29",NA,"上海"
"苏联的新女性:莫斯科地下铁道的女站长:[照片]","时代杂志","1949","第9卷 第9期","封2",NA,"上海"
"社会主义国家是怎样节约的?(2)(附图)","茀之","时代杂志","1949","第9卷 第8期","23-25","上海"
"一周时事类编:英国今年军事费用，比去年多一亿余镑","时代杂志","1949","第9卷 第7期","30",NA,"上海"
"欧洲经济发展的两条路线","卡什卡洛夫 朱文澜","时代杂志","1949","第9卷 第6期","8-13","上海"
"一周时事类编:伊克斯警告美国政府，勿承认佛哥朗西班牙","时代杂志","1949","第9卷 第10期","27",NA,"上海"
"一周时事类编:希腊保王军士兵厌战","时代杂志","1949","第9卷 第10期","27",NA,"上海"
"希腊反侵略反法西斯的斗争总结(附照片)","(希)查加利亚迪斯 朱文澜","时代杂志","1949","第9卷 第10期","9-14","上海"
"兹拉托乌斯特城文化宫(下):阅览室:[照片]","时代杂志","1949","第9卷 第1期","封3",NA,"上海"
"莫斯科再建设展望","时代杂志","1949","第9卷 第5期","30-31",NA,"上海"
"一周时事类编:美国刊物检讨对亚洲政策，承认反美情绪蔓延全亚洲","时代杂志","1949","第9卷 第5期","41",NA,"上海"
"列宁主义的胜利:苏各报纪念列宁社论摘要","时代杂志","1949","第9卷 第4期","6-7",NA,"上海"
"美国扩张主义者又一杰作:积极组织地中海集团:苏联“红舰队报”丹尼索夫专文摘要","时代杂志","1949","第9卷 第10期","1页",NA,"上海"
"一周时事类编:苏发明新型机器，自动铺设铁路线","时代杂志","1949","第9卷 第3期","30",NA,"上海"
"英国工党内阁与法国贝当受审","阿尔古斯","时代杂志","1945","第5卷 第15期","7-8","上海"
"在华日军投降签字仪式:4.何应钦将军把日本将军的签字查阅之后，也在降书上签字盖章.这是在九月九日上午九时零九分进行的:[照片]","时代杂志","1945","第5卷 第17期","封2",NA,"上海"
"苏联十月社会主义革命纪念祝词:邵力子先生致词","邵力子","时代杂志","1945","第5卷 第19期","10","上海"
"南斯拉夫反法西斯妇女会","时代杂志","1945","第5卷 第8期","7",NA,"上海"
"史大林格勒之歌:[歌曲]","Mokrousov，B. Lebedev-kumach，V. 旺嘉喜","时代杂志","1945","第5卷 第16期","26","上海"
"全世界爱好自由民族向苏联电贺胜利:蒋介石将军贺电","蒋介石","时代杂志","1945","第5卷 第4期","10","上海"
"苏联海军扬威海外:卡莱利亚地峡苏海军工兵赶建渡河工事:[照片]","时代杂志","1945","第5卷 第13期","封3",NA,"上海"
"特写:柏林市街战:敌人不降，就消灭他!、深入柏林心脏","时代杂志","1945","第5卷 第1期","25",NA,"上海"
"苏联的母亲英雄:“母亲”奖章的反面:[照片]","时代杂志","1945","第5卷 第7期","封2",NA,"上海"
"点将录(2):苏联元帅戈伏洛夫(附图)","时代杂志","1945","第5卷 第3期","22",NA,"上海"
"国际一周:美国杂志透露德人破坏活动","时代杂志","1945","第5卷 第13期","17",NA,"上海"
"国际一角:听不见日本民主主义的声音:[画图]","伊戈斯","时代杂志","1945","第5卷 第20期","封3","上海"
"国际一周间:日本土地改革政策","阿尔古斯","时代杂志","1945","第5卷 第21期","9","上海"
"文化消息:尼哥尔教授在苏会晤各界","时代杂志","1945","第5卷 第13期","21",NA,"上海"
"德国分区占领与希腊问题","阿尔古斯","时代杂志","1945","第5卷 第13期","4-5","上海"
"国际一周:丹吉尔问题","时代杂志","1945","第5卷 第11期","15-16",NA,"上海"
"俄罗斯军队第一次攻入柏林追记(一七六○年十月九日):一七六○年俄军进入柏林，在被击溃的普鲁士军队身上踏过:[照片]","时代杂志","1945","第5卷 第1期","26",NA,"上海"
"在解放了的捷克斯洛伐克","席波夫","时代杂志","1945","第5卷 第11期","25-26","上海"
"在华日军投降签字仪式:2.中国军队总司令何应钦将军，乘机自重庆飞抵南京，以代表中国国民政府，接受日军之投降:[照片]","时代杂志","1945","第5卷 第17期","封2",NA,"上海"
"直捣柏林:(七)柏林之末日","查斯拉夫斯基","时代杂志","1945","第5卷 第15期","26","上海"
"苏联的特色:文化生活在苏联:莫斯科国家马戏团表演的惊险节目.大特齐克舞蹈家高高地叠起来站在张在空中的绳索上:[照片]","时代杂志","1945","第5卷 第19期","18",NA,"上海"
"解放后的苏维埃土地:苏维埃妇女非常积极地参加恢复被德军破坏的城镇:[照片]","时代杂志","1945","第5卷 第3期","封3",NA,"上海"
"红场胜利阅兵观礼记:托尔布兴元帅:[照片]","时代杂志","1945","第5卷 第10期","6",NA,"上海"
"波兰的新形势和旧误解","时代杂志","1945","第5卷 第4期","12-14",NA,"上海"
"略谈英国的工党历史","士伐维奇","时代杂志","1945","第5卷 第15期","4-6","上海"
"苏联勋章奖章:奥地萨保卫战奖章:[照片]","时代杂志","1945","第5卷 第6期","封3",NA,"上海"
"特写:柏林之战:投降后的柏林","时代杂志","1945","第5卷 第3期","17",NA,"上海"
"跨向和平建设的一步","加里宁","时代杂志","1945","第5卷 第12期","4","上海"
"各国承认波兰民族统一临时政府","时代杂志","1945","第5卷 第12期","5",NA,"上海"
"苏军与英美联军在德会师:苏联最高总司令史大林元帅向红军及联合国军队的演词","时代杂志","1945","第5卷 第1期","19",NA,"上海"
"苏联集体农妇在田里工作:收割棉花:[照片]","时代杂志","1945","第5卷 第10期","封1",NA,"上海"
"关于俘虏回国问题:苏联人民委员长苏维埃俘虏回国事务全权委员戈里柯夫上将对塔斯社记者的谈话:戈里柯夫上将:[照片]","时代杂志","1945","第5卷 第3期","13",NA,"上海"
"苏联的特色:胜利日在莫斯科街头:[画图]","时代杂志","1945","第5卷 第19期","15",NA,"上海"
"国际观察:罗马尼亚在民主发展的道路上(续)","罗曼","时代杂志","1945","第5卷 第16期","18-20","上海"
"满洲和大连的新任务","赛菲洛夫","时代杂志","1945","第5卷 第18期","13-14","上海"
"画中的苏联:耕种机制造厂:[画图]","时代杂志","1945","第5卷 第19期","封2",NA,"上海"
"最高总司令苏联元帅史大林:[画图]","时代杂志","1945","第5卷 第2期","封2",NA,"上海"
"红军的慧心","Pen","时代杂志","1945","第5卷 第10期","18","上海"
"南斯拉夫收复失土:副总理发表郑重声明","时代杂志","1945","第5卷 第5期","8",NA,"上海"
"特写:柏林之战:柏林在复活中","时代杂志","1945","第5卷 第3期","17-18",NA,"上海"
"满洲是日本侵略的根据地","克拉伊诺夫","时代杂志","1945","第5卷 第16期","13-14","上海"
"赖伐尔送往法国","时代杂志","1945","第5卷 第8期","9",NA,"上海"
"复兴被破坏的城乡:莫斯科州某集体农场的工作队长克鲁托娃.她的一队人去年每公顷收获马铃薯八十三吨，今年有获得头奖希望:[画图]","时代杂志","1945","第5卷 第4期","封3",NA,"上海"
"史大林告苏联民众书(附图)","时代杂志","1945","第5卷 第3期","1页，4",NA,"上海"
"红场胜利阅兵观礼记:巴格拉米扬将军:[照片]","时代杂志","1945","第5卷 第10期","6",NA,"上海"
"战后苏联经济对世界的贡献","时代杂志","1945","第5卷 第13期","14-15",NA,"上海"
"伟大历史性的日子","时代杂志","1945","第5卷 第1期","17-18",NA,"上海"
"扬威于德国土地上的苏军:被红军俘获的德兵络绎于途:[照片]","时代杂志","1945","第5卷 第3期","封2",NA,"上海"
"苏联幼稚园之一:晚上，母亲来领自己的孩子，“再会，明天见!”:[照片]","时代杂志","1945","第5卷 第16期","封3",NA,"上海"
"希特勒抢掠者在波兰所进行的惨无人道的暴行……:一个奥国工程师鲁道夫·塞尔姆，已被折磨得没有人样了.苏联军医正给他诊察:[画图]","时代杂志","1945","第5卷 第11期","封3",NA,"上海"
"国际一周:英议员反对西班牙弗朗哥政府","时代杂志","1945","第5卷 第15期","16",NA,"上海"
"苏联全貌(二):德维那河上:[照片]","时代杂志","1945","第5卷 第3期","19",NA,"上海"
"光荣的历史:[照片三幅]","时代杂志","1945","第5卷 第18期","封2",NA,"上海"
"文化消息:加苏友谊周","时代杂志","1945","第5卷 第13期","20-21",NA,"上海"
"国际一周:美国外务委员会通过联合国宪章","时代杂志","1945","第5卷 第13期","16",NA,"上海"
"特写:柏林市街战:“这里空气也好些”","时代杂志","1945","第5卷 第1期","24-25",NA,"上海"
"国际一周:防止瑞典成为纳粹疫疠的中心","时代杂志","1945","第5卷 第8期","16-17",NA,"上海"
"郭沫若观光苏联首都","时代杂志","1945","第5卷 第12期","11",NA,"上海"
"国际一周:奇迹:战争罪犯逍遥法外!","时代杂志","1945","第5卷 第6期","15",NA,"上海"
"你知道吗:纸是中国发明的……","时代杂志","1945","第5卷 第3期","26",NA,"上海"
"国际一角:严守秘密下地球的必然命运:[画图]","米谷","时代杂志","1945","第5卷 第21期","封3","上海"
"法国最近的政局:七月十四日法国大革命纪念日","时代杂志","1945","第5卷 第13期","11",NA,"上海"
"苏联全貌:苏联十月革命后的经济改造(附照片)","米哈依洛夫 波克希谢夫斯基","时代杂志","1945","第5卷 第19期","26-28","上海"
"画中的苏联:白海运河:[画图]","时代杂志","1945","第5卷 第19期","封2",NA,"上海"
"国际一周:真理报评论柏林会议","时代杂志","1945","第5卷 第14期","11",NA,"上海"
"苏联的工业恢复着并建设着:强大的起重机吊起熔炉上许多吨重的腰圈:[照片]","时代杂志","1945","第5卷 第16期","封2",NA,"上海"
"美国人民拥护对苏合作:纽约举行群众大会","时代杂志","1945","第5卷 第7期","6-7",NA,"上海"
"苏联的母亲英雄:一等“母亲”奖章:[照片]","时代杂志","1945","第5卷 第7期","封2",NA,"上海"
"及时消灭纳粹主义残余!","时代杂志","1945","第5卷 第5期","9-10",NA,"上海"
"十一月十二日孙中山先生诞辰纪念日上海南京路外滩举行孙中山先生铜像奠基典礼:[照片]","时代杂志","1945","第5卷 第21期","封2",NA,"上海"
"苏片介绍:“黑海海军”","时代杂志","1945","第5卷 第12期","18",NA,"上海"
"直捣柏林:(一)柏林之战","波列伏伊","时代杂志","1945","第5卷 第12期","19-20","上海"
"红场胜利阅兵观礼记:马林诺夫斯基元帅:[照片]","时代杂志","1945","第5卷 第10期","6",NA,"上海"
"苏联勋章奖章:乌沙柯夫海军勋章:[照片]","时代杂志","1945","第5卷 第6期","封3",NA,"上海"
"弗朗哥西班牙:战争罪犯的避难所","时代杂志","1945","第5卷 第10期","19-20",NA,"上海"
"丹麦人民要求清除法西份子","时代杂志","1945","第5卷 第11期","12",NA,"上海"
"德国土地上的红军战迹:苏维埃战士在德国土地上行进，在枪头上给法西斯蒂带去死刑的判决:[照片]","时代杂志","1945","第5卷 第4期","封2",NA,"上海"
"苏联是不是民主?","郭沫若","时代杂志","1945","第5卷 第23期","8","上海"
"智识份子在苏联","卡夫达诺夫","时代杂志","1945","第5卷 第21期","16-17","上海"
"苏德战争四周年论:胜利的苏联战略与失败的德国战略","斯密诺夫 戈洛夫","时代杂志","1945","第5卷 第9期","12-13","上海"
"国际一周:法国解放运动各团体举行第二次大会","时代杂志","1945","第5卷 第9期","16-17",NA,"上海"
"苏联十月社会主义革命纪念祝词:何应钦先生演词","何应钦","时代杂志","1945","第5卷 第19期","8","上海"
"三个坦克车手:苏联影片“钢人铁马”插曲:[歌曲]","时代杂志","1945","第5卷 第7期","21",NA,"上海"
"文化消息:全苏对外文化联络协会招待美苏协会会长斯密士","时代杂志","1945","第5卷 第13期","20",NA,"上海"
"一群苏联女学生于暑假在伏尔加河岸休息:[照片]","时代杂志","1945","第5卷 第14期","封1",NA,"上海"
"关于德国赔偿问题","时代杂志","1945","第5卷 第8期","20-21",NA,"上海"
"伟大俄罗斯民族:真理报五月二十六日社论","时代杂志","1945","第5卷 第6期","1页，4",NA,"上海"
"苏联全貌(三)(附照片)","米哈伊洛夫 波克希雪夫斯基","时代杂志","1945","第5卷 第5期","15-16","上海"
"在华日军投降签字仪式:3.日本代表离去后何应钦将军即向在座者发表演说:[照片]","时代杂志","1945","第5卷 第17期","封2",NA,"上海"
"罗斯福及其政策(附照片)","特罗扬诺夫斯基","时代杂志","1945","第5卷 第24期","13-17","上海"
"列宁:史大林!:[诗歌]","时代杂志","1945","第5卷 第6期","12",NA,"上海"
"十一月一日起，本市日侨出外时一律佩带白色袖章，以资识别:[照片]","时代杂志","1945","第5卷 第20期","封2",NA,"上海"
"苏联全貌(三):波罗的海上之一景:[照片]","时代杂志","1945","第5卷 第5期","16",NA,"上海"
"十一月五日上午十时，本市有自集中营中释放的英侨八百四十名搭“阿拉华”号轮返国:[照片]","时代杂志","1945","第5卷 第20期","封2",NA,"上海"
"苏联的特色:文化生活在苏联:莫斯科列宁图书馆读室中的读者:[照片]","时代杂志","1945","第5卷 第19期","16-17",NA,"上海"
"苏维埃国家机构的干部:真理报七月七日社论","时代杂志","1945","第5卷 第12期","1页",NA,"上海"
"外喀尔巴阡乌克兰的解放经过","时代杂志","1945","第5卷 第11期","13-14",NA,"上海"
"新波兰之建立","叶尔马萧夫","时代杂志","1945","第5卷 第11期","8-9","上海"
"南斯拉夫元帅蒂托(附照片)","杰拉斯","时代杂志","1945","第5卷 第17期","23-24","上海"
"全世界爱好自由民族向苏联电贺胜利:捷克总理致史大林贺电","菲尔林格","时代杂志","1945","第5卷 第4期","10","上海"
"驳张发奎:中共广东区党委发言人谈话","正报","1946","新 第5期","4-5",NA,"香港"
"全面内战踏着疯狂的步伐","李超","正报","1946","新 第6期","8-9","香港"
"我逃离了苏北内战战场:一八七师一个连长的自述","刘健飞","正报","1946","新 第5期","15","香港"
"庆祝人民军队的诞生与壮大:纪念“八·一”向人民军队的创造者毛泽东朱德致敬","方方","正报","1946","新 第2期","5-7","香港"
"打不得也拖不得","正报","1946","新 第1期","5-6",NA,"香港"
"社论:从邦加侨工问题说起","正报","1946","第14期","2",NA,"香港"
"援救越南侨胞","张眭","正报","1946","第19期","14","香港"
"广东万花筒:强迫“思想革新”","正报","1946","新 第1期","21",NA,"香港"
"美军不应占领中国","曾彦修","正报","1946","新 第3期","5-6","香港"
"请勿“羡慕”我","得生","正报","1946","第15期","18","香港"
"奉令读伪报","柏","正报","1946","新 第4期","16","香港"
"十日时事纵横谈:苏北与中原","饶燄","正报","1946","新 第2期","8-9","香港"
"祝贺朱德将军六十寿辰","胡仲持 陈闲 胡明树","正报","1946","第17期","13","香港"
"“你好呀!小同志!你是广东解放区的豫征，来!来!让我来抱你到解放区母亲的怀抱中来，你将锻练成钢铁般的斗士”:[照片]","正报","1946","第18期","1页",NA,"香港"
"珠江三角洲人民子弟兵抗战史:二.保卫大良之战","公曼","正报","1946","新 第2期","20","香港"
"侨胞怎放心得下?","方敏","正报","1946","第16期","10-11","香港"
"人在阵地在:人民自卫战前线通讯","正报","1946","新 第7期","10-12",NA,"香港"
"四大家族:生吞吴谷五","唐河","正报","1946","第20期","20-21","香港"
"通讯:我随东江纵队到了烟台","路平","正报","1946","新 第2期","17","香港"
"时评:广州举行实兵大演习","正报","1946","新 第4期","11",NA,"香港"
"脱轨的列车(十一月十三日至十八日)","崔嵬","正报","1946","第15期","6-7","香港"
"论国民党区的经济崩溃","许滌新","正报","1946","第20期","7-9","香港"
"社论:恶毒谣言不能等间视之","正报","1946","第16期","2-3",NA,"香港"
"社论:反动派钻进死路","正报","1946","第15期","2-3",NA,"香港"
"反动派在菲陷害侨胞","张睦","正报","1946","新 第7期","6","香港"
"战斗英雄:花国有","正报","1946","第19期","7-8",NA,"香港"
"学生工作的内容·方法与态度","正报","1946","第20期","25-27",NA,"香港"
"我们也有美械师了","司马龙","正报","1946","新 第7期","10-11","香港"
"生活感想:在牛肉台做“下栏”","均雀","正报","1946","第18期","17-18","香港"
"要用尽方法使他们滚","梁文江","正报","1946","第11期","10","香港"
"全国青年在爱国主义民主主义的旗帜下团结起来:为纪念“一二·九”“一二·一”而作","祁文英","正报","1946","第18期","4","香港"
"七个月总结:评马、司联合声明","正报","1946","新 第4期","3-4",NA,"香港"
"何思敬谈:安平事件","正报","1946","新 第4期","8",NA,"香港"
"社论:评“广东省参议会”","正报","1946","第12期","2",NA,"香港"
"劫后的广州文化现状","梁鼎","正报","1946","新 第3期","24-25","香港"
"愤怒的葡萄","山","正报","1946","新 第3期","23","香港"
"周恩来将军在离京前的记者招待会上","金铃","正报","1946","第16期","4-6","香港"
"社论:继续奋斗，前途光明","正报","1946","新 第3期","2",NA,"香港"
"抗议!","正报","1946","新 第1期","2",NA,"香港"
"美国两面政策绝不能解决中国问题","郭沬若","正报","1946","新 第1期","8","香港"
"戏场上和战场上(十二月十日至十七日)","崔嵬","正报","1946","第19期","14-15","香港"
"中国内战的军事形势(下)","(英)Linasay，M. 陈眉__","正报","1946","第11期","15-16","香港"
"上官村歼灭战","平涛","正报","1946","第18期","12","香港"
"刘汝明部的覆减","子芹","正报","1946","第14期","5-6","香港"
"争取全面抵抗的胜利","正报","1946","新 第10期","5",NA,"香港"
"山东解放区的记者们，在未停船前就乘着小船赶到舰上欢迎，作最先的访问.[照片]","正报","1946","第17期","1页",NA,"香港"
"战斗英雄侯得有","正报","1946","第13期","6",NA,"香港"
"社论:谁使第三方面斡旋失败?","正报","1946","第13期","2-3",NA,"香港"
"如此光明灿烂","正报","1946","第12期","4",NA,"香港"
"烟台军政首长登舰欢迎，东江纵队的勇士们整齐地列队在甲板上和他们行见面礼:[照片]","正报","1946","第17期","1页",NA,"香港"
"一手持枪，一手生产:周璋译自五月十七日密勒氏评论报","正报","1947","第41期","16-17",NA,"香港"
"“经济戡乱”就是经济乱戡!","正报","1947","第2卷 第17期","2-3",NA,"香港"
"魏德迈巡游记","正报","1947","第2卷 第2期","8-9",NA,"香港"
"延安生活:我们的家","建华","正报","1947","第21期","18-19","香港"
"一切围绕着莫斯科会议","舒翰","正报","1947","第28期","11","香港"
"广东一周了望:蔡劲军在琼治绩","康","正报","1947","第30期","5-6","香港"
"今日的美国:国际现势解说之三","张铁生","正报","1947","第35期","7-8","香港"
"从“双喜临门”谈起","林洛","正报","1947","第2卷 第10期","19-20","香港"
"攻坚战:新华社通讯","正报","1947","第38期","7-8",NA,"香港"
"广东一周了望:自卫与自救","秋","正报","1947","第26期","5","香港"
"广东一周了望:穷了，但是不变","安","正报","1947","第26期","5","香港"
"南雄人民在苦斗中(北江通讯)","秋纪","正报","1947","第46期","12-14","香港"
"从学习到行动","白秀","正报","1947","第2卷 第8期","9-10","香港"
"在三征的交迫下八桂的儿女们站起来了(广西通讯)","赞兴","正报","1947","第34期","16-18","香港"
"乔木:世界人民大反攻:论欧洲九国共产党宣言","正报","1947","第2卷 第10期","7-12",NA,"香港"
"山城的恐怖(梅县通讯)","西嶽","正报","1947","第43期","19","香港"
"英国往何处去?(伦敦通讯)(上)","黄作梅","正报","1947","第2卷 第18期","20-24","香港"
"五月榴花似火红(四场报告剧):献给艰苦奋斗的青年学生们","梁棪鸣 徐枫 李以","正报","1947","第48期","17-19","香港"
"青运杂谈:忽视学习的严重倾向","方敏","正报","1947","第38期","11","香港"
"论这次学生运动","黄磷","正报","1947","第42期","11-13","香港"
"惊动全国的于子三被惨杀经过","正报","1947","第2卷 第14期","12-13",NA,"香港"
"只有实现耕者有其田，才能繁荣农村","涤新","正报","1947","第2卷 第13期","8-11","香港"
"殖民地半殖民地解放运动:国际现势解说之七","张铁生","正报","1947","第43期","9-11","香港"
"闽粤边人民武装:攻入大埔震撼韩江上游","匡遠怀","正报","1947","第2卷 第12期","4-5","香港"
"新华社记者评:蒋介石的“爱国护权运动”","正报","1947","第30期","4",NA,"香港"
"漫谈八月战局","舒翰","正报","1947","第2卷 第3期","3-6","香港"
"乌烟瘴气话五华(五华通讯)","东陂","正报","1947","第30期","18-19","香港"
"老怀德战后巡礼","林念夫","正报","1947","第40期","16-17","香港"
"广州市改特与增税","正报","1947","第33期","12-13",NA,"香港"
"广东一周了望:韦镇福出巡","俞","正报","1947","第28期","4","香港"
"江北人民自卫总队在活跃:北江通讯","章樟","正报","1947","第38期","6-8","香港"
"米的悲剧","谭遂","正报","1947","第25期","14-15","香港"
"社论:蒋介石统治的危机深刻化","正报","1947","第38期","2-3",NA,"香港"
"魏德迈声明发表后的美国舆论","正报","1947","第2卷 第4期","7-10",NA,"香港"
"人民解放军全面爱国自卫战争一年战绩","正报","1947","第50期","10",NA,"香港"
"于子三惨案:于子三出殡的行列:[照片]","正报","1947","第2卷 第14期","2",NA,"香港"
"反攻(诗习作)","江劲","正报","1947","第2卷 第11期","28","香港"
"八月桂花满树黄","符公望","正报","1947","第2卷 第12期","24-25","香港"
"世界青年与世界学生的大联合:纪念世界青年日(十一月十日)及国际学生日(十一月十七日)","胡其亮","正报","1947","第2卷 第14期","9-11","香港"
"南国儿女们光辉壮烈的斗争:广州“五卅一”惨案前前后后","正报","1947","第42期","3",NA,"香港"
"惠阳严忠英部起义插曲:记人民护乡团代表和严忠英排长的谈话","正报","1947","第34期","7",NA,"香港"
"走到一个新的关口","崔嵬","正报","1947","第28期","14-15","香港"
"南路人民解放斗争的一页珍贵史迹:白石水边的呼啸","江鸿","正报","1947","第31期","16-17","香港"
"社论:自己剥皮","正报","1947","第33期","2-3",NA,"香港"
"血债","琼之","正报","1947","第42期","7","香港"
"兵穷","正报","1947","第2卷 第3期","24-25",NA,"香港"
"广东时局述评:评“省参会”三次大会","黎展","正报","1947","第2卷 第18期","2-3","香港"
"粮急","正报","1947","第2卷 第3期","25",NA,"香港"
"我控诉","苇姑","正报","1947","第2卷 第3期","27-28","香港"
"三百万人民的血海深仇:记苏中蒋家狼群暴行","黎洪","正报","1947","第35期","4-6","香港"
"正确的学习态度和方法","方敏","正报","1947","第2卷 第9期","21","香港"
"战局果如所料","崔嵬","正报","1947","第39期","8-9","香港"
"广东一周了望:司徒雷登有毒的说教","桐","正报","1947","第28期","6","香港"
"社论:广东人民应走在宋子文的前头","正报","1947","第2卷 第10期","1页",NA,"香港"
"我的不正确的群众观点","高河","正报","1947","第25期","16-17","香港"
"菜单呢?子弹呢?:广东“五年经建计划”的秘密","桐盧","正报","1947","第42期","14-15","香港"
"广东一周了望:对人民“采取攻势”","康","正报","1947","第28期","4-5","香港"
"中国共产党中央委员会发布:纪念“七七”十周年对时局口号","正报","1947","第46期","2",NA,"香港"
"血，吓不倒我们!","正报","1947","第42期","5-6",NA,"香港"
"广东一周了望:扫征田赋","桐","正报","1947","第26期","3","香港"
"周福全:广西通讯:怀集烟云","正报","1947","第2卷 第4期","25-28",NA,"香港"
"应走那一条路呢?","正报","1947","第28期","19",NA,"香港"
"广东一周了望:饥饿罢课","同","正报","1947","第26期","4","香港"
"风风雨雨话梅州:梅县通讯","西嶽","正报","1947","第2卷 第8期","22-23","香港"
"活捉廖昻","正报","1947","第2卷 第11期","9-10",NA,"香港"
"孟良崮战地特写:庐山顶的争夺战","正报","1947","第40期","15",NA,"香港"
"洪流里官怪现形","桐盧","正报","1947","第44期","4-5","香港"
"青年笔谈会:我们做了些什么?","永真","正报","1947","第44期","16-17","香港"
"一点意见","胡茄","正报","1947","第44期","18-19","香港"
"关于广西农村的一个调查:广西通讯","李义","正报","1947","第40期","18-19","香港"
"人民自己的战争:解放区人民斗争故事选辑","正报","1947","第39期","6-7",NA,"香港"
"广东一周了望:汉奸:从宽办理","俞","正报","1947","第27期","5-6","香港"
"河婆三妖:韩江通讯","金泉","正报","1947","第2卷 第14期","22-23","香港"
"几个争论不决的问题","正报","1947","第2卷 第4期","20-21",NA,"香港"
"(方言戏):广州一角","初耘","正报","1947","第2卷 第15期","27-28","香港"
"“两极化”的法意人民争斗","舒翰","正报","1947","第2卷 第15期","4-6","香港"
"投豆选举(上)","史特朗 贝泰","正报","1947","第2卷 第13期","23-26","香港"
"社论:纪念“五一”","正报","1947","第36期","2-3",NA,"香港"
"惠来一瞥(东江通讯)","西原","正报","1947","第47期","16","香港"
"青年笔谈会:弄清思想，展开工作","罗勤修","正报","1947","第40期","3","香港"
"革命故事:忆杨石魂同志","工友","正报","1947","第2卷 第15期","10-12","香港"
"南雄人民除暴清算(北江通讯)","秋纪","正报","1947","第2卷 第13期","12-13","香港"
"琼崖抗战故事:威武不屈三女杰","木乃","正报","1947","第2卷 第17期","20-21","香港"
"海外热烈的回声(曼谷通讯)","秋虹","正报","1947","第45期","18-19","香港"
"海陆丰革命故事:女性的光辉:王桂英同志十九周年祭","苏素","正报","1947","第2卷 第10期","15-18","香港"
"涨风果然回来!","正报","1947","第38期","16",NA,"香港"
"征兵在广东","思健 龙达","正报","1947","第32期","9-12","香港"
"从鲁南到陕北","王令","正报","1947","第27期","16-17","香港"
"广东革命史话:“农民大王”彭湃的二三事","苏素","正报","1947","第31期","10-11","香港"
"青年笔谈会:怎样展开香港青运","尹琪","正报","1947","第44期","18","香港"
"广东一周了望:忙乱到不像样子","正报","1947","第30期","5",NA,"香港"
"忠诚的考验","黄安思","正报","1947","第2卷 第4期","12-13","香港"
"惠阳的衷曲(东江通讯):旅人","正报","1947","第38期","14-16",NA,"香港"
"大别山区的“神话”","李普","正报","1947","第2卷 第11期","10","香港"
"饱的走了，饿的来了!","正报","1947","第34期","14",NA,"香港"
"黄布袋括尽钱粮:海丰民变蜂起","旅人","正报","1947","第2卷 第17期","6-7","香港"
"读者中来:牛马生活嘅执友","何流","正报","1947","第2卷 第13期","28","香港"
"罗联辉被俘补记","正报","1947","第2卷 第3期","26",NA,"香港"
"大变动的前夜:再论目前的战局","崔嵬","正报","1947","第37期","2-4","香港"
"普及工作的几点意见","林洛","正报","1947","第2卷 第8期","7-8","香港"
"张灵甫悔之晚矣","正报","1947","第40期","16-17",NA,"香港"
"“谈方言与普及”读后","琳清","正报","1947","第2卷 第13期","20-22","香港"
"怒学生痛打狗干事(五华通讯)","亚平","正报","1947","第40期","19","香港"
"罗卓英会下台吗?","郑永","正报","1947","第46期","6","香港"
"广东一周了望:拨矩款建监狱","明","正报","1947","第28期","5-6","香港"
"一周十一宗自杀案","正报","1947","第35期","12",NA,"香港"
"站上神圣自卫的战场","叶锋","正报","1947","第27期","12","香港"
"反法西斯战争后的国际矛盾:国际现势解说之一","张铁生","正报","1947","第31期","5-6","香港"
"把眼光放远一点","江凌","正报","1947","第2卷 第16期","10-11","香港"
"社论:国民党应负经济崩溃的责任!","正报","1947","第26期","2",NA,"香港"
"广东一周了望:“办法”就是“束紧肚皮”","敏","正报","1947","第26期","3","香港"
"惨绝人寰的暴行","宋林","正报","1947","第42期","4-5","香港"
"湖南农民运动考察报告","毛泽东","正报","1947","第2卷 第3期","18","香港"
"国际现势解说之四:从门罗主义到杜鲁门主义","张铁生","正报","1947","第37期","10-11","香港"
"在解放区大团圆:莱芜战役就俘蒋军军官会见记","洪流","正报","1947","第31期","15","香港"
"延安总部公布:俘获蒋军将级军官名单","正报","1947","第25期","18-19",NA,"香港"
"新丰人民的苦难和反抗","文敬","正报","1947","第21期","16","香港"
"二婶绝粮:音乐舞踊剧“长夜”序诗","符公望","正报","1947","第42期","18-19","香港"
"人民解放军总部发言人揭发蒋介石起用敌酋冈村宁次","正报","1947","第43期","3",NA,"香港"
"中共中央发言人揭发反动派大屠杀阴谋","正报","1947","第43期","2",NA,"香港"
"社论:反对日蒋合流","正报","1947","第43期","2",NA,"香港"
"社论:张发奎的“治安”谈","正报","1947","第25期","2-3",NA,"香港"
"说“大赦”","秋芬","正报","1947","第25期","2","香港"
"哀教育","方敏","正报","1947","第25期","2-3","香港"
"时评:谁是“别有用心人”","崔明","正报","1947","第21期","7-8","香港"
"社论:爱国运动是阻止不住的","正报","1947","第21期","2-3",NA,"香港"
"岁尾年初的世界:十二月三十日至一月五日","舒翰","正报","1947","第21期","6","香港"
"漫谈中国革命发展过程:什么是第四阶段的内容与实质","方方","正报","1947","第21期","12-14","香港"
"贺龙将军的军队","李东白","正报","1947","第21期","17","香港"
"广东一周了望:劫收存粮的新计划","实","正报","1947","第30期","6","香港"
"“国币”暴跌，书读不下去，怎么办?","正报","1947","第26期","18-19",NA,"香港"
"全面攻势的战局近貌","舒翰","正报","1947","第2卷 第9期","13-15，27","香港"
"经济风暴又要来了","正报","1947","第34期","15",NA,"香港"
"注视“乘水打劫”!","桐盧","正报","1947","第46期","7","香港"
"看“碧血花”后","陈明江","正报","1947","第2卷 第11期","26","香港"
"光辉的孟良崮歼灭战","正报","1947","第40期","14-15",NA,"香港"
"浮尸未收，杀机又动!","蔡炎","正报","1947","第44期","6","香港"
"辛亥革命三十六周年纪念日:中国人民解放军宣言","正报","1947","第2卷 第9期","2-4",NA,"香港"
"物价继续上涨","正报","1947","第35期","13",NA,"香港"
"“打天下”和“捞世界”:社会相之二","周达","正报","1947","第2卷 第4期","19","香港"
"信箱:整风文件是那几个","正报","1947","第33期","19",NA,"香港"
"清远的“清乡”(北江通讯)","吕义","正报","1947","第39期","16-17","香港"
"孟良崮战地特写:六零零高地蒋军缴械了","正报","1947","第40期","15",NA,"香港"
"智识份子和农民相结合的道路","沈友谷","正报","1947","第2卷 第11期","11-16","香港"
"青年笔谈会:国家的主人翁们，站在那一边?","赴明","正报","1947","第41期","18","香港"
"日益深重的城市社会危机","桐廬","正报","1947","第30期","14-17","香港"
"马歇尔计划与巴黎会议","舒翰","正报","1947","第45期","5-6","香港"
"谈旧戏“张松献图”","周违","正报","1947","第2卷 第2期","18","香港"
"怒潮继续高涨:蒋管区学生反饥饿反内战斗争的发展","方敏","正报","1947","第40期","7-9","香港"
"织布工人没衣穿","织工","正报","1947","第2卷 第16期","12","香港"
"准备后事:再论宋子文主粤","正报","1947","第2卷 第8期","2-3",NA,"香港"
"解放区人民支持大反攻!(解放区报导)","梁柏参","正报","1947","第2卷 第8期","13-15","香港"
"成立联合政府时机成熟吗?","正报","1947","第2卷 第16期","26",NA,"香港"
"信箱:(二)蓝玲先生给即兴先生的信","正报","1947","第2卷 第17期","12",NA,"香港"
"生活素描:我做起了火柴厂的女工","童工","正报","1947","第2卷 第17期","22","香港"
"七月的抓丁(梅县通讯)","西嶽","正报","1947","第2卷 第2期","24","香港"
"解放区的爆炸战","小云","正报","1947","第2卷 第18期","24-25","香港"
"胡其亮:中国学生运动的道路:纪念九七国际青年节","正报","1947","第2卷 第3期","11-14",NA,"香港"
"掀起支持运动的热潮:本报特写","秋娟","正报","1947","第41期","11-13","香港"
"松花江上的风云:东北战地通讯","正报","1947","第40期","16",NA,"香港"
"抗征队伍__击荡坑(潮汕通讯)","恨填","正报","1947","第2卷 第2期","26-27","香港"
"面包工场的生活","爐边","正报","1947","第2卷 第2期","22-23","香港"
"毛泽东的二三事","江陵","正报","1947","第2卷 第3期","15-18","香港"
"看了港九戏剧协会的演出","王峑","正报","1947","第37期","16-17","香港"
"江劲:在狗下面做狗:一个写字楼什役的自述","正报","1947","第2卷 第18期","26",NA,"香港"
"月夜破贼营(翁源通讯)","王壬","正报","1947","第2卷 第9期","26-27","香港"
"民主联军的全面模范连","刘白羽","正报","1947","第38期","9","香港"
"踢屁股和人文主义","周达","正报","1947","第2卷 第3期","21","香港"
"西江通讯:农民翻身的开始","扶风","正报","1947","第2卷 第4期","23-24","香港"
"“剿匪”是生财之道","正报","1947","第37期","12-13",NA,"香港"
"下乡工作的三件要事","陈武","正报","1947","第2卷 第17期","13","香港"
"公教人员的饥饿喊声(广州通讯)","王东","正报","1947","第2卷 第16期","13","香港"
"卖八宝糖(歌唱什剧)","欧文","正报","1947","第46期","15-16","香港"
"琼崖纵队歼灭蔡军的总帐:一年又一月来蔡军被歼灭几及三千人解放和收复县城三座市镇据点卅二个","海涛","正报","1947","第2卷 第18期","4-5","香港"
"各地通讯:不甘为蒋作伥:翁源蒋府人员起义","正报","1947","第2卷 第18期","8-10",NA,"香港"
"人民武装袭击百侯续讯(大埔通讯)","梅人","正报","1947","第2卷 第18期","11","香港"
"蒋区抓兵图","正报","1947","第2卷 第3期","6",NA,"香港"
"改组政府丑态百出","正报","1947","第36期","7",NA,"香港"
"劳动节晚会归来","余松辛","正报","1947","第37期","14-17","香港"
"人民永远怀念着的吴勤同志:为吴勤同志逝世五周年纪念而作","恨填","正报","1947","第37期","14-15","香港"
"谁分裂欧洲?","舒翰","正报","1947","第47期","3","香港"
"渡黄河:大反攻的战地短曲之一","正报","1947","第47期","5-6",NA,"香港"
"粤北学生饥饿罢课","正报","1947","第39期","13",NA,"香港"
"惊惶的城:南雄通讯","正报","1947","第40期","18",NA,"香港"
"魔爪下的延安:新华社通讯","正报","1947","第37期","7-8",NA,"香港"
"短评:华振中当心没顶!","正报","1947","第50期","9",NA,"香港"
"社论:评魏德迈“离华声明”","正报","1947","第2卷 第2期","3",NA,"香港"
"重税苛捐逼得凶","正报","1947","第35期","13",NA,"香港"
"上林的民变是怎样发生的(广西通讯)","高阳","正报","1947","第2卷 第10期","24-25","香港"
"致慰广州同学","正报","1947","第41期","2-3",NA,"香港"
"掘墓:疯狗的行径","杜桐","正报","1947","第32期","3","香港"
"广东“绥靖”相色","正报","1947","第32期","14-15",NA,"香港"
"扩大青年爱国民主统一战线:为纪念“五四”而作","正报","1947","第36期","5-7",NA,"香港"
"快速纵队的快速覆减","李普","正报","1947","第36期","8","香港"
"智取合立乡(灵山通讯)","徐灿","正报","1947","第47期","17","香港"
"编后话:张铁生先生的“国际现势解说”，上两回把国际基本矛盾及其发展演变，做了一个概括的论述","正报","1947","第35期","19",NA,"香港"
"蒋介石的“战斗纪律”","正报","1947","第36期","4",NA,"香港"
"信箱:我被遗弃怎办么?","正报","1947","第2卷 第2期","27-28",NA,"香港"
"蒋军一三五旅被俘军官会见记","海棱","正报","1947","第36期","10","香港"
"文化漫笔:这是一条路:浅谈“山东大战演义”","文俞","正报","1947","第36期","15","香港"
"对高低论辩的一点意见","正报","1947","第2卷 第4期","5",NA,"香港"
"湛江猎奇","马絃","正报","1947","第47期","16-17","香港"
"怎样读几篇重要时局文件","黄安思","正报","1947","第48期","7-11","香港"
"应该再进一步行动:评安理会对印荷战争的决定","舒翰","正报","1947","第50期","4-5","香港"
"怎样才算得是积极负责的工作态度","江陵","正报","1947","第2卷 第2期","11-12","香港"
"文学话题:表现“此时此地”","宋芝","正报","1947","第2卷 第2期","14-15","香港"
"青年笔谈会:准备迎接“六二”","巴放","正报","1947","第40期","4","香港"
"从“参议员”口中看“剿匪”","正报","1947","第36期","16",NA,"香港"
"涨风还要回来","正报","1947","第36期","16-17",NA,"香港"
"两种选举的对照","颗粟","正报","1947","第2卷 第16期","25-26","香港"
"从马格特会议看今天的英国(伦敦通讯)","黄作梅","正报","1947","第46期","17-19","香港"
"东纵寄了什给我们?","颜孫","正报","1947","第2卷 第2期","19","香港"
"革命军民一家亲(南路通讯)","李明","正报","1947","第48期","13-15","香港"
"接受读者的教导:回顾本报的一年间","正报","1947","第50期","2-5",NA,"香港"
"“有胜利的山东，一定有胜利的广东!”","正报","1947","第50期","6-8",NA,"香港"
"故乡血泪(六邑通讯)","温康民","正报","1947","第2卷 第3期","22-23","香港"
"青运杂谈:总结学习·检查工作","方敏","正报","1947","第2卷 第4期","16-18","香港"
"广东一周了望:张发奎官“运”亨通","正报","1947","第33期","12",NA,"香港"
"爱国助学运动的展开","史量","正报","1947","第2卷 第3期","9-10，28","香港"
"桂东民变:广西通讯","颜孫","正报","1947","第47期","14-15","香港"
"刘承伯邓小平:为人民立功中共中央传令嘉奖","正报","1947","第50期","10",NA,"香港"
"苏联在世界上的地位及其政策:国际现势解说之五","张铁生","正报","1947","第39期","10-11","香港"
"青年笔谈会:我的建议","杨及心","正报","1947","第40期","4-5","香港"
"农民分土地耕者有其田","力耕","正报","1947","第2卷 第11期","4-6","香港"
"漫谈工作方法之二:一致对敌","星星","正报","1947","第2卷 第4期","14-15","香港"
"国际一周:评意大利阁潮","舒翰","正报","1947","第39期","12","香港"
"千万个于子三站起来了!","张华","正报","1947","第2卷 第16期","7-8","香港"
"把悲愤化为力量:纪念“四八”遇难四烈士","正报","1947","第32期","2",NA,"香港"
"邓世棠罪恶昭彰","正报","1947","第2卷 第11期","24-25",NA,"香港"
"四烈士周年祭","正报","1947","第32期","3-4",NA,"香港"
"中大罢课前后(广州通讯)","梦坚","正报","1947","第41期","6-8","香港"
"大鹏半岛上的大惨杀:惠阳通讯","正报","1947","第33期","2-3",NA,"香港"
"哭陈子松先生","刚毅","正报","1947","第34期","8-10","香港"
"国民党政府经济上的又一魔术:论美金库美金公债的发行","克科","正报","1947","第34期","12-13","香港"
"广东一周了望:全面“军事化”与“重点主义”","正报","1947","第34期","14-15",NA,"香港"
"孟良崮战绩辉煌","正报","1947","第40期","17",NA,"香港"
"统治者慌做一团(湖南通讯)","萧文","正报","1947","第2卷 第18期","12","香港"
"战局由北向南","崔嵬","正报","1947","第47期","4-5","香港"
"人民艺术在珠江三角洲","林洛","正报","1947","第47期","18-19","香港"
"六邑剿匪指挥部的黑幕","三石","正报","1947","第2卷 第2期","25-26","香港"
"保田·反蒋·上前线:普遍解放区的参军热潮","陈凌","正报","1947","第2卷 第3期","7-8","香港"
"“铁胆”死后余音袅袅(湛江通讯)","何灵","正报","1947","第32期","12","香港"
"广东一周了望:琼崖设省，为了出卖!","正报","1947","第32期","14",NA,"香港"
"中共权威人士论目前时局","正报","1947","第41期","2-3",NA,"香港"
"编后话:目前战局令人兴奋，不但正面战场如此，蒋后战场亦如此;不但直接配合正面的蒋后战场如此","正报","1947","第34期","11",NA,"香港"
"苏皖边区三百万人民控诉蒋军暴行","正报","1947","第34期","11",NA,"香港"
"保九总队血洗马头墟(新丰通讯)","野芒","正报","1947","第45期","16-17","香港"
"漫谈“八千里路云和月”(座谈会纪录)","正报","1947","第48期","14-16",NA,"香港"
"给世界人民有力的声援:评莫洛讬夫答记者问:舒翰","正报","1947","第33期","14-16",NA,"香港"
"贝文政策必须改变了","舒翰","正报","1947","第34期","10-11","香港"
"方言文艺的现实意义","何尺","正报","1947","第2卷 第13期","21-22","香港"
"回农村去的思想准备","方敏","正报","1947","第2卷 第15期","7-9","香港"
"你为了人民，人民就为了你:西江通讯","刘朗","正报","1947","第2卷 第15期","9-11","香港"
"方言与普及讨论特辑(二):创建方言文腔的文学","符公望","正报","1947","第2卷 第14期","14-18","香港"
"人民胜利的旗帜飘扬在海南:蔡劲军的“半年清剿”是怎么样被粉碎的?","莊侖","正报","1947","第37期","8-9","香港"
"黄河两岸人民迎接大反攻","正报","1947","第47期","8",NA,"香港"
"魏德迈来粤干些什么?","正报","1947","第2卷 第2期","6-7",NA,"香港"
"做什么?怎样做?:青运方针和策略的研究提纲","仲冰","正报","1947","第2卷 第2期","20-21","香港"
"解放军的人民功臣","正报","1947","第33期","6-8",NA,"香港"
"回头是岸(五华通讯)","东陂","正报","1947","第2卷 第10期","26-27","香港"
"目前国际形势浅释","舒翰","正报","1947","第2卷 第17期","14-16","香港"
"评华莱士访欧之行","舒翰","正报","1947","第35期","10-11","香港"
"信箱:简覆","正报","1947","第36期","19",NA,"香港"
"经济崩溃影响下的西大:广东通讯","晓红","正报","1947","第32期","16-17","香港"
"今后的努力","陈铨","正报","1947","第44期","18","香港"
"解答了几个问题:“介绍洋铁桶的故事”","星星","正报","1947","第2卷 第2期","15","香港"
"青运杂谈:谈批评态度","仲冰","正报","1947","第33期","17-18","香港"
"于莫斯科会议讨论中国问题:中共代表周恩来将军发表声明","正报","1947","第30期","3",NA,"香港"
"返乡下分田","张革","正报","1947","第2卷 第16期","24","香港"
"美国援蒋的下一步?:华盛顿航讯","文愚","正报","1947","第2卷 第4期","6-8","香港"
"藉辞救灾，实际抽剥!","项康","正报","1947","第47期","6-7","香港"
"段霖茂等就擒记","正报","1947","第2卷 第11期","7-8",NA,"香港"
"石家庄之战","舒翰","正报","1947","第2卷 第14期","3-5","香港"
"广东一周了望:爱国学生被开除","睦","正报","1947","第28期","5","香港"
"广东一周了望:鹤山罢免“省参议”","明","正报","1947","第27期","6","香港"
"广东一周了望:两套“办法”","湘","正报","1947","第28期","4","香港"
"青年笔谈会:我们应该做些什么?","李思仁","正报","1947","第41期","18","香港"
"谈生话:献给人民团体之十","星星","正报","1947","第46期","8","香港"
"各地战讯综合报导:用炽盛火力教训宋子文","正报","1947","第2卷 第17期","8",NA,"香港"
"民变在扩大中:周璋译自四月五日密勒氏评论报","正报","1947","第35期","6",NA,"香港"
"群众路线的领悟","曰晃","正报","1947","第27期","18","香港"
"编后话:人民解放军大反攻最近半个月，南线北线，都获得辉煌胜利，本期舒翰的战局报导已详细叙述到了","正报","1947","第2卷 第9期","25",NA,"香港"
"暹罗政变中:国民党特务奸相毕露(曼谷通讯)","秋虹","正报","1947","第2卷 第16期","14-16","香港"
"山城镇得救了","正报","1947","第40期","17",NA,"香港"
"破袭，爆炸，射击，围困!山东民兵全面配合作战","正报","1947","第41期","15",NA,"香港"
"社论:警告凶手!","正报","1947","第42期","2",NA,"香港"
"四烈士略历","正报","1947","第32期","4-5",NA,"香港"
"人民武装横扫梅县大埔:梅县通讯","方艾","正报","1947","第2卷 第17期","4-7","香港"
"广东卖身契","正报","1947","第34期","15",NA,"香港"
"青年笔谈会:人民不能忍受","于宇","正报","1947","第40期","5","香港"
"五月的胜利推近了总反攻","崔嵬","正报","1947","第40期","11-13","香港"
"钟超武无耻的“新生”","明祥","正报","1947","第2卷 第11期","26","香港"
"淫书大观","正报","1947","第32期","15",NA,"香港"
"有关革命理论的几个问题:答宋潮先生","正报","1947","第32期","18-19",NA,"香港"
"我弄通了到农村去的思想","沈钟英","正报","1947","第2卷 第11期","17-18","香港"
"怎样打开小圈子?","胡其亮","正报","1947","第2卷 第11期","19-20","香港"
"抢粮运动在潮汕:汕头通讯","恨填","正报","1947","第43期","17-18","香港"
"“清匪”大会(海南通讯)","田萍","正报","1947","第44期","6-7","香港"
"二次省参议会猎奇","桐廬","正报","1947","第41期","4-8","香港"
"新丰人民武装攻城南雄督征人员被俘","正报","1947","第32期","15",NA,"香港"
"告死者:悼王·秦·邓·叶四烈士","星星","正报","1947","第32期","8","香港"
"信箱:胜利的日子不会很远，但不能性急","正报","1947","第32期","18",NA,"香港"
"社论:人民武装活跃的新开端","正报","1947","第34期","2-3",NA,"香港"
"运动杂记:突破小圈子","屑石","正报","1947","第32期","16-17","香港"
"青运杂谈:从“抗暴”到“支持”","黄安思","正报","1947","第44期","11-12","香港"
"从烟台看新民主主义经济:周璋译自五月卅日密勒氏评论报","正报","1947","第44期","13-15，19",NA,"香港"
"当急之务","梁秀","正报","1947","第44期","18","香港"
"文化漫笔:“蒋宫秘闻”有毛病","秋声","正报","1947","第34期","16-17","香港"
"解放区见闻:东江纵队与山东人民之间","芜茖","正报","1947","第33期","14-18","香港"
"信箱:消沉不是办法","正报","1947","第34期","19",NA,"香港"
"青年笔谈会:死的灾祸落在头上了，只有起来斗争!","原野","正报","1947","第41期","18-19","香港"
"反攻前夕的美国人民","(美)蓋滋 绮","正报","1947","第2卷 第8期","16-19","香港"
"西江人民减租减息运动经验","马同临","正报","1947","第2卷 第10期","21-24","香港"
"从东北到冀热","崔嵬","正报","1947","第43期","4-6","香港"
"(方言剧):广州一角(二)","初耘","正报","1947","第2卷 第16期","27-28","香港"
"司徒尧在六邑(中区通讯)","陈浩","正报","1947","第47期","14-15","香港"
"人民戏剧的诞生过程(上)","林朴","正报","1947","第35期","17-19","香港"
"“二五减租”的真相(广西通讯)","陈乐","正报","1947","第25期","14-15","香港"
"向捐助本报基金的星洲读者致谢!","正报","1947","第2卷 第10期","25-28",NA,"香港"
"弄清敌友辨别是非","星星","正报","1947","第40期","12-13","香港"
"天堂的预约地狱的现实","正报","1947","第36期","17",NA,"香港"
"各地通讯:骚动的翁源","李卜明","正报","1947","第21期","15-16","香港"
"论“挖蒋根”","沈友谷","正报","1947","第2卷 第17期","9-12","香港"
"魏德迈的买卖","舒翰","正报","1947","第2卷 第2期","4-6","香港"
"台湾事变的经济因素","怀庶","正报","1947","第31期","7-8","香港"
"蒋后战场的目前形势","彭麟","正报","1947","第36期","9-10","香港"
"爱国旗帜飘扬全国(十二月廿七日至一月七日)","崔嵬","正报","1947","第21期","7","香港"
"一定要提倡方言文学(读者来信)","即兴","正报","1947","第2卷 第16期","23","香港"
"广东经济向殖民地化迈步","正报","1947","第31期","13",NA,"香港"
"广东一周了望:杀头政策","康","正报","1947","第26期","3","香港"
"“方言与普及”的讨论(四):方言文学商榷","林洛","正报","1947","第2卷 第16期","17-19","香港"
"再忆彭湃同志的几件事","苏素","正报","1947","第39期","14-15","香港"
"为了饥饿的缘故:风起云涌的农民自卫斗争(和平通讯)","友民","正报","1947","第45期","14-15","香港"
"人民武装活动:零讯","正报","1947","第33期","4",NA,"香港"
"女民兵与男民兵并肩作战翻身妇女支持前线","正报","1947","第41期","16",NA,"香港"
"怎样做一个工人领袖?:贯澈城市工运的群众路线","建功","正报","1947","第36期","11-15","香港"
"我对于方言创作的意见","高阳","正报","1947","第2卷 第14期","16-18","香港"
"宋子文的经济建设就是出卖","桐廬","正报","1947","第2卷 第13期","2-4","香港"
"读者对“高低”问题的意见","正报","1947","第2卷 第8期","10",NA,"香港"
"张美淦的罪行:潮汕通讯","恨填","正报","1947","第2卷 第14期","22-23","香港"
"省训团就是贪污训练团","林剑光","正报","1947","第2卷 第17期","25","香港"
"信箱:简覆","正报","1947","第37期","19",NA,"香港"
"中共中央发言人:评美国继续供给军火“援蒋”","正报","1947","第45期","3",NA,"香港"
"人民戏剧的诞生过程(中)","林朴","正报","1947","第36期","18-19","香港"
"上海学生又英勇地挺起身来战斗","陈长良","正报","1947","第2卷 第15期","20-25","香港"
"侨胞的确受“优待”了","正报","1947","第32期","15",NA,"香港"
"编者的话:大反攻开展和土地法的公布，时局的急激变化，势必更加迅速","正报","1947","第2卷 第11期","25",NA,"香港"
"内外夹攻下的广东工商业:“广东的一年间”之二","李维之","正报","1947","第26期","6-10","香港"
"省港走私大队全貌","马芜","正报","1947","第26期","16-17","香港"
"三青团的“大我”","崔明","正报","1947","第44期","8","香港"
"青年笔谈会第二次征文","正报","1947","第42期","19",NA,"香港"
"惊心动魄的金融米价","项康","正报","1947","第25期","13","香港"
"延安总部公布:爱国自卫战争的几项重要统计","正报","1947","第25期","19",NA,"香港"
"广东一周了望:活不下去了","戈","正报","1947","第26期","4","香港"
"蒋管区经济走向总崩溃","崔嵬","正报","1947","第26期","12","香港"
"广东时事报导:国选百丑图","桐廬","正报","1947","第2卷 第18期","6-7","香港"
"莫斯科会议结束了","舒翰","正报","1947","第36期","2-4","香港"
"“救济”声里路尸纵横","正报","1947","第27期","7-8",NA,"香港"
"善与人处，做好工作","正报","1947","第27期","19",NA,"香港"
"广东一周了望:偶语弃市","敏","正报","1947","第28期","5","香港"
"社论:蒋介石决心走绝路吗?","正报","1947","第28期","2-3",NA,"香港"
"为蒋介石迫使中共驻京沪渝代表及工作人员撤离事:中共中央负责人发表评论","正报","1947","第28期","3",NA,"香港"
"十一月以来的战局:解放日报二月二十三日社论","正报","1947","第27期","2-4",NA,"香港"
"美国加深中国人民的灾难","崔嵬","正报","1947","第27期","15-17","香港"
"广东一周了望:“准此照办”的反苏巡行","敏","正报","1947","第30期","5","香港"
"这日子早就来了","张睦","正报","1947","第21期","8","香港"
"动乱已经开始(十二月廿七至一月六日)","项康","正报","1947","第21期","8-9","香港"
"解放区军民一年来奋斗:自卫战绩灿烂辉煌","正报","1947","第21期","10-11",NA,"香港"
"两周来的外长会议","舒翰","正报","1947","第31期","9-11","香港"
"广东一周了望:在火山上“时装表演”","正报","1947","第28期","6",NA,"香港"
"撤掉宋子文:就可解救经济崩溃吗?","庶夫","正报","1947","第28期","12-13","香港"
"第九军官总队内幕(曲江通讯)","成城","正报","1947","第31期","14-16","香港"
"血债血偿(粤曲)","亚区","正报","1947","第2卷 第17期","28","香港"
"英雄故事","正报","1947","第31期","14-15",NA,"香港"
"担负革命历史上最光荣的任务","崔是田","正报","1947","第2卷 第11期","2-3","香港"
"“开明”的主妇","阿心","正报","1947","第2卷 第17期","22-23","香港"
"酝酿中的工潮","闻挻","正报","1947","第43期","5-6","香港"
"广东一周了望:广州公务员卖血","正报","1947","第39期","13",NA,"香港"
"战局按照着规律发展","正报","1947","第34期","4-6",NA,"香港"
"中共中央委员会公布:中国土地法大纲及其决议:中国土地法大纲","正报","1947","第2卷 第9期","8-9",NA,"香港"
"“学校不办，行辕办!”","正报","1947","第28期","18",NA,"香港"
"于子三惨案:目不忍睹的于子三遗像:[照片]","正报","1947","第2卷 第14期","2",NA,"香港"
"世界人民统一战线的前途:国际现势解说之八","张铁生","正报","1947","第45期","7-8","香港"
"答松先生的几个问题","正报","1947","第26期","18-19",NA,"香港"
"回忆苏兆征同志","何蓬","正报","1947","第36期","13-14","香港"
"社论:反对掠夺民食","正报","1947","第50期","2-3",NA,"香港"
"办法想穷想尽了","正报","1947","第34期","14",NA,"香港"
"广东一周了望:亲身出马又如何","正报","1947","第36期","16",NA,"香港"
"内蒙人民的英雄主义:新华社内蒙通讯","正报","1947","第39期","8-9",NA,"香港"
"南路人民武装声势浩大","曾锦","正报","1947","第31期","2-4","香港"
"人民叛逆郝鹏举就擒记","田基","正报","1947","第26期","14","香港"
"广东一周了望:开刀割肉","正报","1947","第39期","13",NA,"香港"
"各地通讯:在戴云山上(闽中通讯)","于默","正报","1947","第2卷 第14期","20-21","香港"
"蒋家朝廷的哀怨","正报","1947","第2卷 第4期","3-5",NA,"香港"
"社论:粉碎蒋政府的总动员令","正报","1947","第46期","3",NA,"香港"
"社论:魏特迈再来也救不了命","正报","1947","第47期","2",NA,"香港"
"巴黎会议的失败","舒翰","正报","1947","第46期","4","香港"
"杜鲁门挑拨性的演说","舒翰","正报","1947","第30期","12-13","香港"
"当心走错路","蓼莪","正报","1947","第2卷 第17期","25","香港"
"鹤山零简(西江通讯)","麦怡","正报","1947","第36期","16-17","香港"
"黄伯轩为祸台山:中区通讯","三石","正报","1947","第2卷 第11期","22-23","香港"
"中共中央委员会公布:中国土地法大纲及其决议:关于公布中国土地法大纲的决议","正报","1947","第2卷 第9期","7",NA,"香港"
"广东一周了望:连中层统治者也趋于动摇了","正报","1947","第35期","12-13",NA,"香港"
"宋子文在粤新阴谋","正报","1947","第2卷 第13期","6",NA,"香港"
"“广东的一年间”之四:海南岛:人民武装活跃的世界","莊侖","正报","1947","第28期","7-9，18","香港"
"编者话:一周来触目惊心的大事，莫过于国民党当局在各地镇压学生运动残暴的措施了，然而事实却又非常明显的答复那些残暴的郐子手","正报","1947","第40期","17",NA,"香港"
"龙门万人分赋谷","吴增","正报","1947","第31期","4","香港"
"广东一周了望:赈米变猪糖","实","正报","1947","第26期","4","香港"
"广东工业的危机","许涤新","正报","1947","第38期","4-5","香港"
"青年和于子三","颗粟","正报","1947","第2卷 第14期","28","香港"
"蒋政府处处害人民","樑燕","正报","1947","第2卷 第18期","27","香港"
"西瓜兄弟","正报","1947","第2卷 第8期","14-15",NA,"香港"
"广东时局述评:起来遏制宋子文的乱萌","黎展","正报","1947","第2卷 第16期","4-5","香港"
"怎样读?刘少奇:“关于修改党章的报告”","星星","正报","1947","第28期","12-15","香港"
"国民党在制造商灾!:香港和华南的商家应该起来自救","许滌新","正报","1947","第48期","2-3","香港"
"请看政学系民社党青年党的家谱","正报","1947","第37期","5-9",NA,"香港"
"信箱:在牛屁股后面过生活","正报","1947","第2卷 第8期","26-27",NA,"香港"
"剌刀阻止不了历史的前进","蔓谷","正报","1947","第40期","6","香港"
"李朗鸡公审法官","正报","1947","第34期","15",NA,"香港"
"清除土霸动员农民(西江通讯)","江风","正报","1947","第2卷 第13期","10-11","香港"
"誓师出发","宋林","正报","1947","第42期","4","香港"
"也谈双喜临门","陈国","正报","1947","第2卷 第12期","22-24","香港"
"蒋统治与学生势不两立","胡其亮","正报","1947","第2卷 第13期","7","香港"
"共产党员在火线上","柯崗","正报","1947","第45期","7-8","香港"
"广东一周了望:谈蔡辉甫案","正报","1947","第2卷 第2期","22",NA,"香港"
"广州的工潮","崔嵬","正报","1947","第33期","5-8","香港"
"揭阳“铲烟”余波","郁黎","正报","1947","第30期","18-19","香港"
"广东一周了望:长蛇怒视着广州央行","实","正报","1947","第28期","6","香港"
"打胜仗贺新年(战况综报)","王令","正报","1947","第21期","8-9","香港"
"“特准”复组“自卫队”","正报","1947","第38期","15",NA,"香港"
"反对“黑皮书”与“整肃令”","舒翰","正报","1947","第32期","13，17","香港"
"为人民服务的现实涵义","崔是田","正报","1947","第2卷 第12期","8-9","香港"
"慰未婚妻(木鱼)","献公","正报","1947","第2卷 第13期","13","香港"
"苦难的电白","杨伙","正报","1947","第46期","16","香港"
"愤怒的人们:[画图]","趙延年","正报","1947","第2卷 第4期","1页","香港"
"绥江义勇警察队长率部反正为退出内战发表宣言","正报","1947","第48期","12",NA,"香港"
"山东是内战中主要战场，蒋介石集中了几十万大军进攻","正报","1947","第41期","15",NA,"香港"
"读者中来","正报","1947","第2卷 第12期","26-28",NA,"香港"
"谈贪功与立功:献给人民团体之九","星星","正报","1947","第43期","12-13","香港"
"饥饿的岛(海南通讯)","田萍","正报","1947","第2卷 第3期","24-26","香港"
"海陆丰革命故事断片:“活神明”杨望同志","苏素","正报","1947","第46期","10-11","香港"
"怎样研究中国革命问题","闻挻","正报","1947","第47期","9-13","香港"
"读了“官僚资本论”之后","桐盧","正报","1947","第2卷 第2期","13","香港"
"社论:爱国运动在血泊中前进","正报","1947","第27期","2-4",NA,"香港"
"青年笔谈会:不能袖手旁观","徐康","正报","1947","第41期","19","香港"
"悲鸣挽救不了颓势","崔嵬","正报","1947","第44期","4-5","香港"
"关于“广东的一年间”的话","正报","1947","第25期","5",NA,"香港"
"廿年仅见的广东大水灾","桐廬","正报","1947","第43期","7-8","香港"
"家乡信","阿牛","正报","1947","第2卷 第18期","11","香港"
"特载:严忠英部退出内战宣言","正报","1947","第35期","5",NA,"香港"
"容藤事件后的广西","明德","正报","1947","第39期","18-19","香港"
"军事溃败加强了经济崩溃","怀庶","正报","1947","第2卷 第10期","13-14","香港"
"台山农民的减租斗争","伍昆","正报","1947","第33期","4","香港"
"美国的“民主”?","舒翰","正报","1947","第44期","3","香港"
"鹤山的风风雨雨(西江通讯)","任家邦","正报","1947","第44期","7-8","香港"
"三十六师的覆灭","正报","1947","第2卷 第4期","16-19",NA,"香港"
"论目前的战局","崔嵬","正报","1947","第35期","2-4","香港"
"贪污展览","正报","1947","第35期","12",NA,"香港"
"广东一周了望:所谓“全面行动”","正报","1947","第39期","13",NA,"香港"
"军纪败坏","正报","1947","第38期","15-16",NA,"香港"
"买凶打学生用了多少钱","正报","1947","第45期","15",NA,"香港"
"新书评介:“替美国算命”是本好书","张实","正报","1947","第2卷 第10期","10-11","香港"
"国际一周:横行霸道的金元外交","舒翰","正报","1947","第38期","13-14","香港"
"陈家康悲愤赋诗(上海通讯)","定遠","正报","1947","第30期","15-17","香港"
"还乡记(宝安通讯)","元基","正报","1947","第50期","13-14","香港"
"如此民主精神","杨伙","正报","1947","第2卷 第11期","27-28","香港"
"听不懂，怎么办?","方遠","正报","1947","第2卷 第2期","16-19","香港"
"香港青年追悼于子三:于子三活在千百万青年心里","史英","正报","1947","第2卷 第16期","6-7","香港"
"评省参议会二次大会","崔嵬","正报","1947","第41期","4-6","香港"
"“禁烟”真相","正报","1947","第37期","13",NA,"香港"
"“驼子走下坡”的战况","崔嵬","正报","1947","第38期","12","香港"
"湘粮运粤被阻","正报","1947","第32期","14",NA,"香港"
"举办短期学习班的几点经验","曾华","正报","1947","第47期","11-13","香港"
"陈琼:谈培养干部","正报","1947","第2卷 第18期","18-19",NA,"香港"
"青年笔谈会:别说我们年纪小","思经","正报","1947","第44期","16","香港"
"志愿兵的故事","方兴","正报","1947","第2卷 第10期","27-28","香港"
"不是经济建设而是经济灾难","文沉","正报","1947","第2卷 第16期","5","香港"
"如响斯应","正报","1947","第36期","17",NA,"香港"
"揭发罗卓英祸省大阴谋:并驳斥他的“救灾与肃奸并重”的谈话","张豋","正报","1947","第45期","9-10","香港"
"从法国阁潮说起","舒翰","正报","1947","第37期","12-13","香港"
"广东一周了望:烟台市日趋繁荣","正报","1947","第39期","15",NA,"香港"
"珞珈山下的屠杀:武汉大学六一惨案目击记(汉口通讯)","筱平","正报","1947","第42期","8-10","香港"
"批评与自我批评的种种","江陵","正报","1947","第2卷 第9期","19-20","香港"
"冲开了沉寂:“六二”在桂林","苏宁","正报","1947","第44期","9-12","香港"
"广东一周了望:央行拒查金库","敏","正报","1947","第27期","6","香港"
"青年笔谈会:把运动深入","辛扬","正报","1947","第41期","19","香港"
"饥饿的愤火:蒋管区学生反饥饿反内战斗争的怒潮","方敏","正报","1947","第39期","3-7","香港"
"法西斯团体公开出现失业军官有“新用途”","正报","1947","第31期","13",NA,"香港"
"广东一周了望:“倒蔡运动”有苗头","正报","1947","第31期","12",NA,"香港"
"民主圈里","马十里","正报","1947","第2卷 第17期","24","香港"
"关于服务群众:群众观点的初步反省","李加","正报","1947","第2卷 第8期","4-6","香港"
"“高”“低”论辩","麦汉","正报","1947","第2卷 第3期","20","香港"
"六二前后(北平通讯)","域槐","正报","1947","第43期","9-13","香港"
"我的个人英雄主义:反省笔记","络加","正报","1947","第2卷 第18期","15-17","香港"
"“方言与普及”的讨论(三):旧的终结新的开始:再论普及的方言文艺二三问题","孺子牛","正报","1947","第2卷 第15期","13-15","香港"
"发展方言才能统一文语","杨洋","正报","1947","第2卷 第16期","22","香港"
"文昌人民的反清剿斗争(海南通讯)","莊侖","正报","1947","第50期","6","香港"
"鹤山通讯:盼望得颈也长了","梁章","正报","1947","第28期","16-18","香港"
"减租减息运动中南雄人民力量壮大了:北江通讯","秋纪","正报","1947","第2卷 第8期","24-26","香港"
"青年笔谈会:支持运动侧写","林洛","正报","1947","第44期","17-18","香港"
"开原城观光","正报","1946","新 第4期","13-14",NA,"香港"
"美国对盟友中国的骗局:原文载九月十日美国新群众周刊","Field，F.V. 鲁声","正报","1946","第13期","10-16，9","香港"
"乏味的表演和绝望的疯狂(十月十五至廿一日)","项康","正报","1946","第11期","7","香港"
"评苏中之战:新华社记者","正报","1946","新 第6期","11",NA,"香港"
"危机的反映(十二月四日至十日)","项康","正报","1946","第18期","16","香港"
"关于农村的调查工作","力耕","正报","1946","第19期","11-13","香港"
"在休息的地方，记者们争相访问东纵英雄，开麦拉忙个不停.记者们不但关心他们北上情形而且关怀复员回家的同志能否得到国民党政府的生命保障:[照片]","正报","1946","第20期","1页",NA,"香港"
"必须把这局面改变过来","正报","1946","新 第1期","6",NA,"香港"
"二、开源四日 唐吉诃德式的旅行","正报","1946","新 第3期","18",NA,"香港"
"蒋军手中的美国武器","张易生","正报","1946","第15期","11","香港"
"特务大闹小祇园","方敏","正报","1946","新 第7期","5-6","香港"
"朂本港侨工","达生","正报","1946","新 第10期","13","香港"
"再谈革命“第四阶段”(下)","正报","1946","第19期","17-18，13",NA,"香港"
"生活感想:我做着一名散工","克菲","正报","1946","第15期","17","香港"
"催征如火急(十月廿二至廿八日)","项康","正报","1946","第12期","9","香港"
"一年的教训:解放日报八月廿八日社论","正报","1946","第6期",NA,NA,"香港"
"珠江三角洲人民子弟兵抗战史:三·沙湾反扫荡战","公曼","正报","1946","新 第3期","28","香港"
"胜利以来的中国经济","千家驹","正报","1946","新 第3期","11-13","香港"
"生活·感想:一个穷教师揭述:香港学校的怪现象","正报","1946","第14期","17-18",NA,"香港"
"闲话联电“戡乱”","不惑","正报","1946","新 第7期","6-7","香港"
"李公朴先生的语忏","正报","1946","新 第1期","11",NA,"香港"
"西江的黑流","菱代","正报","1946","新 第5期","16-17","香港"
"苏北运河之春修夏防:答复反动派所谓“决堤成灾”的诬蔑","正报","1946","新 第4期","12",NA,"香港"
"登错报纸","方敏","正报","1946","第14期","12","香港"
"两种力量在搏斗(河内通讯)","正报","1946","第14期","15",NA,"香港"
"留延华侨子弟:给海外侨胞的一封信","正报","1946","新 第9期","34-36",NA,"香港"
"曾生司令在千万欢迎者的热烈掌声中登上讲台，掌声延长数分钟，以欢迎东纵的英雄和他们的首长:[照片]","正报","1946","第19期","1页",NA,"香港"
"广州二三事","梁鼎","正报","1946","新 第6期","19","香港"
"十五年来悲惨的回忆:为纪念“九一八”十五年而作","于毅夫","正报","1946","新 第7期","5-7","香港"
"编后:预先了许久的读者信箱，到本期才挤得篇幅出来","正报","1946","新 第7期","7",NA,"香港"
"向人民军队的创始者祝福:朱玉阶将军花甲寿辰在香港","正报","1946","第17期","12",NA,"香港"
"祝词","陈汝棠 沈志远 千家驹","正报","1946","第17期","13","香港"
"昆明惨案一周年","正报","1946","第17期","14",NA,"香港"
"既要惩前，更应毖后:评深圳不幸事件","方敏","正报","1946","第18期","14","香港"
"访问陈士渠将军","毛及","正报","1946","第20期","16","香港"
"中共控制下的东北铁路","(美)史特朗","正报","1946","第20期","20-21","香港"
"结婚?孩子?","林啸","正报","1946","第20期","26","香港"
"苏北大捷特写","正报","1946","第20期","17-18",NA,"香港"
"铁壁堡垒的毁灭","艾柏林","正报","1946","第20期","18","香港"
"把戏懒得耍了","正报","1946","新 第3期","23",NA,"香港"
"编者话:本期出版之日，恰巧是敌人投降的一周年","正报","1946","新 第3期","23",NA,"香港"
"蒋记国大蛇鼠一窝斗争胜利必属人民:记港九各界时事座谈会","江风","正报","1946","第16期","18-19","香港"
"向杀人犯示威","江风","正报","1946","第12期","6","香港"
"“青干班”:东江解放区的知识份子再教育","黄安思","正报","1946","新 第3期","26-27","香港"
"方兴未艾的反征实斗争","崔明","正报","1946","新 第3期","21","香港"
"新人生观讲话","沈志","正报","1946","新 第3期","25","香港"
"论战局","正报","1946","第13期","4-5",NA,"香港"
"怀湘:文化工作的长期性与艰苦性","正报","1946","新 第1期","16-19",NA,"香港"
"蒋军军官日记","正报","1946","第15期","10",NA,"香港"
"蒋区俯十","正报","1946","第15期","13",NA,"香港"
"吸尽商民血液","正报","1947","第38期","15",NA,"香港"
"青年笔谈会:我的控诉","明迪","正报","1947","第40期","5-6","香港"
"要反省要检讨","辛杨","正报","1947","第44期","19","香港"
"洗净污泥·为民立功:记“西北民主建国军官团”","焕然","正报","1947","第2卷 第8期","11-12","香港"
"罗卓英逃不了罪","辛之","正报","1947","第2卷 第9期","18","香港"
"国际一周:英国与美苏","舒翰","正报","1947","第40期","10","香港"
"近来国际形势的变化:国际现势解说之二","张铁生","正报","1947","第33期","9-10","香港"
"李守正说:来到解放区学习学习","正报","1947","第36期","8",NA,"香港"
"中国人民解放军口号","正报","1947","第2卷 第9期","5-6",NA,"香港"
"骗局而已","宋芝","正报","1947","第2卷 第10期","20","香港"
"广东一周了望:黄绍兴割喉明志","正报","1947","第2卷 第2期","22-23",NA,"香港"
"护乡团自卫反击告捷(东江通讯)","林东","正报","1947","第43期","16-18","香港"
"青运杂谈:广泛结交朋友","方敏","正报","1947","第34期","18-19","香港"
"战郓城(大反攻战地短曲之二)","正报","1947","第47期","6-7",NA,"香港"
"新官上任以后(鹤山通讯)","麦霖","正报","1947","第50期","14-15","香港"
"广东一周了望:中区绥靖委员会结束","湘","正报","1947","第28期","4","香港"
"打折了剿民的血手(西江通讯)","林如","正报","1947","第2卷 第18期","8-10","香港"
"我不能白白忙死呢!","阿莲","正报","1947","第2卷 第15期","26","香港"
"踏着血迹永远前进!","素琴","正报","1947","第2卷 第16期","8","香港"
"世界民主势力的轮廓画:国际现势解说之六","张铁生","正报","1947","第41期","11-13","香港"
"五妹","正报","1947","第2卷 第12期","23-24",NA,"香港"
"青年笔谈会:加紧充实自己","郑铁锋","正报","1947","第41期","19","香港"
"漫谈思想教育","江陵","正报","1947","第50期","11","香港"
"“尊重人权”就是株连十族","英奇","正报","1947","第2卷 第18期","27-28","香港"
"这是一次严格的考验","方敏","正报","1947","第2卷 第18期","13-14","香港"
"广东一周了望:林英故迟其行","正报","1947","第37期","12",NA,"香港"
"“共产党代表全国人民”:三个重要文件读后","崔是田","正报","1947","第2卷 第10期","3-6","香港"
"可以不可以为小市民写?","孺子牛","正报","1947","第2卷 第9期","22-24","香港"
"广东一周了望:韦镇福手忙脚乱","正报","1947","第33期","12",NA,"香港"
"抓紧暑假提高自己:青运杂谈","黄安思","正报","1947","第47期","9-10","香港"
"在人民队伍中","瑞明","正报","1947","第38期","17-19","香港"
"数不完的暴行","王宛","正报","1947","第41期","9-10","香港"
"本报征求:一九四七年直接订户运动!","正报","1947","第21期","2",NA,"香港"
"暑假中应该做些什么","黄磷","正报","1947","第44期","9-10","香港"
"人民的悲悼:延安各界追悼四八殉难烈士回忆","伍明","正报","1947","第32期","6-8","香港"
"论忠诚与老实","(苏)斯列波夫 齐生","正报","1947","第2卷 第17期","17-21","香港"
"大反攻以来战局略述","舒翰","正报","1947","第2卷 第12期","10-12","香港"
"广东一周了望:人民武装活跃","正报","1947","第2卷 第2期","23",NA,"香港"
"鱼嘴墟传奇:北江通汛","子乌","正报","1947","第30期","19","香港"
"徐东来洗劫横輋村(惠阳通讯)","怒火","正报","1947","第43期","16","香港"
"陈毅将军和郝逆鹏举的谈话","张剑","正报","1947","第27期","11-12","香港"
"“农民代表”群像","正报","1947","第33期","13",NA,"香港"
"认真尝到人民的苦头了","正报","1947","第2卷 第4期","22",NA,"香港"
"暑期回乡最好精读这一本书","桐盧","正报","1947","第46期","9-11","香港"
"纷争跟着开始了","舒翰","正报","1947","第48期","4-5","香港"
"胜利连接着胜利(西江通讯)","候彬","正报","1947","第48期","12","香港"
"信箱:对土地法的一个疑问","正报","1947","第2卷 第16期","25-26",NA,"香港"
"社论:这不过是个新的汪政权","正报","1947","第35期","2-3",NA,"香港"
"中国革命的战略问题质疑:吉康仁先生来信","正报","1947","第21期","13",NA,"香港"
"火种不灭(潮汕通讯)","林原","正报","1947","第43期","18","香港"
"部份观点与全局观点的统一","星星","正报","1947","第34期","8-9","香港"
"论今天的群众运动","闻挺","正报","1947","第35期","9-11","香港"
"编后话:由张铁先生执笔的“国际现势解说”第一篇已登出来了","正报","1947","第31期","11",NA,"香港"
"饼干工场(生活素描)","爐边","正报","1947","第2卷 第9期","24-25","香港"
"谈方言与普及","蓝玲","正报","1947","第2卷 第10期","17-18","香港"
"再来谈谈双喜临门","文俞","正报","1947","第2卷 第13期","14-16","香港"
"解放军总部发言人:评石家庄之捷","正报","1947","第2卷 第14期","5",NA,"香港"
"黄镇球是个什么人物?","佛若","正报","1947","第2卷 第14期","6-8","香港"
"不许走回头路:纪念“七七”","正报","1947","第45期","4",NA,"香港"
"谈精通业务:献给人民团体之七","星星","正报","1947","第38期","10","香港"
"广东一周了望:看蔡劲军有几多个头","正报","1947","第38期","14",NA,"香港"
"内地中学生的苦痛","陈粟","正报","1947","第38期","17-19","香港"
"社论:支持国内学生的斗争","正报","1947","第39期","2",NA,"香港"
"再谈方言与普及","蓝玲","正报","1947","第2卷 第15期","16","香港"
"艺术好坏高低的分野","周达","正报","1947","第2卷 第12期","13-19","香港"
"毙师案如此判决","正报","1947","第2卷 第3期","24",NA,"香港"
"方言诗钞:灯街脚下","张革","正报","1947","第2卷 第12期","22-23","香港"
"向群众学习的我见:读“有事和群众商量”笔记之一","江陵","正报","1947","第2卷 第4期","9-11","香港"
"我访问了被俘的罗联辉","萧湘","正报","1947","第2卷 第8期","20-21","香港"
"历史上的土地改革","李风","正报","1947","第2卷 第12期","6-7","香港"
"杂写广州","闻叟","正报","1947","第2卷 第4期","26-27","香港"
"智擒张中忠","正报","1947","第2卷 第11期","8",NA,"香港"
"工人欢国庆(木鱼)","华献 欧文","正报","1947","第2卷 第11期","20","香港"
"社论:斥澳门反共","正报","1947","第2卷 第12期","2",NA,"香港"
"解放军是这样战胜的(解放区报导)","祁文英","正报","1947","第2卷 第9期","10-12","香港"
"努力奋斗，迎接胜利:纪念中国共产党创立二十六周年","正报","1947","第45期","2-3",NA,"香港"
"社论:准备迎击宋子文","正报","1947","第2卷 第15期","2-3",NA,"香港"
"一切为了全部消灭蒋家军:新华社七月十六日至卅一日战局述评","正报","1947","第50期","8-9",NA,"香港"
"罗卓英说:今年省政重心在“杀人”","正报","1947","第35期","12",NA,"香港"
"遥祭","虚璟","正报","1947","第2卷 第15期","24-25","香港"
"西江通讯:三水的基__是怎样崩的?","于敬","正报","1947","第46期","12-13","香港"
"南雄百哀园(北江通讯)","秋纪","正报","1947","第35期","14-15","香港"
"陈文专员在广宁(西江通讯)","侯彬","正报","1947","第35期","15-16","香港"
"最近三个重要文件研究提纲","胡其亮","正报","1947","第2卷 第12期","20-21","香港"
"入夏以来:琼崖纵队的胜利反击(海南通讯)","海涛","正报","1947","第45期","16-17","香港"
"蒋介石解散民盟:十一月六日新华社时评","正报","1947","第2卷 第13期","5-6",NA,"香港"
"英德东乡的浩劫","子乌","正报","1947","第28期","16","香港"
"社论:无耻的“护权运动”","正报","1947","第30期","2-4",NA,"香港"
"“广东的一年间”之六:人民不能征服:一九四六年的广东政治","李超","正报","1947","第30期","7-14","香港"
"编后话:每一个关心时事的人，都觉知这一周来的时局严重","正报","1947","第28期","17",NA,"香港"
"广东一周了望:美资来了!","睦","正报","1947","第30期","6","香港"
"迎接转变形势的一年","正报","1947","第21期","4-5",NA,"香港"
"复活了的土地与人民","正报","1947","第26期","14-15",NA,"香港"
"人民决不束手待毙","张睦","正报","1947","第25期","2","香港"
"血腥统治的动摇:一年来广东国民党当局的“绥靖”","俞同","正报","1947","第25期","4-10","香港"
"裁军呢?扩军呢?","舒翰","正报","1947","第25期","12-13","香港"
"广东一周了望:学生:从严办理","秋","正报","1947","第27期","6","香港"
"广东的一年间之:还我血汗钱:四大家族如何侵吞广东侨汇:四大家族丢不了侨汇这块肥肉","桐廬","正报","1947","第27期","7-10","香港"
"青年笔谈会第二次征文","正报","1947","第41期","19",NA,"香港"
"人民戏剧的诞生过程(下)","林朴","正报","1947","第37期","18","香港"
"大反攻的风暴即将来临(新华社七月上半月战局述评)","正报","1947","第48期","3-5",NA,"香港"
"读者中来:我们不能沉默","正报","1947","第39期","18-19",NA,"香港"
"广东一周了望:广东当局表现了绝望情绪","俞","正报","1947","第27期","5","香港"
"投豆选举(下)","史特朗 贝泰","正报","1947","第2卷 第14期","24-26","香港"
"新攻势的风暴要到来了","崔嵬","正报","1947","第46期","5-6","香港"
"青年笔谈会:救死扶伤，谁忍坐视?","彭霖","正报","1947","第41期","19","香港"
"人质的“座谈会”","道道","正报","1947","第42期","6-7","香港"
"“天兵神将”李劳工同志","苏素","正报","1947","第33期","11","香港"
"大树将倒的时候","崔明","正报","1947","第46期","6","香港"
"泥沼愈陷愈深:论蒋军侵占延安","正报","1947","第31期","2-3",NA,"香港"
"紧密联系群众(青运杂谈)","方敏","正报","1947","第48期","8-9","香港"
"“顶好”歌","欧文 戈","正报","1947","第35期","19","香港"
"发出你们的声音:支持祖国同学的英勇行动!:本报“青年笔谈会”第一次征文","正报","1947","第39期","19",NA,"香港"
"现在是“傻九”当权的时代了","文俞","正报","1947","第2卷 第11期","21","香港"
"延安总部公布:七个月被歼蒋军番号","正报","1947","第25期","16-17",NA,"香港"
"广东一周了望:吴满有到处做模范","正报","1947","第39期","14-15",NA,"香港"
"海陆丰革命故事断片:小英雄庄启锡同志","苏素","正报","1947","第42期","16-17","香港"
"青年笔谈会:把同情付与祖国的伙伴","陈颗粟","正报","1947","第40期","3-4","香港"
"广东一周了望:解放区物价勐烈下跌","正报","1947","第39期","14",NA,"香港"
"大恐怖来了","道道","正报","1947","第42期","6","香港"
"广西也有民变了","寿延","正报","1947","第32期","18-19","香港"
"国民党区的经济危机是怎样产生的?","怀庶","正报","1947","第27期","14-15，8","香港"
"向评论界提出一个课题","黄友秋","正报","1947","第2卷 第3期","19-20","香港"
"特载:翁西联防大队光荣起义","正报","1947","第2卷 第9期","16-17",NA,"香港"
"蒋军暴行","正报","1947","第34期","4-6",NA,"香港"
"雨夜袭江屯(广宁通讯)","梁柱","正报","1947","第46期","14-15","香港"
"坚决执行波茨坦协定","舒翰","正报","1947","第27期","13","香港"
"积极救灾","张睦","正报","1947","第45期","13","香港"
"谈分工:青运杂谈","方敏","正报","1947","第2卷 第2期","16-17","香港"
"要决心走群众的路:关于“听不懂”问题的一点意见","梁冰","正报","1947","第2卷 第8期","18-19","香港"
"一条乡村的遭遇(宝安通讯)","严基","正报","1947","第39期","16-17","香港"
"江北战讯:九九旅士兵拖枪反正九连山人民战绩可观","正报","1947","第2卷 第9期","17",NA,"香港"
"社论:互助自救!","正报","1947","第44期","2",NA,"香港"
"论回农村去的目的与动机","冯越","正报","1947","第2卷 第16期","9-11","香港"
"信箱:(一)土地问题答问","正报","1947","第2卷 第17期","10-12",NA,"香港"
"福斯论坛:谈遵守纪律","红英","正报","1948","第3卷 第4期","20-21","香港"
"广东一周了望:四月涨风又在狂吹","正报","1948","第2卷 第36期","3",NA,"香港"
"蒋末十遗","正报","1948","第3卷 第10期","16-17",NA,"香港"
"惠阳县自卫总队第一大队第一中队起义宣言","正报","1948","第3卷 第6期","13",NA,"香港"
"潮梅通讯:粉碎喻英奇的联防计划","雷宁","正报","1948","第3卷 第12期","17-18","香港"
"广东一周了望:“最痛苦”的报告","正报","1948","第2卷 第38期","2-3",NA,"香港"
"问题是在青年人本身","习人","正报","1948","第2卷 第32期","35","香港"
"广东一周了望:配粮是什么回事?","正报","1948","第2卷 第34期","3",NA,"香港"
"榕树头杂谈:“总统”出炉人心“睇淡”","陈胜","正报","1948","第2卷 第36期","30","香港"
"从战斗中解放自己:三八节感言","郭枫","正报","1948","第2卷 第29期","23","香港"
"展开“枪杆诗”运动","马逸野","正报","1948","第2卷 第25期","26-27","香港"
"扬眉吐气的一年","力扬","正报","1948","第2卷 第26/27期","48","香港"
"论湛江与沙鱼涌之战","星星","正报","1948","第3卷 第1期","4-5","香港"
"天顶一条虹(潮州话)","黄雨","正报","1948","第2卷 第25期","26","香港"
"广东之窗:村姑的预言","正报","1948","第3卷 第4期","28",NA,"香港"
"广东一周了望:广州囚徒反饥饿骚动","正报","1948","第2卷 第43期","1",NA,"香港"
"这些问题也要搞清","不平","正报","1948","第2卷 第30期","21-22","香港"
"一颗人民的心:[画图]","米谷","正报","1948","第2卷 第34期","22","香港"
"脑力劳动者的道路:苏联电映:“我的大学”，“波罗的海代表”，“第二一七号”，和“乡村教师”的观后手记","方迅","正报","1948","第3卷 第6期","24-27","香港"
"关于结汇新办法","念良","正报","1948","第2卷 第44期","8-9","香港"
"广东之窗:蒋厕杀人","正报","1948","第2卷 第45期","19",NA,"香港"
"达德学院同学:热烈支持办报基金运动:第一批乐捐同学姓名数目","正报","1948","第2卷 第36期","32",NA,"香港"
"榕树头杂谈:汪府的大汉奸周佛海，在南京老虎桥病死了","陈胜","正报","1948","第2卷 第29期","24","香港"
"广东之窗:“直升”问题","正报","1948","第3卷 第10期","15-16",NA,"香港"
"虚心检查我们的学习","闻挺","正报","1948","第2卷 第34期","19-21","香港"
"宋子文“军建”的透视","桐盧","正报","1948","第2卷 第50期","17-19","香港"
"广东之窗:喻英奇更惶急","正报","1948","第3卷 第9期","28",NA,"香港"
"你们的困难也可说是我们的困难:我们永远支持你们!","苏平","正报","1948","第2卷 第32期","39","香港"
"上水四学童被残杀(短评)","正报","1948","第2卷 第37期","17",NA,"香港"
"世界人民的抗争","舒翰","正报","1948","第2卷 第38期","6-8","香港"
"广东战况综合报导","蓝川","正报","1948","第3卷 第11期","1-13","香港"
"高鹤人民武装三战三捷:攻落宅梧击溃顽军","正报","1948","第2卷 第22期","10-11",NA,"香港"
"编者按:星星先生对中共中央五、廿五这个指示信提供了许多宝贵的研究方法，固然正如星星先生所说的或者仍有不妥善的地方","正报","1948","第2卷 第43期","7",NA,"香港"
"胜利的第二仗:记横岗伏击战","昔思","正报","1948","第3卷 第1期","8-9","香港"
"闽粤边人民兵马活跃","路人","正报","1948","第2卷 第44期","15-16","香港"
"广东大水灾四处灾民万千千:[画图]","文魁","正报","1948","第2卷 第47期","23","香港"
"二十四寨","高阳","正报","1948","第2卷 第22期","24-25","香港"
"注视桂系的阴谋","颜孫","正报","1948","第3卷 第15期","36-39","香港"
"中国青年在新的斗争中","王宁","正报","1948","第2卷 第37期","7-8","香港"
"如此“县政改革”","颜孫","正报","1948","第2卷 第50期","21-23","香港"
"别在小去处兜圈子","林林","正报","1948","第2卷 第26/27期","46","香港"
"关于统一战线的几个问题:附图","崔是田","正报","1948","第2卷 第26/27期","5-11","香港"
"广东之窗:饿散了一个师","正报","1948","第3卷 第13期","11",NA,"香港"
"广东一周了望:琼崖民主政府重申保障人权","正报","1948","第3卷 第15期","2",NA,"香港"
"信箱:除了打仗还有别的工作吗?","正报","1948","第3卷 第3期","18-19",NA,"香港"
"广东之窗:“老虎仔”又捱耳光","正报","1948","第3卷 第11期","26",NA,"香港"
"综合报告:解放区允许宗教自由","小云","正报","1948","第3卷 第3期","7-10","香港"
"广东之窗:问君能有几多斤","正报","1948","第3卷 第4期","28",NA,"香港"
"偶谈“侵略”这个剧本","夏衍","正报","1948","第2卷 第40期","24-25","香港"
"开展军事民主的几个原则(华东人民前线报社论)","正报","1948","第2卷 第45期","4-6",NA,"香港"
"钢铁战士杨士德","醒华","正报","1948","第3卷 第4期","25","香港"
"实践与创作","默涵","正报","1948","第2卷 第28期","26-27","香港"
"美苏换文及其发展","舒翰","正报","1948","第2卷 第41期","9-11","香港"
"广东之窗:抓丁与人荒","正报","1948","第2卷 第41期","16",NA,"香港"
"广东之窗:粤路工程停顿","正报","1948","第3卷 第6期","28",NA,"香港"
"介绍我们的一点学习方法","小群","正报","1948","第3卷 第9期","23-25","香港"
"琼崖人民的琼崖:记琼崖解放军大出击","木乃","正报","1948","第2卷 第35期","16-19","香港"
"启事(一)","正报","1948","第3卷 第15期","49",NA,"香港"
"广东之窗:“未能分忧”","正报","1948","第3卷 第14期","13",NA,"香港"
"中国和亚洲:美国人民的朋友，美国反动派的仇敌(新华社社论)","正报","1948","第3卷 第14期","20-22",NA,"香港"
"蒋朝几暮:[画图]","正报","1948","第2卷 第26/27期","36-37",NA,"香港"
"关于战局·土改的二三问题:答林子阳先生问","怀湘 滌新","正报","1948","第2卷 第23期","2-5","香港"
"留给你一只破鞋子:[画图]","米谷","正报","1948","第2卷 第44期","27","香港"
"琼崖战斗小故事:保姆","纪真","正报","1948","第2卷 第26/27期","51-52","香港"
"广东战况综合报导","蓝川","正报","1948","第2卷 第37期","20-23","香港"
"广东一周了望:建设的空炮","正报","1948","第2卷 第42期","2",NA,"香港"
"在工作中健全自己","余非","正报","1948","第2卷 第24期","18-19","香港"
"周未讲古(一):史进和朱武","默寒","正报","1948","第2卷 第47期","30","香港"
"榕树头杂谈:发财梦","陈胜","正报","1948","第2卷 第23期","18-19","香港"
"从瓦解到土崩:从所谓“革新运动”看蒋党的派系斗争","怀湘","正报","1948","第3卷 第6期","4-9","香港"
"广东之窗:由山西到广西","正报","1948","第3卷 第3期","17",NA,"香港"
"高尔基","林栋","正报","1948","第3卷 第11期","24-25","香港"
"早操","萧野","正报","1948","第2卷 第25期","27","香港"
"广东一周了望:潦水在涨","正报","1948","第2卷 第41期","2",NA,"香港"
"广东一周了望:沙鱼涌捷报与香港","正报","1948","第2卷 第49期","2-3",NA,"香港"
"迎接人民的新年","正报","1948","第2卷 第19/20期","3",NA,"香港"
"广东之窗:“总体战”","正报","1948","第2卷 第41期","16",NA,"香港"
"纠正文艺教育的主观偏向","憬之","正报","1948","第2卷 第32期","16-17","香港"
"同学们，决心回农村去吧!","勋勋","正报","1948","第2卷 第24期","13-14","香港"
"台下散记","百乘","正报","1948","第2卷 第43期","28","香港"
"广东之窗:王凤岗的收场","正报","1948","第2卷 第42期","9",NA,"香港"
"广东一周了望:合伙儿犒","正报","1948","第3卷 第12期","3",NA,"香港"
"解放军总部发言人:论宜川大捷与全国解放战争形势","正报","1948","第2卷 第30期","4-5",NA,"香港"
"领导者的工作方法","正报","1948","第3卷 第10期","22-24",NA,"香港"
"堤围用纸扎，水一冲来__夹穿:[画图]","文魁","正报","1948","第2卷 第47期","23","香港"
"小北江捷报(江北通讯)","爱民","正报","1948","第2卷 第30期","26-27","香港"
"广东一周了望:吊膀子","正报","1948","第2卷 第32期","3",NA,"香港"
"广东之窗:逃征实廿六人溺毙","正报","1948","第3卷 第6期","28",NA,"香港"
"如此“保安”:[画图]","米谷","正报","1948","第2卷 第30期","17","香港"
"福斯论坛:展开学习毛泽东文告的热潮","安思","正报","1948","第2卷 第22期","20-21","香港"
"旧寨山的怀念","文兵","正报","1948","第2卷 第49期","27","香港"
"读者继续乐捐基金:加强广东人民战斗的一翼","正报","1948","第2卷 第36期","31",NA,"香港"
"广东之窗:反动的父亲杀死进步的女儿","正报","1948","第2卷 第38期","17",NA,"香港"
"广东之窗:囚徒再骚动","正报","1948","第2卷 第43期","19",NA,"香港"
"东北松江呼兰突点经验","正报","1948","第2卷 第25期","8",NA,"香港"
"中共中央委员会发布:纪念“五一”劳动节口号","正报","1948","第2卷 第38期","4-5",NA,"香港"
"“三年游击战争”读后","荃麟","正报","1948","第3卷 第15期","46-49","香港"
"英国往何处去?(伦敦通讯)(中)","黄作梅","正报","1948","第2卷 第19/20期","48-50","香港"
"广东一周了望:“联防”无计","正报","1948","第3卷 第14期","2-3",NA,"香港"
"杜鲁门连任与其援蒋政策","曼图","正报","1948","第3卷 第15期","8-11","香港"
"美帝的信心动摇了","舒翰","正报","1948","第2卷 第29期","17-19","香港"
"一年来的广州学生运动","张华","正报","1948","第2卷 第21期","13-16","香港"
"新春论粤局","正报","1948","第2卷 第26/27期","2-4",NA,"香港"
"广东之窗:不准乱检","正报","1948","第3卷 第11期","26",NA,"香港"
"新点灯笼歌(谱海丰民歌点灯笼):潮州话","金风","正报","1948","第2卷 第22期","28","香港"
"论宋子文“经建”骗局之败露","桐廬","正报","1948","第2卷 第35期","4-6","香港"
"广东之窗:从“征”到“割”","正报","1948","第2卷 第50期","20",NA,"香港"
"广东一周了望:催征急如火","正报","1948","第2卷 第32期","3",NA,"香港"
"日帝复活与蒋宋(社论)","正报","1948","第2卷 第40期","4-5",NA,"香港"
"进步的尺度","丘陵","正报","1948","第2卷 第19/20期","45","香港"
"论爱护干部与改造干部","张鼎丞","正报","1948","第2卷 第40期","15-17","香港"
"广东之窗:“新兴职业”","正报","1948","第3卷 第1期","12",NA,"香港"
"志新:既发展就要巩因:关于“整顿队伍”问题的笔记","正报","1948","第2卷 第30期","12-13",NA,"香港"
"广东战况综合报导","蓝川","正报","1948","第2卷 第45期","14-17","香港"
"“分肥”图:(原文载七月六日本港大公报陆丰信通)","米谷","正报","1948","第2卷 第49期","22","香港"
"看美蒋如何变法","怀湘","正报","1948","第2卷 第50期","32-38","香港"
"土蒋刘永图在钱坑","萧阳","正报","1948","第2卷 第44期","16-17","香港"
"德国分裂的新阶段","以沛","正报","1948","第2卷 第50期","39-41","香港"
"文艺短论:轻骑队该再出现了","孺子牛","正报","1948","第2卷 第22期","23","香港"
"动员要广泛些","苏李凡","正报","1948","第2卷 第38期","26-27","香港"
"新华社社论:祝五路大捷","正报","1948","第2卷 第50期","29-31",NA,"香港"
"华南人民武装当前行动纲领(东江前线通讯)","罗纯","正报","1948","第3卷 第10期","4-9","香港"
"“后生”苦","叶飘","正报","1948","第2卷 第32期","38","香港"
"广东之窗:学生连坐法","正报","1948","第2卷 第40期","11",NA,"香港"
"广东之窗:自有留人处","正报","1948","第3卷 第1期","12",NA,"香港"
"沉痛的反省","颜孫","正报","1948","第2卷 第25期","22","香港"
"伙食与健康","马兴惠","正报","1948","第3卷 第4期","9-10","香港"
"广东之窗:监税增四十一倍","正报","1948","第3卷 第6期","28",NA,"香港"
"“信银”的故事:土地的故事","莫良","正报","1948","第2卷 第41期","28-30","香港"
"反对慢性病","仲冰","正报","1948","第2卷 第32期","8-10","香港"
"中共中央发言人:评民盟与国民党革命委员会的新纲领","正报","1948","第2卷 第30期","6",NA,"香港"
"关于城乡工作问题","主流","正报","1948","第2卷 第32期","28-29","香港"
"我的意见","琳清","正报","1948","第2卷 第32期","36","香港"
"刘备江南招亲","未名","正报","1948","第3卷 第1期","24-28","香港"
"广东一周了望:丑态百出一周年","正报","1948","第3卷 第10期","12-14",NA,"香港"
"蒋末十遗:蒋经国毕竟斗不赢父朝经济破产的规律","正报","1948","第3卷 第15期","15-16",NA,"香港"
"“人老刀未老”","正报","1948","第2卷 第24期","17",NA,"香港"
"响应“枪杆诗”运动","孺子牛","正报","1948","第2卷 第25期","27","香港"
"福斯论坛:姐妹们，到农村去吧!","蓝玲","正报","1948","第2卷 第26/27期","32-33","香港"
"榕树头杂谈:拆关","陈胜","正报","1948","第2卷 第26/27期","38","香港"
"信箱:群众路线怎样才叫弄通","正报","1948","第2卷 第19/20期","46-47",NA,"香港"
"广东一周了望:路政府腐败残害民命","正报","1948","第3卷 第6期","2-3",NA,"香港"
"广东之窗:好待遇","正报","1948","第2卷 第50期","20",NA,"香港"
"广东时局述评:前所罕见的粮潮","黎展","正报","1948","第2卷 第24期","22","香港"
"粤东人民武装胜利的节日(闽粤边通讯)","刘潜","正报","1948","第3卷 第15期","34","香港"
"广东一周了望:反动军阵脚在动摇","正报","1948","第3卷 第6期","2",NA,"香港"
"活捉王耀武经过","正报","1948","第3卷 第11期","14-15",NA,"香港"
"覆信","正报","1948","第3卷 第11期","17-20",NA,"香港"
"广东之窗:炮艇射杀堤工","正报","1948","第2卷 第42期","9",NA,"香港"
"粤赣边军民庆祝济南大捷","东陂","正报","1948","第3卷 第13期","10-11","香港"
"苗民之歌","余非","正报","1948","第2卷 第22期","24-25","香港"
"三年游击战争:新四军前身奋斗史(5)","野草","正报","1948","第2卷 第50期","8-10","香港"
"反对人吃人!","正报","1948","第2卷 第19/20期","47",NA,"香港"
"三年游击战争(11):新四军前身奋斗史","野草","正报","1948","第3卷 第6期","14-16","香港"
"解放区文讯:赵树理主编“新福斯”东北年画销五十万份","正报","1948","第2卷 第34期","26",NA,"香港"
"咬文嚼字谈春节","宜闲","正报","1948","第2卷 第26/27期","43","香港"
"可怕的“大捷”","亦人","正报","1948","第2卷 第23期","25","香港"
"苏联电影中的艺术与政治:“北朝鲜”和“蒙古人民共和国”观后","方迅","正报","1948","第2卷 第38期","20-21","香港"
"梅埔零讯:领导群众度过节关","正报","1948","第2卷 第49期","10，27",NA,"香港"
"略论人民的军队","崔是田","正报","1948","第2卷 第24期","9-12","香港"
"查整学习中的几点心得","小兵","正报","1948","第2卷 第41期","20-21","香港"
"七月的夜","田风","正报","1948","第3卷 第6期","23","香港"
"小诸葛的“空城计”","坚能","正报","1948","第2卷 第25期","21","香港"
"福斯论坛:农村工作与城市工作，孰轻，孰重?:最光荣的岗位在农村","萧农","正报","1948","第2卷 第30期","18-19","香港"
"华南人民武装:保护工商界利益的实施办法","正报","1948","第3卷 第13期","7",NA,"香港"
"蒋末十遗","正报","1948","第3卷 第13期","16",NA,"香港"
"恭祝新年进步:[画图]","正报","1948","第2卷 第19/20期","1页",NA,"香港"
"广东之窗:海员的愤怒","正报","1948","第2卷 第47期","18",NA,"香港"
"广东之窗:喻英奇买头","正报","1948","第2卷 第47期","18-19",NA,"香港"
"信箱:华侨分不分土地?","正报","1948","第2卷 第21期","11-12",NA,"香港"
"我们一群“白毛女”","媛","正报","1948","第2卷 第21期","18","香港"
"三年游击战争:新四军前身奋斗史","野草","正报","1948","第3卷 第11期","6-9","香港"
"最了不起的一年","马丁","正报","1948","第2卷 第19/20期","39","香港"
"关于“第三条道路”的破产","李岱青","正报","1948","第2卷 第22期","2-6","香港"
"澈底铲除蒋制度","洗涛","正报","1948","第2卷 第19/20期","41","香港"
"编后话:本期黄安思“学习四一讲话与五一口号”，把两个重要文告联系起来，扼要地提出要点","正报","1948","第2卷 第40期","26",NA,"香港"
"一个村调整耕地的经验","滕明","正报","1948","第3卷 第13期","17-19","香港"
"农村办报一年:献给下乡从事宣教工作的朋友们","羊群","正报","1948","第3卷 第13期","18-20","香港"
"艺术工作者到农村去:广州纪念于子三烈士发出的号召","星子","正报","1948","第2卷 第19/20期","26-27","香港"
"编者的话:本刊自七十九期发表关于“农村工作与城市工作孰轻孰重”的讨论文章","正报","1948","第2卷 第32期","30",NA,"香港"
"广东一周了望:风声鹤唳五羊城","正报","1948","第2卷 第34期","2-3",NA,"香港"
"苦难的苗山(土地的故事)","一行","正报","1948","第2卷 第38期","21-22","香港"
"关于白毛女的几点意见","寒连","正报","1948","第2卷 第42期","26-27","香港"
"编者按:“白毛女”的演出，是香港剧坛的一件大事","正报","1948","第2卷 第42期","27",NA,"香港"
"南雄在人民的铁围中(粤北通讯)","火云","正报","1948","第2卷 第22期","10-11","香港"
"悲愤的祭悼(东江游击区杂写)","李叶","正报","1948","第3卷 第12期","23-24","香港"
"整编队伍改造工作:“土改”中的解放区:李卓然检讨西北宣教工作","正报","1948","第2卷 第26/27期","28-29",NA,"香港"
"我也是个人英雄主义者","再明","正报","1948","第2卷 第26/27期","33-34","香港"
"人民看见了自己的力量(台山通讯)","谭雪","正报","1948","第2卷 第26/27期","18-19","香港"
"整编队伍改造工作:“土改”中的解放区:哈尔滨各机关完成整编运动","正报","1948","第2卷 第26/27期","26-27",NA,"香港"
"锦州介绍","正报","1948","第3卷 第12期","7",NA,"香港"
"广东之窗:滇南士绅起义","正报","1948","第3卷 第13期","11",NA,"香港"
"有步骤有计划的削弱封建制度:某同志在某地群众工作干部会议上的讲话","正报","1948","第3卷 第15期","25-29",NA,"香港"
"英国往何处去?(伦敦通讯)(下)","黄作梅","正报","1948","第2卷 第21期","26-28","香港"
"向我的官僚主义开火","林余","正报","1948","第3卷 第12期","20-22","香港"
"广东之窗:演剧养官","正报","1948","第2卷 第41期","15",NA,"香港"
"当心”公正“的言论","琳清","正报","1948","第2卷 第19/20期","41","香港"
"苏联电影艺术的风格:“霓裳新舞”观后","以羣","正报","1948","第2卷 第34期","25-26","香港"
"学运怒潮综合报导","仲云","正报","1948","第2卷 第35期","13","香港"
"领导学习的失败经验","江陵","正报","1948","第2卷 第35期","22-23","香港"
"广东一周了望:“四顾苍茫”","正报","1948","第2卷 第36期","2",NA,"香港"
"试答关于新政协的问题","耐寒","正报","1948","第2卷 第44期","23","香港"
"对党坦白了，心里也愉快了(两广纵队来稿)","白修","正报","1948","第2卷 第45期","6-8","香港"
"儿皇帝安排身后事(上)","火廬","正报","1948","第2卷 第45期","12-13","香港"
"贼杀贼","正报","1948","第3卷 第15期","35",NA,"香港"
"桂北通讯:秦景龙走死路","北隅","正报","1948","第3卷 第12期","18-19","香港"
"蒋府的寒暑表","正报","1948","第3卷 第13期","3",NA,"香港"
"找到一个坚定的方向了","胡弦","正报","1948","第2卷 第19/20期","40","香港"
"广东之窗:四两猪肉","正报","1948","第3卷 第13期","11",NA,"香港"
"蒋军降将群像(解放区前线报导)","醒华","正报","1948","第3卷 第13期","14-15","香港"
"团结自卫自救斗争的新高潮:论最近的学运","胡其亮","正报","1948","第2卷 第35期","11-12","香港"
"广东之窗:砍断指头不当蒋兵","正报","1948","第2卷 第37期","18",NA,"香港"
"真民主与假民主","日光","正报","1948","第2卷 第21期","20","香港"
"伙头叹新年","张文威","正报","1948","第2卷 第26/27期","35","香港"
"石家湾(土地故事)","萍儿","正报","1948","第3卷 第10期","25-26","香港"
"整编队伍改造工作:“土改”中的解放区:买拓夫检讨两年来西北财经工作","正报","1948","第2卷 第26/27期","27-28",NA,"香港"
"“做诗”和“做人”","黄宁婴","正报","1948","第2卷 第26/27期","45","香港"
"一个家庭妇女的话","徐素珍","正报","1948","第2卷 第43期","28","香港"
"不能解除自己的武装","遐客","正报","1948","第2卷 第22期","16-18","香港"
"朋友!你忘记了吗?","怀林","正报","1948","第2卷 第22期","20-21","香港"
"朱总司令电慰吴化文","正报","1948","第3卷 第13期","13",NA,"香港"
"广东之窗:在饿孚群中练兵","正报","1948","第2卷 第37期","17-18",NA,"香港"
"战斗的，真实的:序陈祖武著[四十八天]","荃麟","正报","1948","第2卷 第24期","26-28","香港"
"狗官笑口开，同佢哋开咗个大财源:[画图]","文魁","正报","1948","第2卷 第47期","23","香港"
"天天过新年","郭沬若","正报","1948","第2卷 第26/27期","42","香港"
"怎样来改造自己","黄药眠","正报","1948","第2卷 第26/27期","45-46","香港"
"张光前反蒋演词","正报","1948","第3卷 第15期","35",NA,"香港"
"检查决议的执行程度是布尔塞维克领导的基本方法","常彦卿","正报","1948","第3卷 第15期","43-45","香港"
"怎样做部队教育工作","高歌","正报","1948","第3卷 第14期","11-13","香港"
"翻身诗歌","冯乃超","正报","1948","第2卷 第26/27期","44","香港"
"广东一周了望:王凤岗这个“法宝”","正报","1948","第2卷 第41期","3",NA,"香港"
"有步骤地有分别地消灭封建剥削制度(社论)","正报","1948","第2卷 第41期","4-5",NA,"香港"
"广东一周了望:各江战火熊熊","正报","1948","第2卷 第44期","2-3",NA,"香港"
"加强了广东人民战斗的一翼，办报基金运动突破万元","正报","1948","第2卷 第42期","28",NA,"香港"
"榕树头杂谈","陈胜","正报","1948","第2卷 第22期","19","香港"
"澳门通讯:澳门恶现象","剑夫","正报","1948","第2卷 第21期","17-18","香港"
"广东之窗:一口饭四百元","正报","1948","第2卷 第37期","17",NA,"香港"
"“大地回春”","楼棲","正报","1948","第2卷 第26/27期","47-48","香港"
"福斯论坛:毛泽东文告读后感专辑:信心从这里来","春明","正报","1948","第2卷 第23期","9","香港"
"反扶日反迫害(学运综合报导)","仲冰","正报","1948","第2卷 第41期","12-14","香港"
"肃清享乐主义的思想:记一个小组关于严肃性及原则性的讨论","施君淑","正报","1948","第3卷 第3期","22-24","香港"
"略谈文艺上的宗派主义","友谷","正报","1948","第3卷 第3期","25-26","香港"
"没有眠床的木匠(故事)","若沧","正报","1948","第2卷 第23期","27-28","香港"
"关于暑假工作","胡其亮","正报","1948","第2卷 第47期","24-25","香港"
"黄世仁和穆仁智该不该杀?","黎明","正报","1948","第2卷 第44期","26","香港"
"对“一个共产党员的改造”意见","鲁梧","正报","1948","第2卷 第47期","10-12","香港"
"回农村去的经验谈:从洋秀才变成人民的战斗员","同同","正报","1948","第2卷 第24期","18-19","香港"
"我做妇女工作的反省","菊影","正报","1948","第2卷 第29期","15-16","香港"
"广东一周了望:喻英奇扣留吴履逊","正报","1948","第2卷 第49期","3",NA,"香港"
"广东之窗:“君嵩不睡觉”","正报","1948","第2卷 第49期","15",NA,"香港"
"大妹和她的姐妹们:上海申新九厂女工的生活","艾群","正报","1948","第2卷 第28期","25","香港"
"榕树头杂谈:据新华社电讯:二月十三日蒋军在沈阳北面石佛寺作战时","正报","1948","第2卷 第28期","24",NA,"香港"
"文艺与自由","默涵","正报","1948","第3卷 第1期","24-27","香港"
"榕树头杂谈","陈胜","正报","1948","第2卷 第25期","24","香港"
"社论:纪念“八一”与整军","正报","1948","第2卷 第50期","4-7",NA,"香港"
"生活报告:苦难中的船坞工人","小张","正报","1948","第2卷 第29期","26","香港"
"齐来反包工(龙舟)","佚名","正报","1948","第2卷 第29期","28","香港"
"关于“方言文艺的创作实践”","姚理","正报","1948","第2卷 第43期","24-27","香港"
"广东一周了望:看南宋“老爷”那里逃","正报","1948","第3卷 第9期","2",NA,"香港"
"人民武装保护侨眷(台山通讯)","林莾","正报","1948","第3卷 第6期","10-11","香港"
"中原局指示宣传工作","正报","1948","第3卷 第9期","12-14",NA,"香港"
"来函照登","正报","1948","第3卷 第10期","14",NA,"香港"
"广东之窗:未打先移营","正报","1948","第3卷 第11期","26",NA,"香港"
"“三年游击战争”后记","野草","正报","1948","第3卷 第12期","12-13","香港"
"广东一周了望:广州的悲惨面","正报","1948","第2卷 第30期","3",NA,"香港"
"春节断想","方遠","正报","1948","第2卷 第26/27期","48-49","香港"
"注意“小错误”","饶燄","正报","1948","第2卷 第50期","44-46","香港"
"瓦尔瓦娜，我们的老师!:“乡村教师”观后","杨念冰","正报","1948","第3卷 第10期","28","香港"
"保卫马克思主义党的组织原则","格黎高里 长风","正报","1948","第3卷 第3期","20-22","香港"
"广东一周了望:汕尾市民抢米求生","正报","1948","第3卷 第4期","2-3",NA,"香港"
"大南山人民打胜仗:粉碎敌五路“围剿” (韩江通讯)","文南","正报","1948","第2卷 第34期","10","香港"
"向青年工作者推荐一本好书","李芝","正报","1948","第2卷 第50期","50-51","香港"
"广东一周了望:税吏酝酿反裁员","正报","1948","第3卷 第1期","3",NA,"香港"
"广东之窗:“兵壳”","正报","1948","第3卷 第1期","12",NA,"香港"
"一年来的战局发展","舒翰","正报","1948","第3卷 第1期","19-23","香港"
"广东一周了望:“鬼叫咁嘈”的经建","正报","1948","第3卷 第3期","2-3",NA,"香港"
"广东之窗:不管你农忙","正报","1948","第2卷 第44期","16",NA,"香港"
"广东之窗:县长记过","正报","1948","第3卷 第1期","12",NA,"香港"
"三年游击战争(15):新四军前身奋斗史","野草","正报","1948","第3卷 第10期","18-21","香港"
"蒋未十遗","正报","1948","第3卷 第11期","27",NA,"香港"
"信箱:且看“今日的福建省”:纠正”今日的福建省“歪曲事实的报导","正报","1948","第2卷 第22期","16-18",NA,"香港"
"破丑闻:我是怎样准备到农村去的?","李务农","正报","1948","第2卷 第23期","13-15","香港"
"护乡团又打胜仗:土蒋军接连反正(东江通讯)","昔思","正报","1948","第2卷 第47期","18-19","香港"
"兵农一家:[画图]","米谷","正报","1948","第3卷 第3期","1页","香港"
"迎接春天","適夷","正报","1948","第2卷 第26/27期","44","香港"
"女工习作:生活小记","苇","正报","1948","第2卷 第32期","38","香港"
"广东一周了望:广州物价对金圆劵宣战","正报","1948","第3卷 第4期","2",NA,"香港"
"呢次新年","欧文","正报","1948","第2卷 第19/20期","37","香港"
"闽粤赣边人民游击纵队:宣布十大行动纲领","正报","1948","第3卷 第13期","8-9",NA,"香港"
"琼崖战斗小故事:新年","正报","1948","第2卷 第26/27期","52",NA,"香港"
"广东之窗:“真是无办法得很!”","正报","1948","第2卷 第49期","15",NA,"香港"
"广东之窗:受港币统治","正报","1948","第2卷 第49期","15",NA,"香港"
"我真心投降了无产阶级","天长","正报","1948","第2卷 第29期","7-14","香港"
"广东之窗","正报","1948","第2卷 第36期","21",NA,"香港"
"粤北人民在翻身","三弟","正报","1948","第2卷 第44期","12-14","香港"
"南共领导机关的错误","舒翰","正报","1948","第2卷 第49期","4-6","香港"
"实在的故事:人民的好闺女徐茂红","新华","正报","1948","第2卷 第32期","19","香港"
"掌握正确路线、澈底消灭封建:读毛主席“四一”讲话并检查自己的学习","黄安思","正报","1948","第2卷 第41期","16-21","香港"
"论春战场","舒翰","正报","1948","第2卷 第32期","4-7","香港"
"对一本书的抗议","正报","1948","第2卷 第42期","12-13",NA,"香港"
"从柏林问题谈到联合国大会:讨论国际问题的一封信","铁生","正报","1948","第3卷 第12期","8-11","香港"
"春耕·生产·救蒋灾:救放区报导","小云","正报","1948","第2卷 第36期","11-13","香港"
"“沙田”的内幕","为之","正报","1948","第2卷 第36期","16-20","香港"
"在三条战线上破裂:论蒋党蒋军的内部斗争","怀湘","正报","1948","第3卷 第15期","12-16","香港"
"护乡团四战四捷(东江通讯)","昔思","正报","1948","第2卷 第43期","14-15","香港"
"反攻形势:诗歌","陈毅","正报","1948","第2卷 第19/20期","17","香港"
"广东一周了望:忍痛挨打不做声","正报","1948","第3卷 第1期","2",NA,"香港"
"旧中国在灭亡新中国在前进(新华社社论)","正报","1948","第2卷 第41期","6-8",NA,"香港"
"南海人民不是羔羊(佛山通讯)","冯屏","正报","1948","第2卷 第42期","20-21","香港"
"发挥自我批评的精神","周田木","正报","1948","第2卷 第23期","27-28","香港"
"广东之窗:宋后炮","正报","1948","第3卷 第11期","26",NA,"香港"
"陈涉忘本","陈柔","正报","1948","第3卷 第3期","26-27","香港"
"解放军整军练兵工作","醒华","正报","1948","第3卷 第14期","14-17","香港"
"澈底搞清问题","蓝玲","正报","1948","第2卷 第32期","32-34","香港"
"要加强这两项工作","李同","正报","1948","第2卷 第38期","27","香港"
"广东之窗:“上山联保”","正报","1948","第2卷 第40期","12",NA,"香港"
"东江通讯:东江上游的土改斗争","羊群","正报","1948","第2卷 第34期","8-9","香港"
"伪自由主义的美制过程","怀湘","正报","1948","第2卷 第35期","7-10","香港"
"广东一周了望:公务员的骚动","正报","1948","第2卷 第37期","2",NA,"香港"
"农村工作与城市工作同等重要吗?","金木","正报","1948","第2卷 第30期","20","香港"
"方言文艺创作实践的几个问题","孺子牛","正报","1948","第2卷 第42期","23-25","香港"
"广东之窗:“救官特捐”","正报","1948","第3卷 第3期","17",NA,"香港"
"“春风秋雨”评介:读“虾球传”第一部","冯乃超","正报","1948","第2卷 第35期","20-21","香港"
"“站在可诅咒的地方击退可诅咒的时代”","正报","1948","第2卷 第35期","24",NA,"香港"
"怎样才算是一个时代的学者","村夫","正报","1948","第2卷 第35期","28","香港"
"西北解放区军政代表祭黄陵文:特载","正报","1948","第2卷 第34期","18",NA,"香港"
"广东一周了望:蚂蚁走动图","正报","1948","第2卷 第36期","2-3",NA,"香港"
"桂西南人民的战斗","柳华","正报","1948","第2卷 第36期","6-10","香港"
"从自已的束缚中解放出来!","张清","正报","1948","第2卷 第36期","14-15","香港"
"福斯论坛:五月征文","正报","1948","第2卷 第36期","25",NA,"香港"
"福斯论坛:两周来继续收到关于城乡工作孰轻孰重问题的稿件__篇，足见读者对此问题的重视，惟因篇幅限制，祇能将各文意见摘要刊载","正报","1948","第2卷 第35期","25",NA,"香港"
"广东一周了望:征兵司令何苦来","正报","1948","第2卷 第37期","3",NA,"香港"
"广东之窗:地方公务员反饥饿","正报","1948","第2卷 第37期","19",NA,"香港"
"广东之窗:“蜜蜂”不吃“蜜糖”","正报","1948","第2卷 第49期","15",NA,"香港"
"余德谋的改造:本文为两广纵队武装人员寄来的，是作者在整风运动中亲历的事实回忆","春林","正报","1948","第2卷 第38期","11-12","香港"
"占梅林人民逞威减租息群情兴奋(潮汕通讯)","舜风","正报","1948","第2卷 第23期","20-21","香港"
"信箱:“快点返来帮手”","正报","1948","第2卷 第24期","16",NA,"香港"
"“怎么能够可怜他们”(读书随笔)","文华","正报","1948","第2卷 第23期","18-19","香港"
"颜孙:虎穴巡礼记:“地主的故事”的一点补充","正报","1948","第2卷 第23期","16-17",NA,"香港"
"孙中山致苏联的遗书","正报","1948","第3卷 第15期","6-7",NA,"香港"
"广东一周了望:胡长青吹破了牛皮","正报","1948","第2卷 第44期","2",NA,"香港"
"关于“群众路线”的几件事(信箱)","正报","1948","第3卷 第15期","40-42",NA,"香港"
"东北日报:平分土地运动中的几个问题","正报","1948","第2卷 第25期","10-11",NA,"香港"
"广东之窗:饿死新兵喂狗","正报","1948","第2卷 第47期","19",NA,"香港"
"广东一周了望:财粮两困","正报","1948","第2卷 第28期","2-3",NA,"香港"
"悲剧时代快结束了:评“一江春水向东流”","黄安思","正报","1948","第2卷 第23期","22-26","香港"
"扒钱要手快，立即开会把钱捐:[画图]","文魁","正报","1948","第2卷 第47期","23","香港"
"创建集体主义的私人经济观点:附图","林英","正报","1948","第2卷 第38期","12-13","香港"
"烟沙吞去我们的生命","秋雨","正报","1948","第2卷 第49期","24-25","香港"
"查比之歌(客家话)","漫地","正报","1948","第2卷 第49期","25","香港"
"广东一周了望:是谁的捷报呢?","正报","1948","第2卷 第29期","2",NA,"香港"
"“护全献金”运动的经验","孔山","正报","1948","第2卷 第38期","23-25","香港"
"三年游击战争:新四军前身奋斗史","野草","正报","1948","第2卷 第49期","12-14","香港"
"从乌鸦看人民的春天","秦似","正报","1948","第2卷 第26/27期","49","香港"
"拿起锄头挖蒋根","芦荻 陆素","正报","1948","第2卷 第28期","28","香港"
"扫射救堤工，老宋出动大兵船:[画图]","文魁","正报","1948","第2卷 第47期","23","香港"
"广东之窗:飓风所阻","正报","1948","第2卷 第50期","20",NA,"香港"
"这儿也有斗争!","琳清","正报","1948","第2卷 第29期","22-23","香港"
"广东一周了望:又一个更漂亮的胜仗","正报","1948","第2卷 第50期","2-3",NA,"香港"
"广东一周了望:新会县属两乡大械斗","正报","1948","第2卷 第50期","3",NA,"香港"
"文化工作上有“第三条路”吗?","杨华","正报","1948","第2卷 第29期","25","香港"
"广东一周了望:东韩江告急","正报","1948","第2卷 第30期","2",NA,"香港"
"我以为是同样重要的","之之","正报","1948","第2卷 第30期","22","香港"
"读“时代批评”社论有感","子立","正报","1948","第2卷 第30期","23","香港"
"喻英奇开始食亏(潮汕通讯)","以华","正报","1948","第2卷 第30期","24-25","香港"
"延安巡礼","林间","正报","1946","第17期","6-7","香港"
"从忧时自杀谈起","黄安思","正报","1946","第15期","14-16","香港"
"朱总司令寿诞在延安:自卫前线以战斗胜利来祝寿:朱总司令要亲见独裁者垮台","正报","1946","第17期","10",NA,"香港"
"被摈弃的一千七百个","江风","正报","1946","第14期","14-15","香港"
"解放区走向“耕者有其田”","云志坚","正报","1946","第14期","7-9","香港"
"内战碰壁后的新酝酿(十日时事纵横谈)","李超","正报","1946","新 第3期","1-18","香港"
"时评:菲图占我团沙群岛","崔明","正报","1946","第13期","10","香港"
"时评:郭逆判处死刑","方敏","正报","1946","新 第3期","6-7","香港"
"失业侨胞回乡问题","方敏","正报","1946","第13期","10-11","香港"
"陈瑾昆教授:在晋绥边区各界响应“美军撤出中国运动”大会的演讲","正报","1946","第12期","14-15",NA,"香港"
"中共发言人:评艾其森的声明","正报","1946","新 第1期","4-5",NA,"香港"
"胜利的道路随着时间而缩短了:除夕献辞","正报","1946","第20期","2",NA,"香港"
"中共中央党校:学习党章的经验","正报","1946","新 第9期","30-31",NA,"香港"
"时评:如此民意代表","正报","1946","新 第9期","13",NA,"香港"
"粟裕将军","蓋斯勋","正报","1946","第13期","8-9","香港"
"从逃兵口中看蒋军战斗力","平川","正报","1946","新 第6期","12-13","香港"
"特务恐怖笼罩着昆明","许述之","正报","1946","新 第3期","22","香港"
"壮丁避役逃港","张睦","正报","1946","第20期","8-9","香港"
"蒋军第三师的覆灭","丁曼","正报","1946","新 第8期","15-16","香港"
"弥漫着恐怖(十一月廿至廿六日)","项康","正报","1946","第16期","13","香港"
"谈倾向斗争:献给人民团体之四","星星","正报","1946","第13期","16-17","香港"
"八路军的仪仗队，向广东的弟兄致欢迎的敬礼:[照片]","正报","1946","第18期","1页",NA,"香港"
"做什么，学什么?","周章","正报","1946","第16期","17","香港"
"曾生司令太兴奋了，从舰上爬下去，先行登岸和欢迎者会面:[照片]","正报","1946","第17期","1页",NA,"香港"
"中国四大家族(名著连载)","陈伯达","正报","1946","第17期","3-7","香港"
"美国制造中国内战:美国装备和训练了多少蒋军?","正报","1946","第12期","14",NA,"香港"
"东北农村风景线","葛礍","正报","1946","新 第8期","13","香港"
"烟台人民心头上开花:欢迎慰问东江纵队的热潮","正报","1946","新 第5期","6-7",NA,"香港"
"满洲山水人物(续)","周而复","正报","1946","新 第6期","15","香港"
"谁在分裂中国?","蒲特","正报","1946","新 第6期","6-7","香港"
"论新的人生观(下)","黄安思","正报","1946","新 第5期","18-19，10","香港"
"吴铁城的“顶好”与左舜生的“风俗习惯”","俞同","正报","1946","新 第9期","26-27","香港"
"这是什么样的“道德”","方敏","正报","1946","第11期","6","香港"
"延安各界响应美军退出中国运动大会通电","正报","1946","新 第10期","17",NA,"香港"
"接近全面破裂的关口","崔嵬","正报","1946","新 第9期","14-15","香港"
"谈预见:献给人民团体之二","星星","正报","1946","新 第7期","16-17","香港"
"中共发言人谈话:反对剩余物资让售","正报","1946","新 第6期","10",NA,"香港"
"纪念中国人民的伟大的民主战士:人民的运动是阻不住的:论李公朴先生殉难","正报","1946","新 第1期","10-11",NA,"香港"
"保安队的“赫赫战功”","风亭","正报","1946","第12期","6","香港"
"军舰缓缓地靠岸了:[照片]","正报","1946","第17期","1页",NA,"香港"
"反对卖国商约:中美新商约集评","俞同","正报","1946","第16期","7-9","香港"
"学习朱总司令","徐特立","正报","1946","新 第6期","16，18","香港"
"“挨打”真相(二)","文安","正报","1946","新 第4期","12","香港"
"“不得要领”","莫思","正报","1946","新 第4期","8","香港"
"社论:内战形势开始在转变","正报","1946","第18期","2-3",NA,"香港"
"英商业访华团行将归去","张睦","正报","1946","第17期","15","香港"
"悼念公朴·一多","萨空了","正报","1946","新 第1期","11-12","香港"
"胜利以来的一年间","饶燄","正报","1946","新 第3期","8-10","香港"
"如臬前线","正报","1946","新 第6期","14-15",NA,"香港"
"张家口准备迎接战斗","罗夫","正报","1946","新 第9期","21","香港"
"我这十年间","方曦","正报","1948","第2卷 第32期","11-15","香港"
"榕树头杂谈:陈棺大会","陈胜","正报","1948","第2卷 第32期","37","香港"
"留在城市呢，还是回农村去?","南进","正报","1948","第2卷 第32期","31-33","香港"
"美帝与世界人民之间","舒翰","正报","1948","第2卷 第47期","4-7","香港"
"解放区学习动态","正报","1948","第3卷 第11期","21-23",NA,"香港"
"福斯论坛:民主党派应否再来一次新协商","冯民","正报","1948","第2卷 第21期","19","香港"
"广东之窗:县参会抗拒抓丁","正报","1948","第2卷 第45期","19",NA,"香港"
"城市生活与工作的标准","黄安思","正报","1948","第2卷 第28期","13-15","香港"
"潮汕通讯:凤凰墟人民分赋谷","坚群","正报","1948","第2卷 第26/27期","17","香港"
"我也来谈谈到农村去的思想","江陵","正报","1948","第2卷 第19/20期","27-29","香港"
"广西象县姚有章(土地的故事)","黎昆","正报","1948","第2卷 第44期","26","香港"
"广东之窗:涨风吹倒了局长","正报","1948","第2卷 第49期","15",NA,"香港"
"广东之窗:济匪","正报","1948","第2卷 第50期","20",NA,"香港"
"团结农民的一点经验","犂青","正报","1948","第2卷 第23期","14-15","香港"
"人民艺术的胜利:祝“白毛女”的演出成功","孺子牛","正报","1948","第2卷 第45期","23-25","香港"
"面向着祖国:一年来的香港青年学生运动","方敏","正报","1948","第2卷 第19/20期","24-25","香港"
"方言问题论争总结","冯乃超 荃麟","正报","1948","第2卷 第19/20期","30-35","香港"
"成立堤工会，大官汽车__转转:[画图]","文魁","正报","1948","第2卷 第47期","23","香港"
"吴化文将军起义通电","正报","1948","第3卷 第13期","12-13",NA,"香港"
"祝“白毛女”的演出","默涵","正报","1948","第2卷 第41期","26-27","香港"
"广东一周了望:两个袭击","正报","1948","第2卷 第40期","2",NA,"香港"
"福斯论譠:读“这些问题也得搞清”以后","约疑","正报","1948","第2卷 第32期","26-27","香港"
"三年游击战争:新四军前身奋斗史","野草","正报","1948","第2卷 第47期","8-9，7","香港"
"宋灾下的水灾(综合报导)","玉堯","正报","1948","第2卷 第47期","20-22","香港"
"谈做文章","夏衍","正报","1948","第2卷 第37期","24-25","香港"
"关于“知己知彼”","兆东","正报","1948","第2卷 第23期","12","香港"
"论广东经济的特点","许涤新","正报","1948","第3卷 第1期","13-15","香港"
"自我检讨:关于“一个共产党员的改造”的编写","江陵","正报","1948","第2卷 第47期","13-17","香港"
"梅埔零讯:粤东军政干部学校开学","正报","1948","第2卷 第49期","10",NA,"香港"
"广东一周了望:要人民的命","正报","1948","第2卷 第34期","2",NA,"香港"
"广东一周了望:反动派在发抖","正报","1948","第2卷 第37期","2-3",NA,"香港"
"关于下乡问题答张泯先生","正报","1948","第2卷 第40期","18-21",NA,"香港"
"东北局指示:开展党报通讯工作","正报","1948","第3卷 第9期","13-14",NA,"香港"
"我们体难了批评武器的伟大力量:记一个团体的检讨会议","施君淑","正报","1948","第2卷 第43期","16-18","香港"
"给丘陵先生的信","余非","正报","1948","第2卷 第22期","22","香港"
"乡下佬唱龙舟(乞儿喉)","石余","正报","1948","第2卷 第22期","26-27","香港"
"一个观众的观后什感","王岌可","正报","1948","第2卷 第43期","26-27","香港"
"连县人民抗征起义(北江通讯)","谷梓","正报","1948","第2卷 第26/27期","14-15","香港"
"为土地而战:解放军的土改教育","小云","正报","1948","第2卷 第26/27期","22-25","香港"
"广东之窗:忌黑","正报","1948","第3卷 第4期","28",NA,"香港"
"康泽被俘记","正报","1948","第3卷 第11期","14-15",NA,"香港"
"清远人民武装斗争的一年:北江通讯","高山","正报","1948","第2卷 第26/27期","12-13","香港"
"广东之窗:“抓”及官绅","正报","1948","第3卷 第10期","15",NA,"香港"
"青年的魂灵挺立起来了:一年来的青年学生运动:青年的魂灵屹立在我眼前，他们已经粗暴了，或者将要粗暴了","胡其亮","正报","1948","第2卷 第19/20期","21-24","香港"
"榕树头杂谈","陈胜","正报","1948","第2卷 第21期","14-15","香港"
"广东一周了望:广州市路尸累累","正报","1948","第3卷 第1期","2-3",NA,"香港"
"中共中原中央局颁布:减租减息纲领","正报","1948","第3卷 第11期","4-5",NA,"香港"
"广东之窗:米少工潮多","正报","1948","第2卷 第43期","19",NA,"香港"
"广东之窗:不走也是“附匪”","正报","1948","第2卷 第45期","19",NA,"香港"
"福斯论坛:反省和检讨工作的一些经验","周果","正报","1948","第2卷 第47期","26-27","香港"
"五更鼓(客家山歌)","澄培","正报","1948","第2卷 第37期","27","香港"
"朋友，这并不是释放(学运通讯)","公刘","正报","1948","第3卷 第4期","14-15","香港"
"广东之窗:黄皮美军失威","正报","1948","第2卷 第44期","15",NA,"香港"
"人民的队伍是广大强壮","铁生","正报","1948","第2卷 第25期","15-18","香港"
"粤局述评:敌人呼救无门","千山","正报","1948","第2卷 第50期","15-16","香港"
"广东一周了望:宋子文南返","正报","1948","第2卷 第30期","2-3",NA,"香港"
"广东之窗:消极的死","正报","1948","第3卷 第13期","11",NA,"香港"
"中共中央发言人:痛斥杜鲁门援蒋内战计划","正报","1948","第2卷 第28期","4-5",NA,"香港"
"广东之窗:沙田大械斗将开幕","正报","1948","第2卷 第47期","19",NA,"香港"
"三年游击战争(14):新四军前身奋斗史","野草","正报","1948","第3卷 第9期","15-17","香港"
"解放军的城市纪律:天主教徒赞扬解放军","醒华","正报","1948","第3卷 第15期","20-21","香港"
"广东之窗:由“换”到“填”","正报","1948","第2卷 第44期","17",NA,"香港"
"中共中央关于一九四八年土地改革工作和整党工作的指示(一九四八年五月廿五日)","正报","1948","第2卷 第42期","3-5",NA,"香港"
"福斯论坛:一群中学教师的话","正报","1948","第2卷 第45期","20-21",NA,"香港"
"看了丰功伟绩之后","茨薇","正报","1948","第2卷 第32期","17","香港"
"迎接新春","以羣","正报","1948","第2卷 第26/27期","50","香港"
"拿原则精神来代替个人主义:二种文件读后感","曙英","正报","1948","第2卷 第49期","20-21","香港"
"广东一周了望:狼来了!","正报","1948","第2卷 第32期","2",NA,"香港"
"广东之窗:曾举直“直言”","正报","1948","第2卷 第45期","19",NA,"香港"
"广东之窗:戡乱戡及绅士","正报","1948","第2卷 第44期","16",NA,"香港"
"是官皆匪:[画图]","米谷","正报","1948","第2卷 第45期","27","香港"
"查整工作使我们迈进了一步","菊影","正报","1948","第2卷 第49期","16-18","香港"
"广东之窗:又是“集体”越狱","正报","1948","第3卷 第9期","28",NA,"香港"
"征求答案","正报","1948","第2卷 第42期","13",NA,"香港"
"做群众模范","仲冰","正报","1948","第2卷 第50期","42-46","香港"
"整军经验:我们的诉苦运动(潮汕通讯)","贝德忠","正报","1948","第3卷 第3期","13-16","香港"
"肃清客里空作风","郭群","正报","1948","第2卷 第40期","26","香港"
"广东之窗:奥民争肉","正报","1948","第3卷 第14期","13",NA,"香港"
"广东水灾可虑(结合报导)","玉堯","正报","1948","第2卷 第42期","16-17","香港"
"解放区农民参军热潮","小云","正报","1948","第2卷 第24期","5-7","香港"
"广东一周了望:飞京回来空话壮胆","正报","1948","第3卷 第3期","2",NA,"香港"
"广东一周了望:金圆劵大跌价","正报","1948","第3卷 第11期","2",NA,"香港"
"论秋季大攻势","舒翰","正报","1948","第3卷 第9期","4-7","香港"
"朱总司令近作","正报","1948","第3卷 第9期","17",NA,"香港"
"广东一周了望:涨风又在狂吹","正报","1948","第2卷 第28期","3",NA,"香港"
"休刊词:告别读者","正报","1948","第3卷 第15期","50-58",NA,"香港"
"鍜鋉思想鍜鋉生活","禾子","正报","1948","第2卷 第25期","22-23","香港"
"广东之窗:粤路真相","正报","1948","第2卷 第43期","19",NA,"香港"
"土地的故事:“我要一支新机关枪”","邵阳","正报","1948","第2卷 第36期","26-27","香港"
"整顿农会的一点经验","明秋","正报","1948","第3卷 第14期","9-10","香港"
"广东一周了望:“县政改革”走下坡路","正报","1948","第2卷 第43期","3",NA,"香港"
"瓦尔华娜和陶端予","羊群","正报","1948","第3卷 第12期","27","香港"
"广东之窗:“袁头”流行","正报","1948","第3卷 第3期","17",NA,"香港"
"鲁迅杂文不可学吗?","黄安思","正报","1948","第2卷 第38期","18-19","香港"
"新年献词","向阳","正报","1948","第2卷 第19/20期","38","香港"
"南区财主苏志英(土地的故事)","李苏凡","正报","1948","第2卷 第47期","28-29","香港"
"庄严誓愿的履践","翁婉英","正报","1948","第2卷 第24期","15-17","香港"
"广东之窗:“王大夫”南来","正报","1948","第2卷 第41期","15-16",NA,"香港"
"广东一周了望:徐东来破私囊","正报","1948","第3卷 第4期","3",NA,"香港"
"光荣归于你们","李叶","正报","1948","第3卷 第12期","25","香港"
"社论:欢迎工商业家同人民合作!","正报","1948","第3卷 第13期","4-6",NA,"香港"
"答暹罗明英等五十余位同学","正报","1948","第2卷 第44期","24-25",NA,"香港"
"广东之窗:行宪是“行刑”","正报","1948","第2卷 第47期","19",NA,"香港"
"广东之窗:“为数尚少”","正报","1948","第2卷 第49期","15",NA,"香港"
"教我们认识劳动人员:看“政府委员”后","黄安思","正报","1948","第2卷 第37期","26-27","香港"
"考验","瑞","正报","1948","第2卷 第35期","26","香港"
"广东一周了望:宋子文求救去了","正报","1948","第2卷 第28期","2",NA,"香港"
"把武器带到农村去","方遠","正报","1948","第2卷 第19/20期","38-39","香港"
"广东之窗:“祇有想想”","正报","1948","第3卷 第11期","26",NA,"香港"
"广东之窗:又一个梁华盛","正报","1948","第3卷 第6期","28",NA,"香港"
"我们这样对待蒋俘(西江通讯)","盧如晦","正报","1948","第2卷 第32期","9-10","香港"
"毛主席朱总司令电贺:十月革命节","正报","1948","第3卷 第15期","7",NA,"香港"
"端午节","冷娟","正报","1948","第2卷 第49期","24-25","香港"
"学习“四一”讲话和“五一”口号","黄安思","正报","1948","第2卷 第40期","8-10","香港"
"信箱:“忙煞了”怎么办?","正报","1948","第2卷 第36期","22-25",NA,"香港"
"从延安看全局(战局一月)","舒翰","正报","1948","第2卷 第37期","13-16","香港"
"广东一周了望:三个边区指挥部的成立","正报","1948","第2卷 第29期","3",NA,"香港"
"试再挖掘自己的思想病根","天长","正报","1948","第2卷 第44期","18-21","香港"
"殉葬呢?还是做先锋?:读了丘陵君的“进步的尺度”后","安思","正报","1948","第2卷 第21期","20-21","香港"
"我们查出了客里空","桐廬","正报","1948","第2卷 第30期","14-15","香港"
"毛主席电贺吴化文","正报","1948","第3卷 第13期","12-13",NA,"香港"
"刘伯承将军二三事","田丁","正报","1948","第3卷 第4期","22-23","香港"
"广东一周了望:布辰岭大捷","正报","1948","第3卷 第11期","2-3",NA,"香港"
"广东一周了望:大水灾在开始","正报","1948","第2卷 第45期","2",NA,"香港"
"银江乡救荒工作的经验(粤东通讯)","罗春","正报","1948","第2卷 第49期","11","香港"
"广东之窗:红岗劫车案","正报","1948","第3卷 第15期","33",NA,"香港"
"一袋血腥钱飞机送到美利坚:[画图]","文魁","正报","1948","第2卷 第47期","23","香港"
"文艺学习上的一个问题","默涵","正报","1948","第2卷 第34期","23-24","香港"
"这还须怀疑吗?","君慧","正报","1948","第2卷 第23期","11","香港"
"广东一周了望:伪省参会又开场","正报","1948","第2卷 第45期","3",NA,"香港"
"潮汕游击区一月行","朝晖","正报","1948","第2卷 第49期","7-10","香港"
"广东一周了望:县政一团糟","正报","1948","第2卷 第41期","3",NA,"香港"
"解放了开封(战局一月)","舒翰","正报","1948","第2卷 第45期","9-11，28","香港"
"怎样和老百姓接近","谭克力","正报","1948","第2卷 第26/27期","34","香港"
"广东一周了望:宋子文有一天插翼不能高飞","正报","1948","第3卷 第15期","2-3",NA,"香港"
"广东之窗:还要更“古怪”些","正报","1948","第2卷 第37期","18",NA,"香港"
"广东一周了望:末日的残喘","正报","1948","第2卷 第40期","3",NA,"香港"
"给自由主义者","力扬","正报","1948","第2卷 第32期","18","香港"
"广东之窗:“勤俭”的丑声","正报","1948","第3卷 第9期","28",NA,"香港"
"刷新青学运的队伍:附图","胡其亮","正报","1948","第2卷 第28期","18-21","香港"
"信箱:土改后农村里的阶级与革命的转变问题","正报","1948","第2卷 第21期","9-11",NA,"香港"
"广东一周了望:又一个保警团长完蛋","正报","1948","第2卷 第43期","1-2",NA,"香港"
"广东之窗:六月抓风紧","正报","1948","第2卷 第43期","19",NA,"香港"
"问君能有几多愁?:介绍“一江春水向东流”","文俞","正报","1948","第2卷 第22期","26-27","香港"
"广东之窗:与黄白共存亡","正报","1948","第3卷 第15期","33",NA,"香港"
"海外侨胞的赤心:把对祖国解放的热望寄托于中国共产党人","正报","1948","第2卷 第40期","27",NA,"香港"
"榕树头杂谈:蒋选大观","陈胜","正报","1948","第2卷 第34期","27-28","香港"
"广东一周了望:大兴土木?","正报","1948","第2卷 第32期","2-3",NA,"香港"
"新春第一事","华嘉","正报","1948","第2卷 第26/27期","50","香港"
"论新民主主义经济的性质","许滌新","正报","1948","第2卷 第25期","2-7","香港"
"新高鹤人民部队发言人:指斥蒋宋阴谋出卖新宁铁路断送华侨权益","正报","1948","第3卷 第6期","12",NA,"香港"
"我领悟了革命统一战线的真理","阡人","正报","1948","第2卷 第23期","10-11","香港"
"回忆在农村中的一些日子","蓝玲","正报","1948","第2卷 第45期","20-21","香港"
"来一次洗刷运动","周达","正报","1948","第2卷 第26/27期","46-47","香港"
"真诚才能接近群众","一行","正报","1948","第3卷 第4期","21","香港"
"福斯论坛:毛泽东思想鼓舞了我","马克辛","正报","1948","第2卷 第49期","19","香港"
"一死万生","于君","正报","1948","第2卷 第23期","21","香港"
"春天的设计","夏衍","正报","1948","第2卷 第26/27期","43","香港"
"反动派三光政策下的怀南(西江通讯)","冬冬","正报","1948","第3卷 第10期","15-17","香港"
"农村第一，面向农村:“城市工作与农村工作孰轻孰重”讨论总结","黄安思","正报","1948","第2卷 第32期","20-25","香港"
"替农民撑腰，斗争才发动得起","恨填","正报","1948","第2卷 第25期","12-14","香港"
"和宋子文打政治仗(社论)","正报","1948","第3卷 第10期","2-3",NA,"香港"
"(潮洲话方言诗)老四叹","春草","正报","1948","第2卷 第21期","25","香港"
"五四运动的历史地位","胡绳","正报","1948","第2卷 第37期","9-12","香港"
"打击敌人进攻的阴谋(东江通讯)","昔思","正报","1948","第2卷 第50期","26-28","香港"
"广东一周了望:邻省也是一片汪洋","正报","1948","第2卷 第45期","2",NA,"香港"
"广东之窗:吃不到湖南米","正报","1948","第3卷 第15期","33",NA,"香港"
"这是悔改的时候了!:看苏联电影“侵略”后的感想","冯民","正报","1948","第2卷 第45期","22","香港"
"抗战的一幕","张泯","正报","1948","第2卷 第45期","18","香港"
"广东一周了望:春荒已露出可布的面目","正报","1948","第2卷 第29期","2-3",NA,"香港"
"悼王怀勋同志","叶秋","正报","1948","第2卷 第38期","9-10","香港"
"信箱:如何改造情感(覆信)","正报","1948","第3卷 第4期","16-17",NA,"香港"
"邓海魁的故事(土地的故事)","张蔷","正报","1948","第2卷 第40期","22-25","香港"
"送走了旧年我就落乡","马大昕","正报","1948","第2卷 第19/20期","39","香港"
"广东之窗:蒋警替游击队守布告","正报","1948","第2卷 第37期","19",NA,"香港"
"攻打大城市(集体游戏)","林朴","正报","1948","第3卷 第10期","27","香港"
"广东之窗:潘宜代替了雷诺","正报","1948","第2卷 第38期","17",NA,"香港"
"潮汕人民武装愈战愈强:韩江通讯","余原","正报","1948","第2卷 第22期","7-9","香港"
"表兄哥","符公望","正报","1948","第2卷 第24期","26-27","香港"
"农村工作与城市工作，孰细孰重?:这个问题必须搞清","百丈","正报","1948","第2卷 第29期","20-22","香港"
"福斯论坛:城市工作怎样做?:工人要靠得更紧","郭芝","正报","1948","第2卷 第38期","26","香港"
"耕田歌(三角洲民谣)","司徒秀丽","正报","1948","第2卷 第45期","26","香港"
"一个“封建堡垒”的突破:韩江通讯","冯宽","正报","1948","第3卷 第4期","12-13","香港"
"奉劝蒋军兄弟们","阿胡","正报","1948","第3卷 第6期","13","香港"
"广东之窗:直升飞机","正报","1948","第3卷 第3期","17",NA,"香港"
"广东之窗:积谷“自卫”去了","正报","1948","第3卷 第9期","28",NA,"香港"
"个人事业与人民事业:来信","正报","1948","第3卷 第11期","16",NA,"香港"
"社论:再论粤局","正报","1948","第2卷 第29期","4-6",NA,"香港"
"宋粤限价政策解冻前后(综合报导)","黄瑛","正报","1948","第3卷 第15期","30-32","香港"
"从大转变到大胜利","乔木","正报","1948","第2卷 第19/20期","11-15","香港"
"地主的故事","容雪","正报","1948","第2卷 第21期","10-12","香港"
"广东之窗:广武车又出轨","正报","1948","第3卷 第6期","28",NA,"香港"
"王凤岗救我则个!:[画图]","米谷","正报","1948","第2卷 第42期","22","香港"
"好好地利用寒假","其亮","正报","1948","第2卷 第24期","20-21","香港"
"榕树头杂谈","陈胜","正报","1948","第2卷 第24期","24-25","香港"
"表现香港","江劲","正报","1948","第2卷 第19/20期","43-44","香港"
"粤局述评:敌人在苦撑待死","千山","正报","1948","第3卷 第15期","22-24","香港"
"小学生晨光颂:赠给“乡村教师”","高尘","正报","1948","第3卷 第11期","27","香港"
"兴奋看喜儿","何之","正报","1948","第2卷 第44期","24-25","香港"
"广东一周了望:湛江大抢米","正报","1948","第2卷 第47期","2",NA,"香港"
"广东之窗:催征吏大不易为","正报","1948","第2卷 第50期","20",NA,"香港"
"写文章的群众观点","夏衍","正报","1948","第2卷 第50期","47-49，38","香港"
"军队中的民主运动(新华社社论)","正报","1948","第3卷 第6期","17-20",NA,"香港"
"广东之窗:銮贪隆来粤","正报","1948","第2卷 第38期","17",NA,"香港"
"广东之窗:一物三价","正报","1948","第2卷 第50期","20",NA,"香港"
"蒋庆风景线","正报","1948","第2卷 第41期","24-25",NA,"香港"
"一个机器工人的心声","李三","正报","1948","第2卷 第44期","22","香港"
"湘粤赣“联防”:[画图]","米谷","正报","1948","第3卷 第15期","24","香港"
"停止新区土改、实行减租减息:豫西日报社论","正报","1948","第3卷 第10期","10-11",NA,"香港"
"应该强调农村工作比较重要","江敏","正报","1948","第2卷 第32期","29-30","香港"
"广东之窗:戡乱造乱","正报","1948","第2卷 第43期","19",NA,"香港"
"一定嫌命长(广州话)","甘牛","正报","1948","第2卷 第25期","26-27","香港"
"钢铁练成的人","文生","正报","1948","第3卷 第14期","26","香港"
"论开明绅士","闻挺","正报","1948","第2卷 第44期","4-7","香港"
"学习“五一口号”短记","方步","正报","1948","第2卷 第47期","27","香港"
"分崩离析和阴谋诡计:附图","张丙","正报","1948","第2卷 第43期","8-11","香港"
"抗击司徒雷登的恫吓","仲冰","正报","1948","第2卷 第43期","23","香港"
"“目前形势和我们的任务”劄记之一:文化运动的统一战绩","杨华","正报","1948","第2卷 第25期","25","香港"
"吃儿子的父亲","于君","正报","1948","第2卷 第36期","28-29","香港"
"出了笼的飞鸟:看了“江湖奇侠”后","郭沬若","正报","1948","第2卷 第49期","23","香港"
"百期纪念鸣谢读者","正报","1948","第2卷 第50期","50-52",NA,"香港"
"社论:坚决执行正确方针","正报","1948","第2卷 第37期","4-6",NA,"香港"
"圣诞漫笔","亚们","正报","1948","第2卷 第19/20期","42-43","香港"
"看美帝的新阴谋","舒翰","正报","1948","第3卷 第3期","4-6","香港"
"来信","正报","1948","第3卷 第4期","17",NA,"香港"
"广东一周了望:护乡团东莞大队大获胜","正报","1948","第3卷 第9期","2-3",NA,"香港"
"四个农民和两个士兵","亦飞","正报","1948","第2卷 第50期","51-52","香港"
"广东之窗:“有…时”“祇要…”","正报","1948","第3卷 第1期","12",NA,"香港"
"克服非原则性的思想:“论布尔什维克的原则性”读后感","廖方明","正报","1948","第3卷 第1期","22-23","香港"
"广东之窗:黄埔小景","正报","1948","第3卷 第3期","17",NA,"香港"
"关于对待群众斗争的错误的问题","正报","1948","第2卷 第42期","10-13",NA,"香港"
"拆屋","秋雪","正报","1948","第2卷 第21期","27","香港"
"全世界革命力量团结起来反对帝国主义的侵略:给“持久和平与人民民主”杂志纪念十月革命三十一周年专号所写的论文","毛泽东","正报","1948","第3卷 第15期","4-6","香港"
"启事(二):关于经理部各项业务的结束","正报","1948","第3卷 第15期","11",NA,"香港"
"读文件与思想反省","江林","正报","1948","第3卷 第4期","18-19","香港"
"叶凡同志四周年祭","鞠而","正报","1948","第3卷 第4期","24-25","香港"
"梅埔零讯:“越想越唔开”","正报","1948","第2卷 第49期","9",NA,"香港"
"从广州市看宋子文:广州通讯","绿波","正报","1948","第2卷 第24期","22-23","香港"
"广东一周了望:“花纱大王”出走","正报","1948","第3卷 第14期","3-4",NA,"香港"
"司·巴来粤的阴谋(短评)","正报","1948","第2卷 第36期","4-5",NA,"香港"
"狼来了?狼是谁?","舒翰","正报","1948","第2卷 第34期","4-7","香港"
"七月的“钞灾”","飞君","正报","1948","第3卷 第1期","16-18","香港"
"抗征队是人民的救星(扬阳通讯)","竹影","正报","1948","第3卷 第9期","20","香港"
"广东之窗:小诸葛干吗？","正报","1948","第3卷 第11期","26",NA,"香港"
"值得讨论的取材方法问题:关于”榕树上“一诗的意见","客安","正报","1948","第2卷 第19/20期","36-37","香港"
"记五·廿二上海学生反扶日反迫害大集会(上海通讯)","贺麟","正报","1948","第2卷 第42期","14-15","香港"
"广东一周了望:官心惶惶","正报","1948","第2卷 第40期","2-3",NA,"香港"
"曲阳晓林村的雇贫农是怎样翻身的?","迪亭","正报","1948","第2卷 第21期","7-9","香港"
"广东之窗:地下公文","正报","1948","第2卷 第40期","12",NA,"香港"
"三年游击战争(9):新四军前身奋斗史","野草","正报","1948","第3卷 第4期","7-8，6","香港"
"我做起火柴童工来","夏涛","正报","1948","第2卷 第49期","26","香港"
"广东之窗:人各一心","正报","1948","第3卷 第15期","33",NA,"香港"
"确立毛泽东的胜利思想:读毛泽东文告心得之一","饶燄","正报","1948","第2卷 第23期","6-8","香港"
"广东之窗:照钱办事","正报","1948","第3卷 第14期","13",NA,"香港"
"蒋宋割卖整个华南","桐盧","正报","1948","第2卷 第28期","6-7","香港"
"综合报导:胜利斗争的一月","蓝川","正报","1948","第2卷 第28期","22-23","香港"
"怎样学习:中共中央关于一九四八年土地改革工作和整党工作的指示","星星","正报","1948","第2卷 第43期","4-7","香港"
"广东一周了望:解放军包围了输林港","正报","1948","第2卷 第45期","3",NA,"香港"
"广东之窗:“君嵩不睡觉”","正报","1948","第3卷 第4期","28",NA,"香港"
"东北解放与今后战局","舒翰","正报","1948","第3卷 第15期","17-21","香港"
"综合报导:风起云涌的粤北人民解放斗争","白山","正报","1948","第2卷 第22期","12-13","香港"
"广东之窗:学府饿相","正报","1948","第3卷 第15期","33",NA,"香港"
"“乡树教师”座谈","山君","正报","1948","第3卷 第14期","23-26","香港"
"抗议救荒会以赈米充作蒋宋军粮!","正报","1948","第2卷 第42期","18-19",NA,"香港"
"福斯论坛征稿:写出关于“目前形势和我们的任务”的读后感","正报","1948","第2卷 第21期","21",NA,"香港"
"从自己的作品谈起:我的方言诗歌创作的初步检讨","符公望","正报","1948","第2卷 第21期","23-24","香港"
"广东时局述评:困难紧跟着敌人","黎展","正报","1948","第2卷 第22期","14-15","香港"
"广东之窗:梁华盛逃了回来","正报","1948","第2卷 第42期","9",NA,"香港"
"“论越南八月革命”序言","乔木","正报","1948","第3卷 第4期","26-27","香港"
"三年游击战争:新四军前身奋斗史(6)","野草","正报","1948","第3卷 第1期","6-8","香港"
"依靠人民一定胜利","怀林","正报","1948","第2卷 第26/27期","35","香港"
"新区如何办报纸","陈克寒","正报","1948","第3卷 第9期","8-11","香港"
"飞跃发展的解放区工商业","小雪","正报","1948","第2卷 第40期","6-9","香港"
"广东之窗:罚到你停业","正报","1948","第2卷 第40期","11",NA,"香港"
"信箱:革命清谈家与“橡皮性的决议”","正报","1948","第2卷 第40期","11-14",NA,"香港"
"埋在心脏里的炸药(海口通讯)","林木","正报","1948","第3卷 第9期","18-19","香港"
"广东之窗:军警缺额大","正报","1948","第3卷 第9期","28",NA,"香港"
"访问八十四个蒋俘(惠阳通讯)","鸟门","正报","1948","第3卷 第1期","10-11，18","香港"
"“三年游击战争”序言","正报","1948","第3卷 第13期","24-25",NA,"香港"
"广东之窗:征实难","正报","1948","第3卷 第14期","13",NA,"香港"
"向自由主义开火","饶燄","正报","1948","第2卷 第28期","16-17","香港"
"快活的战斗生涯:粤北来信","正报","1948","第2卷 第41期","22-24",NA,"香港"
"整编队伍改造工作:“土改”中的解放区:中共华东中央局通过:精简节约清理资财三大方案","正报","1948","第2卷 第26/27期","30-31",NA,"香港"
"给“乡村教师”","先耀","正报","1948","第3卷 第9期","26-27，11","香港"
"桂东捷报:广西通讯","平凡","正报","1948","第2卷 第26/27期","13-16","香港"
"三打合水墟(高鹤通讯)","祝平","正报","1948","第2卷 第26/27期","21","香港"
"走向胜利一定胜利!:一九四七年的广东形势","俞同","正报","1948","第2卷 第19/20期","4-10","香港"
"论战局的新形势","舒翰","正报","1948","第2卷 第19/20期","16-19","香港"
"宋粤内閧新演变","颜孫","正报","1948","第3卷 第14期","18-19","香港"
"二五减租(集体游戏)","林朴","正报","1948","第3卷 第14期","27-28","香港"
"一个村发动群众斗争的经验","滕明","正报","1948","第3卷 第12期","14-16","香港"
"谨防暗算!","南青","正报","1948","第2卷 第19/20期","40-41","香港"
"我是拖车佬(海丰方言诗)","春草","正报","1948","第2卷 第41期","27-29","香港"
"广东之窗:夏日乐园","正报","1948","第2卷 第42期","9",NA,"香港"
"创办一个正规机关学校","正报","1948","第3卷 第13期","21",NA,"香港"
"广东之窗:又一杀机","正报","1948","第3卷 第4期","28",NA,"香港"
"广东之窗:金劵的初审","正报","1948","第3卷 第4期","28",NA,"香港"
"信箱:事务·事务工作·事务主义","正报","1948","第3卷 第6期","21-22",NA,"香港"
"一些学习上的障碍:一个月的学习经验","北淑","正报","1948","第3卷 第9期","21-22","香港"
"TV宋“理整”沙田","闻挺","正报","1948","第2卷 第38期","14-17","香港"
"广东之窗:“绅士还乡运动”","正报","1948","第2卷 第38期","17",NA,"香港"
"蒋朝空前的大洗劫","丹华","正报","1948","第3卷 第4期","4-6","香港"
"保健模范马兴惠","秦和","正报","1948","第3卷 第4期","11","香港"
"解放军的纪律教育","小云","正报","1948","第2卷 第50期","11-14","香港"
"民谣四首(潮洲方言)","林园","正报","1948","第3卷 第13期","23","香港"
"中共中央宣传部:关于纪念“七一”和“七七”的通知","正报","1948","第2卷 第47期","3",NA,"香港"
"恭喜什么?","布公","正报","1948","第2卷 第19/20期","43","香港"
"不要光说","琳清","正报","1948","第2卷 第38期","27","香港"
"广东之窗:民心","正报","1948","第3卷 第1期","12",NA,"香港"
"揭阳岭之战(潮汕通讯)","陈兵","正报","1948","第2卷 第40期","20-21","香港"
"综合报导:更猖狂的出卖","冰川","正报","1948","第2卷 第25期","19-21","香港"
"喻英奇拖尸回营(汕头通讯)","丘羚","正报","1948","第2卷 第34期","11-12","香港"
"女工阿兰:广州话朗诵诗","山涛","正报","1948","第2卷 第30期","28","香港"
"挖蒋根(集体游戏)","林朴","正报","1948","第3卷 第13期","26-27","香港"
"广东一周了望:一五四师化为乌有","正报","1948","第3卷 第13期","2-3",NA,"香港"
"琼崖土改概观(综合报导)","林枋","正报","1948","第2卷 第43期","12-14","香港"
"广东一周了望:苦撑待死","正报","1948","第3卷 第13期","3",NA,"香港"
"解放深__(海南通讯)","海涛","正报","1948","第2卷 第26/27期","20","香港"
"战局一月:论东北战局","舒翰","正报","1948","第2卷 第28期","9-12","香港"
"广东之窗:借兵碰壁","正报","1948","第3卷 第10期","15",NA,"香港"
"整编队伍改造工作:“土改”中的解放区:晋冀鲁豫边区政府实行新制度","正报","1948","第2卷 第26/27期","29-30",NA,"香港"
"锦州与全局","舒翰","正报","1948","第3卷 第12期","4-6","香港"
"阳春民武显威(阳春通讯)","海客","正报","1948","第2卷 第30期","25-27","香港"
"国内教授学生展开反饥饿反迫害运动","正报","1948","第2卷 第35期","14-15",NA,"香港"
"印报纸的诗","牛仔","正报","1948","第2卷 第28期","26-27","香港"
"青年文艺工作者的几个偏向","朱均","正报","1948","第2卷 第45期","21-22","香港"
"解放军怎样对待蒋俘","小云","正报","1948","第2卷 第34期","13-17","香港"
"广东一周了望:一群虎狼南下","正报","1948","第2卷 第35期","2-3",NA,"香港"
"广东一周了望:喻英奇的“奇计”","正报","1948","第2卷 第44期","3",NA,"香港"
"东北解放军冬季攻势图","正报","1948","第2卷 第28期","1页",NA,"香港"
"第一次打入大城市(湛江通讯)","金宗","正报","1948","第2卷 第50期","24-28","香港"
"新华社:驳斥和谣","正报","1948","第3卷 第6期","4-5",NA,"香港"
"借榖斗争的展开(台山通讯)","林莾","正报","1948","第2卷 第41期","24-25","香港"
"广东一周了望:大崩与大乱","正报","1948","第3卷 第12期","2-3",NA,"香港"
"我确信群众的智慧和创造力","李敏","正报","1948","第2卷 第36期","15","香港"
"掌握胜利的南针:”目前形势和我们的任务“一个提要笔记:附图","新思","正报","1948","第2卷 第21期","2-7","香港"
"一年来的香港文艺运动","孺子牛","正报","1948","第2卷 第26/27期","39-41","香港"
"战局一月:解放军的大跃进","舒翰","正报","1948","第2卷 第24期","2-4","香港"
"人民的战斗英雄(解放区报导)","醒华","正报","1948","第2卷 第24期","8","香港"
"挖出个人主义的根苗","頴思","正报","1948","第2卷 第30期","7-11","香港"
"申冤、诉苦的整军经验","莫平","正报","1948","第2卷 第37期","18-19","香港"
"评“一个共产党员的改造”","马徒","正报","1948","第2卷 第43期","20-22","香港"
"广东之窗:战局的新跃进","舒翰","正报","1948","第2卷 第42期","6-8","香港"
"文艺短论:回到人民战斗的洪流去","陈闲","正报","1948","第2卷 第21期","22","香港"
"工商业发展中几件大事(解放区报导)","小云","正报","1948","第2卷 第44期","10-11","香港"
"白毛女演出意见(四)","正报","1948","第2卷 第45期","24-25",NA,"香港"
"东北日报评呼兰突点经验","正报","1948","第2卷 第25期","9",NA,"香港"
"纠缠不清的问题解决了","林湘","正报","1948","第2卷 第35期","27","香港"
"由土改到减租减息的若干疑问(信箱)","正报","1948","第3卷 第14期","5-8",NA,"香港"
"广东之窗:十万起码","正报","1948","第2卷 第43期","19",NA,"香港"
"丁大娘","士工","正报","1948","第2卷 第29期","27","香港"
"广东一周了望:乡民武装抗缴田赋","正报","1948","第3卷 第3期","3",NA,"香港"
"广东一周了望:黄埔港仍一片灾荒","正报","1948","第2卷 第47期","2",NA,"香港"
"劣绅(潮州话)","阿仁","正报","1948","第2卷 第25期","26","香港"
"广东一周了望:捉放陈伟烈","正报","1948","第3卷 第11期","3",NA,"香港"
"从“万家灯火”看自己","坦波","正报","1948","第3卷 第12期","26-27","香港"
"哈市公开建党经验","正报","1948","第3卷 第13期","22-23",NA,"香港"
"东南亚青年大会胜利闭幕","胡当","正报","1948","第2卷 第30期","16","香港"
"恋爱的高度就是结婚吗?","正报","1946","新 第7期","19-20",NA,"香港"
"目前广东工运中的几个问题:为建设民主的工会而奋斗","江子诚","正报","1946","新 第9期","22-24，36","香港"
"生的伟大死的光荣:悼念关向应:全部队的好兄长","穆欣","正报","1946","新 第10期","11-12","香港"
"反对内战，反对特务恐怖政策:朱德总司令七月廿七日在延安反内战反特务大会的演讲","正报","1946","新 第3期","3-4",NA,"香港"
"铁流会师记:东江纵队北撤抵烟台:登陆后的东纵武装战士，和八路军作有历史意义的“铁路会师”:[照片]","正报","1946","第19期","1页",NA,"香港"
"东纵英雄，通过仪仗队向目的地前进:[照片]","正报","1946","第18期","1页",NA,"香港"
"六师模范的慰问信","正报","1946","新 第5期","8",NA,"香港"
"苦难重重民心思变(十二月十八至廿六日)","项康","正报","1946","第20期","15","香港"
"失业军官的怨愤","成城","正报","1946","第20期","26-27","香港"
"时评:杀人血账","张睦","正报","1946","第15期","7","香港"
"张发奎如此“谢罪”(桂林通讯)","香泉","正报","1946","第16期","10-11","香港"
"农民翻身风光好","徐玉","正报","1946","第14期","9-10","香港"
"姜逆鹏飞叛国殃民始未:哈尔滨暴动大阴谋的总揭发","杨赓","正报","1946","新 第7期","8-9","香港"
"论新的人生观(上)","黄安思","正报","1946","新 第4期","17-18","香港"
"社论:反对美国军事援蒋与加强中美友谊","正报","1946","新 第2期","2",NA,"香港"
"一个个的战士，全副武装，雄纠纠地走下扶梯，群众用亲切的眼光望着他们，连美国水兵也感动得连声喝采:[照片]","正报","1946","第18期","1页",NA,"香港"
"殖民地的阴影(十一月六日至十二日)","项康","正报","1946","第14期","13","香港"
"在欢迎会上，小学生们给曾司令献花:[照片]","正报","1946","第19期","1页",NA,"香港"
"中国四大家族:(二)金融独占的地位与财富集中的速度","陈伯达","正报","1946","第19期","7-10","香港"
"琐谈国民党军队","平野","正报","1946","新 第8期","6-8","香港"
"朱学范在香港","江风","正报","1946","第17期","9","香港"
"全解放区人民动员起来粉碎蒋介石的进攻","正报","1946","新 第5期","2-3",NA,"香港"
"涟水保卫战经过:华中新华社随粟裕将军总部记者指导","正报","1946","第13期","7",NA,"香港"
"中国革命确已进入第四阶段","正报","1946","第15期","19",NA,"香港"
"文化战士","正报","1946","第12期","13",NA,"香港"
"不如意事","黄安思","正报","1946","新 第1期","16-17","香港"
"长胜将军纵谈战局:刘伯承将军访问记","朱穆之","正报","1946","第16期","6-8","香港"
"再谈革命“第四阶段”(上)","正报","1946","第18期","17-19",NA,"香港"
"为实现一月停战协定及政协决议而斗争","正报","1946","新 第9期","7-8",NA,"香港"
"制止特务在港横行!","达生","正报","1946","第11期","6","香港"
"驻华美军共有多少","正报","1946","新 第9期","25",NA,"香港"
"主任大拍卖","金","正报","1946","新 第3期","23","香港"
"像?不像!(十一月廿七日至十二月二日)","崔嵬","正报","1946","第17期","16","香港"
"两个运动中间该做什么:献给人民团体之五","星星","正报","1946","第18期","10-11","香港"
"满洲山水人物","周而__","正报","1946","新 第2期","13-14，16","香港"
"反动派的“开刀”政策","醒华","正报","1946","新 第2期","15","香港"
"解放日报社论:立刻解散非法的“国大”","正报","1946","第16期","2-3",NA,"香港"
"盐城前线之捷(十二月十二日解放日报)","正报","1946","第19期","5",NA,"香港"
"见不得人","正报","1946","新 第10期","13",NA,"香港"
"孙中原事件","正报","1946","新 第3期","22-23",NA,"香港"
"登陆开始，广东的抗日英雄踏上，山东解放区的土地上:[照片]","正报","1946","第18期","1页",NA,"香港"
"经济危机又一面","正报","1946","新 第1期","21",NA,"香港"
"庆祝朱总司令六秩寿诞特辑","正报","1946","第17期","12-13",NA,"香港"
"到后来，无数人包围了曾司令，把自己的鲜花插到他们的衣上，帽上，记者们忙着摄取这个欢乐的镜头:[照片]","正报","1946","第19期","1页",NA,"香港"
"铁流会师记:东江纵队北撤抵烟台:附照片","正报","1946","第17期","1页",NA,"香港"
"沪当局强迫“群众”停刊","正报","1946","新 第8期","12",NA,"香港"
"响应陈嘉庚","正报","1946","新 第8期","13",NA,"香港"
"我所知道的“优先”","江风","正报","1946","新 第8期","16","香港"
"吾人不能坐视","彭浩","正报","1946","第11期","10","香港"
"“三个天地”(河内通讯)","华越","正报","1946","第11期","17-18","香港"
"台湾来简","正报","1946","第16期","16",NA,"香港"
"庆祝人民军队的创造者:朱总司令玉阶同志六十大寿","吴玉章","正报","1946","第17期","10-11","香港"
"人民苦难又加深(十月廿九至十一月五日)","项康","正报","1946","第13期","14","香港"
"“国大”的花样(十九日至廿六日)","崔嵬","正报","1946","第16期","12","香港"
"湄南风雨(曼谷通讯)","叶萌","正报","1946","第15期","12-13","香港"
"视国库如私囊","正报","1946","新 第3期","25",NA,"香港"
"“民意”","俞同","正报","1946","新 第1期","15","香港"
"社论:爱国同胞起来，反对全面内战!","正报","1946","新 第6期","2-3",NA,"香港"
"国民党军官兵，起来罢战怠战!","正报","1946","新 第6期","12-13",NA,"香港"
"被解放的坦克队","正报","1946","新 第6期","10-11",NA,"香港"
"蒋军后方的南通","胡郁天","正报","1946","新 第9期","32","香港"
"响应“美军撤离中国”运动:本报读者意见","正报","1946","第12期","17-19",NA,"香港"
"“匪患”两面","方敏","正报","1946","第15期","7-8","香港"
"粤省本月恢复征兵","正报","1946","新 第8期","12",NA,"香港"
"民族压迫的枷锁又重新被扣回去了!","陈潮","正报","1946","第11期","9","香港"
"时评:“确立政府威信”","崔明","正报","1946","第12期","10","香港"
"互有进退的战局","李超","正报","1946","新 第7期","13，20","香港"
"以土匪“维持“治安","方敏","正报","1946","第14期","10-11","香港"
"一切为了长期独裁(十一月五日至十二日)","崔嵬","正报","1946","第14期","11-12","香港"
"大笑话","崔明","正报","1946","第14期","11-12","香港"
"信箱:正确认识时局，好好处理生活","正报","1946","第14期","18-19",NA,"香港"
"保卫延安，保卫民主中国的圣地!","正报","1946","第15期","4-5，11",NA,"香港"
"蒋军的猫腻:苏皖解放区三个月自卫战争纪实","许诺","正报","1946","第12期","6-7","香港"
"好战派必自食其果","正报","1946","第12期","7",NA,"香港"
"琼崖独立纵队半年自卫战简述","罗盈","正报","1946","第14期","4","香港"
"和平幻想应从此断(十月十五至廿二日)","崔嵬","正报","1946","第11期","4-5","香港"
"信箱:家庭逼婚怎样处理?","正报","1946","第11期","18-19",NA,"香港"
"香港各界国庆纪念叙餐会上:东江纵队政治委员林平演词","正报","1946","新 第10期","8-9",NA,"香港"
"珠江三角洲人民子弟兵的抗战史","公曼","正报","1946","新 第1期","25-26","香港"
"韬奋先生在东江时","江洋","正报","1946","新 第1期","13-14","香港"
"杀人犯统治之例","俞同","正报","1946","新 第2期","9","香港"
"打扫好围村过中秋","夏枫","正报","1946","新 第2期","18-19","香港"
"人民的力量是无尽的宝藏:反抢粮斗争的一幕","夏枫","正报","1946","新 第1期","27，22","香港"
"又一笔血债","钱俊瑞","正报","1946","新 第1期","12","香港"
"危楼细语","柳梢月","正报","1946","新 第1期","19","香港"
"为民主而死的李公朴先生","正报","1946","新 第1期","13",NA,"香港"
"手车夫也吸美国烟","正报","1946","新 第1期","2",NA,"香港"
"谁在“反美”?","俞同","正报","1946","新 第1期","8","香港"
"摩托车加速了马力，往返賓士着，首先把妇女同志们送进市内去:[照片]","正报","1946","第20期","1页",NA,"香港"
"又是阴谋的先兆","方敏","正报","1946","第20期","7-8","香港"
"中国四大家族","陈伯达","正报","1946","第18期","5-7","香港"
"上海摊贩惨案幕内幕外","方兴","正报","1946","第18期","8-10","香港"
"为民主光明的前途祝玉阶先生寿","陈铭枢","正报","1946","第17期","12","香港"
"画梅花一幅贺朱总司令寿","何香凝","正报","1946","第17期","13","香港"
"十一万蒋军的歼灭","黄明","正报","1946","第18期","13","香港"
"欢迎会中，曹主任代表胶东八百万人民致欢迎词，表示胶东人民感到很荣幸得以瞻仰多年来所仰慕的英雄们:[照片]","正报","1946","第19期","1页",NA,"香港"
"军区王彬副司令也登台讲话，他们把东纵看做光荣的，英雄的象征:[照片]","正报","1946","第19期","1页",NA,"香港"
"和谈何事又粉传?(十二月三日至十日)","崔嵬","正报","1946","第18期","15","香港"
"学徒生活","麦浪场","正报","1946","第18期","18-19","香港"
"三征交迫下的中山","杨伙","正报","1946","第19期","12-13","香港"
"曾生司令兴奋地向数万群众致答词，感谢胶东人民的热爱，并报告北上的情形:[照片]","正报","1946","第19期","1页",NA,"香港"
"铁流会师记:东江纵队北撤抵烟台:不惯于海洋生活的战士们都疲困了，登陆后坐下来稍息:[照片]","正报","1946","第20期","1页",NA,"香港"
"大板车也出动，把病员同志和儿童送到医院和宿营地去:[照片]","正报","1946","第20期","1页",NA,"香港"
"略论目前战局","星星","正报","1946","新 第9期","4-6","香港"
"再接再厉争取全面抵抗的胜利","正报","1946","第13期","6-7",NA,"香港"
"新闻背后漫步","柳梢月","正报","1946","新 第2期","19","香港"
"侨胞反对内战通电一束","正报","1946","新 第6期","20",NA,"香港"
"妇女代表们也纷纷上台向曾司令献花和慰问:[照片]","正报","1946","第19期","1页",NA,"香港"
"时评:刘峙为何撤职?","正报","1946","新 第8期","12",NA,"香港"
"揭穿美帝国主义的欺骗:一九四六年的国际总结","乔木","正报","1946","第20期","3-6","香港"
"十日时事纵横谈:只有走“武力决赛”之途?","李超","正报","1946","新 第4期","10-11","香港"
"珠江三角洲人民子弟兵的抗战史","公曼","正报","1946","新 第4期","19-20","香港"
"一党“国大”纵横谈","俞同","正报","1946","第20期","10-14","香港"
"“迷底”揭穿了","崔明","正报","1946","第18期","14","香港"
"“天下第一军”的毁减","金沙","正报","1946","新 第10期","18","香港"
"谣言救不了命","正报","1946","第18期","14，12",NA,"香港"
"南北群英，首次会晤于码头:[照片]","正报","1946","第18期","1页",NA,"香港"
"美军如此这般","正报","1946","新 第6期","13",NA,"香港"
"对联合国大会的一个呼吁","正报","1946","第12期","12-13",NA,"香港"
"回忆双十二","申伯纯","正报","1946","第19期","3-6","香港"
"看粤省明年度预算","方敏","正报","1946","第19期","14-15","香港"
"蒋介石应当爱国","陈伯达","正报","1946","新 第1期","3-4","香港"
"透过庐山云雾看时局:拖是打的准备，打是拖的目的","正报","1946","新 第1期","5",NA,"香港"
"南京的歪风","长江","正报","1946","新 第1期","9","香港"
"不能再给一点时间","正报","1946","新 第3期","7",NA,"香港"
"灾难重重的一年:胜利后的广东","孟琛","正报","1946","新 第3期","13-14","香港"
"祝苏联建国廿九周年","江洋","正报","1946","第13期","13","香港"
"出此下策","俞同","正报","1946","新 第4期","6","香港"
"乞丐遍韶市","建","正报","1946","新 第4期","16","香港"
"学生和妇救会的会员们争着向东纵的英雄们手里送鲜花和水果，有名的山东悉尼花生及纸烟香皂不断塞进他们的衣袋:[照片]","正报","1946","第20期","1页",NA,"香港"
"一字兴冤狱","亮","正报","1946","新 第4期","16","香港"
"前锋建国两报被罚","张睦?","正报","1946","第11期","6","香港"
"屠村惨祸","林日","正报","1946","第11期","16","香港"
"时评:“绥靖”忙","正报","1946","新 第1期","2",NA,"香港"
"在沙鱼涌登船之后，他们经过了悠长的中国海岸线，乘风破浪指向山东解放区的烟台去和他们的兄弟八路军相会:[照片]","正报","1946","第17期","1页",NA,"香港"
"论美军驻华一周年","曾彦修","正报","1946","新 第9期","25","香港"
"“美军退出中国”运动","潘懿","正报","1946","新 第9期","26-27","香港"
"神枪手魏来国","曲中奕","正报","1946","第12期","11","香港"
"东纵英雄们所过之处，万人空巷，无论工人，店员，商店老板都冒着七月的烈日，投入这个欢迎的浪潮中:[照片]","正报","1946","第20期","1页",NA,"香港"
"胡老师做的结论","黄安思","正报","1946","第16期","15-16","香港"
"我再度失学了","伟方","正报","1946","第18期","19","香港"
"反内战空军志士:刘善本上尉","正报","1946","新 第1期","20",NA,"香港"
"美国人士的话","正报","1946","新 第1期","4",NA,"香港"
"千千万万人民在呼唤:和平!和平!","正报","1946","新 第1期","20-21",NA,"香港"
"粤省府遍组特务纲","正报","1946","新 第9期","13",NA,"香港"
"地雷阵","石碣","正报","1946","新 第8期","14","香港"
"珠江三角洲人民子弟兵的抗战史:十·向八路军新四军看齐:珠江纵队成立","公曼","正报","1946","第12期","17-19","香港"
"上海血案","方敏","正报","1946","第17期","14-15","香港"
"刘善本的一封家信","正报","1946","新 第2期","16",NA,"香港"
"一段艰辛的路","刘振","正报","1946","第17期","18-19","香港"
"胶东妇女代表来作访问，与东纵妇女同志会晤欢聚:[照片]","正报","1946","第20期","1页",NA,"香港"
"社论:迫到绝路只有自卫","正报","1946","新 第5期","4-5",NA,"香港"
"要求真正的停战令","北桥","正报","1946","第12期","3-4","香港"
"又一个辛辣的讽刺","崔明","正报","1946","第19期","15","香港"
"社论:粉碎“武力统一”的迷梦","正报","1946","新 第10期","2-3",NA,"香港"
"从北大营起想","正报","1946","新 第3期","17-18",NA,"香港"
"被俘蒋军的觉醒","夏之兢","正报","1946","第14期","5-6","香港"
"动手中的集中营(广州通讯)","正报","1946","新 第2期","16",NA,"香港"
"香港侨胞的怒吼:记港九各界“美军撤离中国”问题座谈会","正报","1946","第11期","8-10",NA,"香港"
"三十一年前的教训:解放日报二十五日社论","正报","1946","第20期","19",NA,"香港"
"祝朱总司令寿:并简方林二先生","张殊明","正报","1946","第17期","12-13","香港"
"特务下乡","马","正报","1946","新 第3期","23","香港"
"中国内战的军事形势","(英)Lindsay，M. 陈眉__","正报","1946","新 第10期","14-16","香港"
"中国人爱祖国:祝港星美军撤离中国运动","俞同","正报","1946","第11期","5-6","香港"
"码头上开了一个热烈的欢迎会:[照片]","正报","1946","第19期","1页",NA,"香港"
"人民的艺术:秧歌剧","李瑛","正报","1946","第15期","14-16","香港"
"珠江三角洲人民子弟兵的抗战史","公曼","正报","1946","新 第8期","19","香港"
"酒楼满广州","风","正报","1946","新 第4期","16","香港"
"评蒋介石“宪草”演说","正报","1946","第17期","8-9",NA,"香港"
"奴假主威","正报","1946","新 第6期","11",NA,"香港"
"时评:一年的“政绩”","方敏","正报","1946","新 第10期","13","香港"
"李少石(曼农)周年祭","娄照","正报","1946","新 第10期","8-9","香港"
"时评:令人愤概的消息","张睦","正报","1946","第16期","10","香港"
"双管齐下:美国货美国军火","正报","1946","新 第1期","9",NA,"香港"
"论城市工作的群众观点","饶燄","正报","1946","第16期","14-15","香港"
"哈尔滨","刘白羽","正报","1946","新 第7期","14-15，17","香港"
"太原学校的形形色色","李晉铭","正报","1946","新 第9期","29","香港"
"再说几句话:读广州行辕政治部驳中共广东区党委一文后","正报","1946","新 第8期","3-4",NA,"香港"
"琼崖内战打到何时?","林枋","正报","1946","新 第8期","6-7","香港"
"东纵的女英雄们登陆后，在码头上休息:[照片]","正报","1946","第20期","1页",NA,"香港"
"反对加强琼崖内战","张睦","正报","1946","新 第2期","7","香港"
"关于国大问题","正报","1946","新 第10期","19-20",NA,"香港"
"延安的愤激:写在要求“美军退出中国运动周”的第一天","林间","正报","1946","新 第10期","17","香港"
"人民自卫前线上英雄辈出:王克勤运动","正报","1946","第19期","6-7",NA,"香港"
"是谁应负全面破裂的责任","正报","1946","新 第10期","3-4，19",NA,"香港"
"社论:抛弃对美国的幻想","正报","1946","新 第7期","2",NA,"香港"
"实行莫斯科会议决定的时候到了:新华日报八月七日社论","正报","1946","新 第4期","5-6",NA,"香港"
"东纵英雄们通过千万的群众在震天的欢呼声中间向市区前进:[照片]","正报","1946","第20期","1页",NA,"香港"
"新音乐地方化","李瑛","正报","1946","新 第5期","16-17","香港"
"编者话:本报和读者诸群暂别了几天","正报","1946","新 第1期","15",NA,"香港"
"解放区连打大胜仗(十月二十九日至十一月四日)","崔嵬","正报","1946","第13期","15","香港"
"为谁打的内战?","俞同","正报","1946","新 第8期","10","香港"
"雈苻遍地兵匪难分，征粮抽丁祸不单行(惠阳通讯)","林东","正报","1946","第15期","8-9","香港"
"一个复员青年军:庆幸自己退出了内战","兼平","正报","1946","第11期","19","香港"
"中央中央负责人谈话","正报","1946","新 第10期","6-7",NA,"香港"
"过了五天海岸生活，他们抵达烟台，运输舰正缓缓地驶进烟台海口:[照片]","正报","1946","第17期","1页",NA,"香港"
"周恩来的祝词","正报","1946","第17期","10-11",NA,"香港"
"谈个性及其他:读“一往无前”","黄安思","正报","1946","新 第8期","17-18","香港"
"美军快走!让我们过和平生活","谭煜南","正报","1946","第11期","9","香港"
"坚忍韧性地战斗下去","黄安思","正报","1946","第13期","17-19","香港"
"还是解放区好:逃亡地主又归来","正报","1946","新 第3期","20",NA,"香港"
"“接着而来的，应该是更有效的行动”","吕纳","正报","1946","第11期","9","香港"
"新山东是怎样创造出来的","祁文英","正报","1946","新 第1期","23-24","香港"
"蒋介石孤注一掷的失败:解放日报廿三日社论","正报","1946","第20期","16-17",NA,"香港"
"珠江三角洲人民子弟兵抗战史","公曼","正报","1946","新 第9期","33-34","香港"
"时评:由暹侨监赈团揭发舞弊想起","张睦","正报","1946","第20期","7","香港"
"社论:评“蒋八股”","正报","1946","新 第4期","2",NA,"香港"
"周恩来将军谈三大问题","正报","1946","新 第2期","3-5",NA,"香港"
"平绥前线初胜","正报","1946","新 第9期","8",NA,"香港"
"我是树胶业里一个工人","罗綱","正报","1946","第19期","18","香港"
"中国农村出现了奇迹:解放区的献田运动","正报","1946","新 第3期","19-20",NA,"香港"
"驳广州行营发言人","俞同","正报","1946","新 第2期","6-7","香港"
"巨星双殒:中共中委关向应民盟中委陶行知病逝","正报","1946","新 第2期","15",NA,"香港"
"时评:广州的黑名单","张睦","正报","1946","新 第7期","5","香港"
"社论:慰问朱学范先生","正报","1946","第17期","2",NA,"香港"
"“挨打”真相(一)","文安","正报","1946","新 第4期","9","香港"
"一个奇怪的地方","正报","1946","新 第4期","13",NA,"香港"
"东江纵队北撤人员重要通电","正报","1946","新 第4期","9",NA,"香港"
"珠江三角洲人民子弟兵的抗战史","公曼","正报","1946","新 第6期","17-18","香港"
"侨胞遭浩劫·领事在冬眠:海防归侨发出呼吁","正报","1946","第19期","19",NA,"香港"
"国民党官兵反战的潮流","潇湘","正报","1946","新 第8期","8-10","香港"
"王副司令与曾生少将会晤后握手言欢，他们一向并肩作战，今天才初次会谈:[照片]","正报","1946","第18期","1页",NA,"香港"
"评涟水之战","正报","1946","第13期","8",NA,"香港"
"手车夫","野火","正报","1946","第20期","27","香港"
"今天中国青年的任务","正报","1946","新 第6期","18",NA,"香港"
"炮声:淹没一切的声音(十月廿三日至廿八日)","崔嵬","正报","1946","第12期","8，19","香港"
"黄河之患(国共争执问题之一)","金铃","正报","1946","新 第2期","10-11","香港"
"韬奋先生题字赠曾生:[书法]","正报","1946","新 第1期","14",NA,"香港"
"内战热狂的归绥","纪希","正报","1946","新 第9期","28-29","香港"
"书报摊:将军向后转","正报","1946","新 第3期","24-25",NA,"香港"
"“中国共产党党章”读后","香光","正报","1946","新 第9期","30-31","香港"
"今日东北","正报","1946","新 第2期","12-13",NA,"香港"
"一幅全国饥荒图","醒华","正报","1946","新 第1期","18-19","香港"
"惨谈的人市场","涛","正报","1946","新 第3期","23","香港"
"党教合一","思","正报","1946","新 第3期","23","香港"
"社论:广东省行政会议的必然结果","正报","1946","新 第8期","2",NA,"香港"
"中国内战的军事形势(上):全文提要","(美)Lindsay，M. 陈眉__","正报","1946","新 第9期","9-12","香港"
"北上","汀","正报","1946","新 第5期","7-8","香港"
"短简","正报","1946","第15期","19",NA,"香港"
"残年暮景话蒋家(十二日十八日至廿六日)","崔嵬","正报","1946","第20期","12-14","香港"
"叫美国认识什么?","俞同","正报","1946","新 第3期","6","香港"
"拖和打都离不开美国的支持","正报","1946","新 第1期","6",NA,"香港"
"新的“治安计划”开始了","正报","1946","新 第9期","13",NA,"香港"
"血泪的申斥:逃港壮丁访问记","江风","正报","1946","第20期","22-23","香港"
"蒋介石吞下的不过是一颗炸弹","李超","正报","1946","新 第10期","10-11","香港"
"饥民何曾得实惠?","张睦","正报","1946","第13期","11-12","香港"
"乌烟瘴气乱纷纷(十一月廿七至十二月三日)","项康","正报","1946","第17期","17","香港"
"征文:题目:(一)最可纪的一件事(二)我在生活中尝受到的","正报","1946","第14期","17",NA,"香港"
"蒋军必败","正报","1946","新 第7期","3-4",NA,"香港"
"嫩江省施政纲领(七月廿日嫩江省临参会通过)","正报","1946","新 第2期","12",NA,"香港"
"调齐大兵，坚决自卫!:邓子恢政委在淮城干部大会上报告","正报","1946","新 第4期","7",NA,"香港"
"且看半年内的事实","崔明","正报","1946","第16期","11","香港"
"紧急动员起来保卫边区","正报","1946","第15期","4-5",NA,"香港"
"香港商场的萧条形态","达生","正报","1946","第13期","12-13","香港"
"立功运动","正报","1946","第19期","8-9",NA,"香港"
"很可观的月结:战局综述","王令","正报","1946","第17期","14-15","香港"
"在矛盾重重中(十一月十三至十九日)","项康","正报","1946","第15期","8-9","香港"
"满洲山水人物","周而复","正报","1946","新 第5期","13-14","香港"
"渔家苦","浪舟","正报","1946","第15期","17-18","香港"
"时评:坚决反对强奸民意!","张睦","正报","1946","第14期","10","香港"
"社论:蒋介石的和平攻势","正报","1946","第11期","2",NA,"香港"
"关于论辩态度答读者","正报","1947","第2卷 第15期","17-19",NA,"香港"
"人民武装捷报二则","正报","1947","第50期","15",NA,"香港"
"震动蒋后的监城大捷:前线通讯","正报","1947","第2卷 第2期","7-10",NA,"香港"
"美式大兵工厂将在粤北设立","正报","1947","第37期","13",NA,"香港"
"国内一周:鲁南之战","崔嵬","正报","1947","第25期","11","香港"
"莫斯科会议的前夕","舒翰","正报","1947","第26期","11-12","香港"
"人民武装西江除大害(广宁通讯)","海洋","正报","1947","第42期","15-17","香港"
"五月榴花似火红(续)(四场报告剧):献给艰苦奋斗的青年学生们","梁棪鸣 徐枫 李以","正报","1947","第50期","17-19","香港"
"“方言与普及”讨论特辑(一):方言文艺创作的二三问题","孺子牛","正报","1947","第2卷 第13期","17-20","香港"
"疗饥仙方","方敏","正报","1947","第21期","8-9","香港"
"读者中来:广西大学二三事","宇采","正报","1947","第2卷 第13期","27-28","香港"
"山东数十万人民总动员担架运输功劳极大","正报","1947","第41期","15-16",NA,"香港"
"纪念琼崖纵队成立九周年","林枋","正报","1947","第2卷 第16期","2-3","香港"
"纪念三八妇女节","苏素","正报","1947","第28期","10","香港"
"(方言剧):广州一角(续完)","初耘","正报","1947","第2卷 第17期","26-28","香港"
"一个工作单位群众情绪的转变","江陵","正报","1947","第48期","6","香港"
"马鞍围的秘密","罗池","正报","1947","第45期","11-13","香港"
"向祖国同学伸出支持的手:支持运动在我的学校","迹兮","正报","1947","第43期","14-15","香港"
"还待解决的几个问题","林洛","正报","1947","第2卷 第14期","19","香港"
"吴满有参军(陕北通讯)","正报","1947","第45期","6",NA,"香港"
"三个内阁的更迭","舒翰","正报","1947","第41期","14","香港"
"中国的乞乞科夫","正报","1947","第25期","3",NA,"香港"
"风暴是不能避免的","舒翰","正报","1947","第43期","3-4","香港"
"替方言诗抱不平","正报","1947","第2卷 第12期","25",NA,"香港"
"警管区制将在本省实行","正报","1947","第31期","13",NA,"香港"
"社论:不要被吓倒","正报","1947","第37期","2-3",NA,"香港"
"社论:求生的斗争压不住!","正报","1947","第40期","2-3",NA,"香港"
"一往无前的东北攻势","崔嵬","正报","1947","第42期","9-10","香港"
"粉碎宋子文的主权贩卖","闻挺","正报","1947","第2卷 第12期","3-5","香港"
"干训所:一个囚笼","杨伙","正报","1947","第2卷 第14期","27-28","香港"
"民死炮肥又一例","正报","1947","第47期","8",NA,"香港"
"受到鼓励之后","崔嵬","正报","1947","第45期","10","香港"
"群众智慧的小故事","陈俊英","正报","1947","第2卷 第3期","12-13","香港"
"漫谈工作方法之一:谈决议","星星","正报","1947","第2卷 第3期","16-18","香港"
"森林部队覆没在森林里:新一军一一二团被歼经过","华山","正报","1947","第40期","16","香港"
"看什么对人民有最大的益处","黄安思","正报","1947","第2卷 第16期","20-22","香港"
"韬公，我们永怀念着你!:在东江解放区的回忆!","吉茄","正报","1947","第48期","10-11","香港"
"编者的话:“蒋家朝廷的哀怨”和“魏德迈声明发表后的美国舆论”，是把美蒋两方对魏氏声明的反响广播给读者","正报","1947","第2卷 第4期","28",NA,"香港"
"信箱:有关革命理论的几个问题:答宋潮先生","正报","1947","第31期","18-19",NA,"香港"
"南北两捷","正报","1946","第12期","5",NA,"香港"
"从群众中来到群众中去:献给人民团体之三","星星","正报","1946","第11期","13-14","香港"
"在华美军近两月暴行录","正报","1946","第11期","11",NA,"香港"
"又想借端嫁祸","崔明","正报","1946","第15期","8","香港"
"生的伟大死的光荣:悼念关向应","穆欣","正报","1946","新 第9期","19-20","香港"
"编后话:为了帮助广大读者了解战局，本刊发表星星的论文“略论目前战局”，和连载译著“中国内战军事形势”，特别向读者介绍","正报","1946","新 第9期","20",NA,"香港"
"中共中央公布:中共、蒋、美三方最近来往文件","正报","1946","新 第10期","6-7",NA,"香港"
"老糠榨油","张睦","正报","1946","新 第10期","13","香港"
"编后话:张家口被蒋军攻占以后，全面破裂已成无可挽回之势","正报","1946","新 第10期","18",NA,"香港"
"九省民变:人民自卫战的第二战场","醒华","正报","1946","新 第9期","17-18","香港"
"燎原之火","正报","1946","新 第9期","16",NA,"香港"
"小贩也是人!","达生","正报","1946","第12期","10","香港"
"宁愿出钱不出命","方敏","正报","1946","第12期","10","香港"
"我对美国的印象","(苏)爱倫堡","正报","1946","新 第8期","11","香港"
"魔手伸进侨校","崔明","正报","1946","第20期","9","香港"
"释美国军事援“华”","蕙风","正报","1946","新 第1期","22","香港"
"到进犯蒋军的后方去!","正报","1946","第11期","3",NA,"香港"
"陈瑾昆赴延","正报","1946","第12期","15",NA,"香港"
"社论:认识时局，坚定信心:纪念双十节","正报","1946","新 第9期","2-3",NA,"香港"
"洪泽湖中的民兵","林丁","正报","1946","新 第7期","11-12","香港"
"鸡鸣报晓的时候","羽章","正报","1946","新 第8期","14-15","香港"
"广州:恐怖的城","江风","正报","1946","新 第7期","18","香港"
"拭目以观其后","走卒","正报","1946","新 第8期","9","香港"
"珠江三角洲人民子弟兵的抗战史","公曼","正报","1946","第11期","20","香港"
"“蒋管区”青年的斗争路向","黎端","正报","1946","第11期","12-14","香港"
"蔡劲军屠刀下的琼崖","林房","正报","1946","第18期","12-13","香港"
"烟台水产学校的慰问信","正报","1946","新 第5期","8，10",NA,"香港"
"“追根穷源，美国必须终止其反动的外交政策”","张崇山 曾力成","正报","1946","第11期","10","香港"
"艺术走向和群众结合:东江解放区文化活动漫忆","夏枫","正报","1946","新 第4期","18","香港"
"民死主义","张睦","正报","1946","第12期","10","香港"
"还想挽回民心!?","正报","1946","新 第8期","12-13",NA,"香港"
"活地狱现相(两阳通讯)","絮中","正报","1946","新 第1期","26","香港"
"生活感想:诉","陈绍新","正报","1946","第19期","17-18","香港"
"一九四六年国内形势的特点","汉夫","正报","1946","第20期","5-6","香港"
"忠实实行三民主义的中国共产党:纪念中国共产党二十五周年","吴玉章","正报","1946","新 第1期","7-8","香港"
"两个声明","正报","1946","第14期","3",NA,"香港"
"金融狂潮的龚击(十二月十一至十七日)","项康","正报","1946","第19期","16","香港"
"社论:论广州大恐怖","正报","1946","第19期","2",NA,"香港"
"谈团结:献给人民的团体之一","星星","正报","1946","新 第4期","15-16","香港"
"铁流会师记:东江纵队北撤抵烟台:船停下来了，东江纵队的英雄们，在甲板上整列队伍，开始登陆的准备:[照片]","正报","1946","第18期","1页",NA,"香港"
"响应“美军撤离中国”运动:我们要向全世界控诉","正报","1946","第11期","8",NA,"香港"
"学习党章的目的和方法","李卓然","正报","1946","第14期","16","香港"
"论华莱士事件","正报","1946","新 第8期","5",NA,"香港"
"航行的船遭遇暗礁","正报","1946","新 第4期","14",NA,"香港"
"宾阳“股匪”的奥妙","梁夫","正报","1946","第20期","24","香港"
"粤省征实不准减免","正报","1946","新 第3期","7",NA,"香港"
"辜负了联总的美意","正报","1946","新 第1期","21",NA,"香港"
"街上","正报","1946","新 第3期","17",NA,"香港"
"十日时事纵横谈:希望寄托于解放区的自卫","李超","正报","1946","新 第5期","9-10","香港"
"人民英雄贺龙将军:晋绥特约通讯","穆欣","正报","1946","新 第5期","11-12","香港"
"論義務勞動之政治經濟的意義","周敦禮","中央周刊","1945","第7卷 第10期","8-11","重庆"
"論義務勞動的教育作用","周敦禮","中央周刊","1945","第7卷 第11-12期","16-17","重庆"
"婦女在戰後世界中的地位","Phillis Bentley","中央周刊","1945","第7卷 第11-12期","18-19","重庆"
"革命故事：三月二十九之役軼聞","伯僑","中央周刊","1945","第7卷 第11-12期","20","重庆"
"軍中生活的囘憶","田宗","中央周刊","1945","第7卷 第11-12期","21-22","重庆"
"珍貴的友情：（一）中央週刊社公鑒……","楊先義 董君淮","中央周刊","1945","第7卷 第6-7期","23","重庆"
"這一代與這一年：與青年談談新人生觀","羅保吾","中央周刊","1945","第7卷 第6-7期","3-4","重庆"
"從士人傳統看中國經濟","程國勳","中央周刊","1945","第7卷 第6-7期","5-10","重庆"
"中國現在的政治是否民主政治","葉青","中央周刊","1945","第7卷 第6-7期","11-12","重庆"
"論民主政風","周緝熙","中央周刊","1945","第7卷 第6-7期","13-14","重庆"
"青年信箱：答張繼孟君六問","新命","中央周刊","1945","第7卷 第11-12期","22-23","重庆"
"菲律賓海戰真相","郭壽生","中央周刊","1945","第7卷 第11-12期","2-5","重庆"
"戰鬥中的世界青年：世界青年與國際和平：三月廿一日在青年館講","梁寒操 元璧","中央周刊","1945","第7卷 第11-12期","6","重庆"
"中國青年的偉大行列","張庸","中央周刊","1945","第7卷 第11-12期","7-8","重庆"
"戰爭與和平中的美國青年","杭勤斯","中央周刊","1945","第7卷 第11-12期","8-9","重庆"
"戰時英國青年動態","辛伯度","中央周刊","1945","第7卷 第11-12期","9-10","重庆"
"國父對於政黨政治的遺教","葉青","中央周刊","1945","第7卷 第11-12期","12-15","重庆"
"九九以來","張超","中央周刊","1945","第7卷 第40期","21-22","重庆"
"中國政治的前途","張文伯","中央周刊","1945","第7卷 第1期","3-4","重庆"
"建軍工作三要務","方秋葦","中央周刊","1945","第7卷 第1期","5-7","重庆"
"南明的危機和生機","李文治","中央周刊","1945","第7卷 第18期","9-12","重庆"
"國際文絜：蘇聯婦女女性化問題","Maurice Hinbu 胡春冰","中央周刊","1945","第7卷 第1期","16","重庆"
"世界一月：（三）歐洲戰爭：甲、東線：本月的東線戰事……","新命","中央周刊","1945","第7卷 第13-14期","20","重庆"
"世界一月：甲、亞洲：（三）呂宋之戰：美軍爲了加速完成呂宋之戰……","新命","中央周刊","1945","第7卷 第8-9期","20-21","重庆"
"世界一月：甲、亞洲：（四）硫磺島之戰：本月十九日美海軍陸戰隊在硫磺島登陸……（附圖）","新命","中央周刊","1945","第7卷 第8-9期","21","重庆"
"世界一月：甲、亞洲：（五）日本本土之戰：本月美空軍轟炸日本本土的規模……","新命","中央周刊","1945","第7卷 第8-9期","21","重庆"
"世界一月：甲、亞洲：（六）中印公路的通車","新命","中央周刊","1945","第7卷 第8-9期","21-22","重庆"
"世界一月：乙、歐洲：（一）克里米亞會議：二月四日舉行旋於十一日宣告圓滿結束之克里米亞會議……（附圖）","新命","中央周刊","1945","第7卷 第8-9期","22","重庆"
"世界一月：乙、歐洲：（三）西線的一月：上月底阿登之戰結束……","新命","中央周刊","1945","第7卷 第8-9期","23","重庆"
"民主政治與政黨政府","葉青","中央周刊","1945","第7卷 第8-9期","4-6","重庆"
"盟軍登陸中國的地點","黃義本","中央周刊","1945","第7卷 第8-9期","7","重庆"
"從三國的大勢說刭諸葛亮的用人","蔣君章","中央周刊","1945","第7卷 第8-9期","8-12","重庆"
"中國的現在與過去","魏惟儀","中央周刊","1945","第7卷 第8-9期","12","重庆"
"特寫：勝利的笑","楊槐","中央周刊","1945","第7卷 第36期","11-13","重庆"
"建國信望（附函）","錢穆 韋","中央周刊","1945","第7卷 第37-38期","1-5","重庆"
"天南地北：橋頭河堡壘","魯林","中央周刊","1945","第7卷 第37-38期","16","重庆"
"今後的農業與農業行政：今後農業必須科學化與組織化，農業行政必須專業化與學術化","張德粹","中央周刊","1945","第7卷 第39-40期","6-8","重庆"
"收復區工作：収復區當前要工作之我見","粟顯運","中央周刊","1945","第7卷 第39-40期","9-10","重庆"
"邊疆研究：收復台灣和建設瓊崖","許聲鶚","中央周刊","1945","第7卷 第43-44期","9-10","重庆"
"天南地北：黔北三縣紀行","趙捷民","中央周刊","1945","第7卷 第36期","8-10","重庆"
"九月的沙坪","汪洋","中央周刊","1945","第7卷 第36期","10","重庆"
"天南地北：重慶──南京（一）","平沙","中央周刊","1945","第7卷 第46期","13-15","重庆"
"社論：培養事業精神","文伯 韋","中央周刊","1945","第7卷 第47-48期","1","重庆"
"“斡施氣運”","李鼎芳","中央周刊","1945","第7卷 第43-44期","4-6","重庆"
"批判“孔墨的批判”（下）","陸復初","中央周刊","1945","第7卷 第25期","5-8","重庆"
"希臘的偉人","鄭學稼","中央周刊","1946","第8卷 第29期","11-14","南京"
"七日漫談：教育第一！","沙","中央周刊","1946","第8卷 第13期","19","南京"
"印度走向獨立","庸園","中央周刊","1946","第8卷 第13期","2","南京"
"天南地北：鎮邊風土記","梁則任","中央周刊","1946","第8卷 第13期","17-18","南京"
"上吉山典樂記（六）","盧冀野","中央周刊","1946","第8卷 第22期","17-19","南京"
"中立地帶問題","易水","中央周刊","1946","第8卷 第29期","1","南京"
"社論：所謂解放區目前工作大綱","靑 韋","中央周刊","1946","第8卷 第34期","2","南京"
"國內外大事：周恩來的誤栽","劉光炎","中央周刊","1946","第8卷 第28期","4","南京"
"經營西北別論","劉紹基","中央周刊","1946","第8卷 第29期","8-10","南京"
"國內外大事：伊寧事件的啟示","劉光炎","中央周刊","1946","第8卷 第26期","4","南京"
"社論：財政經濟的十字街頭","印","中央周刊","1946","第8卷 第9期","1-3","南京"
"清除學術上的奴性","陳定閎","中央周刊","1946","第8卷 第9期","14-15","南京"
"社論：新年的新任務","文伯 印","中央周刊","1946","第8卷 第1期","1-2","南京"
"土地與農村：從農村實况說到改善農民生活","耿德垠","中央周刊","1946","第8卷 第16期","8-10","南京"
"上吉山典樂記（一）","盧冀野","中央周刊","1946","第8卷 第16期","11-14","南京"
"國內外一周間：我對國際政策之正論","劉光炎","中央周刊","1946","第8卷 第43期","2-3","南京"
"嚴重的禁娼問題","王疑始","中央周刊","1946","第8卷 第22期","11-14，17-18","南京"
"急待救濟的農村","楊真為","中央周刊","1946","第8卷 第23期","4-5","南京"
"國內外大事週覽：田賦征實，理由何在？","劉光炎","中央周刊","1946","第8卷 第30期","3，9","南京"
"論人生苦樂","陳健夫","中央周刊","1946","第8卷 第35期","9-12","南京"
"國內外一周間：英國外交政策獲得一致支持","劉光炎","中央周刊","1946","第8卷 第47-48期","8","南京"
"向“訂刊獎學者”致謝","呂大文","中央周刊","1946","第8卷 第49期","14","南京"
"學宮側寫：成都中等學校介紹","熾岡","中央周刊","1946","第8卷 第9期","16","南京"
"生活素描：我落在“憲兵隊”手裏","甘松筠","中央周刊","1946","第8卷 第2-3期","20-21","南京"
"山羊·兔子·海軍","蔣","中央周刊","1946","第8卷 第27期","1","南京"
"國內外一周間：中暹邦交之前途","劉光炎","中央周刊","1946","第8卷 第44期","3","南京"
"國父論地方自治的真諦","李宗黃","中央周刊","1946","第8卷 第44期","4-6","南京"
"憲法對於人身自由之保障","羅志淵","中央周刊","1946","第8卷 第44期","7-10","南京"
"學宮側寫：記中大民主牆","曾正權","中央周刊","1946","第8卷 第9期","15-16","南京"
"英國力圖自保的新政策","瑜伽","中央周刊","1946","第8卷 第26期","8-9","南京"
"初期宋學","錢穆","中央周刊","1946","第8卷 第18期","6-9","南京"
"拿出良心來！（附圖）","放民","中央周刊","1946","第8卷 第24期","8","南京"
"給青年朋友的信：人之相處","方素","中央周刊","1946","第8卷 第24期","9，11","南京"
"國內外大事週覽：當前經濟問題的探討","劉光炎","中央周刊","1946","第8卷 第35期","4，19","南京"
"建築中的新世界：第一篇：開場白","汪叔棣","中央周刊","1946","第8卷 第35期","4-5","南京"
"民生哲學的特質","毛禮銳","中央周刊","1946","第8卷 第35期","6-8","南京"
"日本投降後的勞工問題","包埃爾 丁望","中央周刊","1946","第8卷 第49期","12-14","南京"
"七日漫談：蘇聯的撤軍","凡","中央周刊","1946","第8卷 第13期","18-19","南京"
"七日漫談：陰晴不定的國際局勢","平","中央周刊","1946","第8卷 第13期","18","南京"
"南京的經濟建設問題（上）","李清悚","中央周刊","1946","第8卷 第18期","3-5","南京"
"七日漫談：蘇聯向伊朗增兵後的局勢","平","中央周刊","1946","第8卷 第11期","19","南京"
"渝郊小品","何振","中央周刊","1946","第8卷 第11期","3-4","南京"
"第四屆徵文拔萃之四：我理想中的新大學","金烽","中央周刊","1946","第8卷 第11期","6-9","南京"
"書報春秋：外交學（H.NICOLSON原著）","姚蒸民","中央周刊","1946","第8卷 第11期","6-8","南京"
"如此民盟","方舟","中央周刊","1946","第8卷 第38期","9","南京"
"國內外大事週覽：共黨應負談判破壞責任","劉光炎","中央周刊","1946","第8卷 第38期","13","南京"
"憲草研究特輯：五五憲草中“國民大會”問題","開正懷","中央周刊","1946","第8卷 第38期","8-10","南京"
"還都後同友謁陵興懷","劉土篤","中央周刊","1946","第8卷 第30期","6","南京"
"談風格","Arnodl Burnett 蔣炳賢","中央周刊","1946","第8卷 第30期","7-9","南京"
"時局：時局相當嚴重……","印","中央周刊","1946","第8卷 第31期","1","南京"
"讀者指導：作物之重要及學習作物學之方法：對農藝系二年級生講","馮澤芳","中央周刊","1946","第8卷 第31期","8-11","南京"
"羅馬帝國的皇帝","鄭學稼","中央周刊","1946","第8卷 第31期","12-13","南京"
"我對徵收直接稅的感想","孫子敬","中央周刊","1946","第8卷 第31期","14-15","南京"
"灌縣：成都平原的水利中心","曾正權","中央周刊","1946","第8卷 第31期","15-16","南京"
"渝浦半月（二）","少微","中央周刊","1946","第8卷 第31期","16-17","南京"
"安徽民意機構的長成","汪重","中央周刊","1946","第8卷 第31期","18","南京"
"由明治維新到昭和維新（中）：從柏理提督到麥克阿瑟元帥","鄭學稼","中央周刊","1946","第8卷 第5期","4-7","南京"
"珍貴的友情：（一）敬啓者：前准貴社函約徵求訂戶……","段遇乾 黃培國 金頌頤","中央周刊","1946","第8卷 第5期","12","南京"
"人物剪影：記羅卓英先生","段德澍","中央周刊","1946","第8卷 第5期","13-14","南京"
"人物剪影：西大的文學院長：蕭一山先生","汪洋","中央周刊","1946","第8卷 第5期","14","南京"
"第四屆徵文拔萃文之二：我生平所最愛讀的書：傳記（下）","朱農","中央周刊","1946","第8卷 第5期","15-17","南京"
"尊重讀者意見誠意接受批評：長沙來鴻：對本刊的建議","劉琳森 尚峯同","中央周刊","1946","第8卷 第5期","16","南京"
"宜昌十日","友梅","中央周刊","1946","第8卷 第5期","18-19","南京"
"工業建設與社會建設","張少微 印","中央周刊","1946","第8卷 第6期","1-4","南京"
"建築中的新世界：第二篇：美蘇和平與世界和平","汪叔棣","中央周刊","1946","第8卷 第38期","11-12","南京"
"社論：巴黎和會的成就","文伯 芝","中央周刊","1946","第8卷 第39期","1，17","南京"
"七日漫譚：中國人的病，中國政黨的病！","方舟","中央周刊","1946","第8卷 第39期","7","南京"
"變愛與婚姻特輯：變愛與婚姻","毛起鵕","中央周刊","1946","第8卷 第39期","8-10","南京"
"變愛與婚姻特輯：戀愛與結婚史的演變","王疑始","中央周刊","1946","第8卷 第39期","11-14","南京"
"誰阻撓革命把誰清出革命陣營去！","馮放民","中央周刊","1946","第8卷 第40期","14-16","南京"
"徵文拔萃：我對於民生主義之認識","孟憲揚","中央周刊","1946","第8卷 第40期","15-19","南京"
"蔣主席六十壽辰紀念：蔣主席六十年來的奮鬥（附照片）","張文伯 韋","中央周刊","1946","第8卷 第41-42期","1-8，27","南京"
"邊陲風景線：文化拓荒在東勝","陶川","中央周刊","1946","第8卷 第8期","18","南京"
"七日漫談：多做些富于友誼的事","平","中央周刊","1946","第8卷 第8期","19","南京"
"天南地北：黃埔──革命軍的摇籃","段德澍","中央周刊","1946","第8卷 第18期","16","南京"
"漫話鄕情（上）","古方","中央周刊","1946","第8卷 第50期","18-19","南京"
"代表們的意見（一）： 我在國在中提出的重要主張：評憲草省縣制度一章","李宗黃","中央周刊","1946","第8卷 第50期","3-4","南京"
"代表們的意見（一）：我在國大中提出的重要主張：本人是國民大會安多__區代表……","黃正清","中央周刊","1946","第8卷 第50期","5","南京"
"代表們的意見（一）：對於憲草的意見：此次國民代表大公，首在制定憲法……","白崇禧","中央周刊","1946","第8卷 第50期","5","南京"
"明日之世界：太平洋──明日世界的“中心海”（譯自大陸報）","利森 丁望","中央周刊","1946","第8卷 第40期","10，16","南京"
"經濟問題：我國對外貿易政策商榷","顧七賦","中央周刊","1946","第8卷 第14期","5-7","南京"
"經濟問題：外滙開放後之運用問題","許品","中央周刊","1946","第8卷 第14期","8-9","南京"
"談談南京的報紙","大綬","中央周刊","1946","第8卷 第14期","12-13","南京"
"房屋的恐慌：南京漫筆之三","松風","中央周刊","1946","第8卷 第10期","11-12","南京"
"中周信箱：遺族的生活問題","李瑞麟 文伯","中央周刊","1946","第8卷 第44期","10","南京"
"國內外大事週覽：論國民大會召開問題","劉光炎","中央周刊","1946","第8卷 第39期","2","南京"
"國內外大事週覽：英國政局的波瀾","劉光炎","中央周刊","1946","第8卷 第39期","2-3","南京"
"國內外大事週覽：誰違約駐軍危害和平","劉光炎","中央周刊","1946","第8卷 第39期","3","南京"
"國內外大事週覽：經濟的波瀾","劉光炎","中央周刊","1946","第8卷 第39期","3-4","南京"
"國內外大事週覽：嚴防敵偽漢奸的殘餘","劉光炎","中央周刊","1946","第8卷 第39期","4-5","南京"
"國內外大事週覽：美國國債面面觀","劉光炎","中央周刊","1946","第8卷 第39期","5-6","南京"
"國內外大事週覽：美英間的一個小風波","劉光炎","中央周刊","1946","第8卷 第39期","6","南京"
"建築中的新世界：第三篇：美國人怎樣看蘇聯？","汪叔棣","中央周刊","1946","第8卷 第39期","4-6","南京"
"社論：政治解决之路","韋","中央周刊","1946","第8卷 第40期","1","南京"
"明日之世界：歐羅巴到何處去？","鄭學稼","中央周刊","1946","第8卷 第40期","2-7","南京"
"明日之世界：建築中的新世界：人類大課題──和平","汪叔棣","中央周刊","1946","第8卷 第40期","8-9","南京"
"名著連載：康熙帝傳（二）","白晉 林植","中央周刊","1946","第8卷 第43期","18","南京"
"中國信箱：怎樣寫得活潑","張國彩 文伯","中央周刊","1946","第8卷 第43期","19","南京"
"五五憲草與土地政策","呂道元","中央周刊","1946","第8卷 第40期","11-13，19","南京"
"明代政制概略","曾資生","中央周刊","1946","第8卷 第4期","10-11","南京"
"我生平所最愛讀的書：傳記（中）","朱晨","中央周刊","1946","第8卷 第4期","11-14","南京"
"巴蜀鱗爪：酆都不是鬼國","山客","中央周刊","1946","第8卷 第4期","14","南京"
"天南地北：從加爾各答到美國","得之","中央周刊","1946","第8卷 第4期","15-17","南京"
"巴蜀鱗爪：重慶的文化區：沙坪壩","汪洋","中央周刊","1946","第8卷 第4期","17-18","南京"
"如何造成建國的士風？","王新命 蔣","中央周刊","1946","第8卷 第5期","1-3","南京"
"邊陲風景線：蒼山洱海間的文化綠洲","雷耳","中央周刊","1946","第8卷 第8期","17-18","南京"
"讀書指導：大學農學生的治學精神及方法：對大學農學院一年級生講","馮澤芳","中央周刊","1946","第8卷 第13期","12-14","南京"
"國民黨應如何保持運氣","譚輔之 韋","中央周刊","1946","第8卷 第14期","1-3","南京"
"弦歌聲裏：中大在遷校聲中","曾正權","中央周刊","1946","第8卷 第14期","16","南京"
"弦歌聲裏：民主牆上：白沙先修班的課外活動","魯林","中央周刊","1946","第8卷 第14期","16-17","南京"
"弦歌聲裏：四川高等教育遠景","應理仁","中央周刊","1946","第8卷 第14期","17-18","南京"
"對於國大的觀感：國父孫中山先生所預定的國民黨還政於民的國民大會……","蕭賛育","中央周刊","1946","第8卷 第51-52期","3","南京"
"對於憲法草案之意見","羅家衡","中央周刊","1946","第8卷 第51-52期","4-5","南京"
"對於憲草的意見","劉__心","中央周刊","1946","第8卷 第51-52期","4","南京"
"對於國大的觀感：抗戰八載，日寇敗降……","薛篤弼","中央周刊","1946","第8卷 第51-52期","5","南京"
"社論：國民黨的新生","文伯 芝","中央周刊","1946","第8卷 第8期","2","南京"
"邊陲風景綫：風沙中的永登","馬繼曾","中央周刊","1946","第8卷 第8期","16","南京"
"邊陲風景綫：塞上江南的武威輪廓畫","安懷","中央周刊","1946","第8卷 第8期","16-17","南京"
"七日漫談：審奸工作要澈底","炳","中央周刊","1946","第8卷 第14期","18","南京"
"七日漫談：大漢奸的末日","平","中央周刊","1946","第8卷 第14期","18","南京"
"七日漫談：安理會中的伊蘇纠纷","沙","中央周刊","1946","第8卷 第14期","19","南京"
"美國在太平洋的設防（紐約航訊）","得之","中央周刊","1946","第8卷 第14期","2","南京"
"經濟問題：戰事過分利得税存廢問題","徐日清","中央周刊","1946","第8卷 第14期","3-4","南京"
"對於青年要說的幾句話","劉斐","中央周刊","1946","第8卷 第51-52期","6-7","南京"
"對於憲草的意見：中華民國制憲工作……","唐縱","中央周刊","1946","第8卷 第51-52期","7-8","南京"
"民生主義經濟制度與我國工業化","吳君豹","中央周刊","1946","第8卷 第21期","3-4","南京"
"國內外大事週覧：由共產黨决堤事件說起","劉光炎","中央周刊","1946","第8卷 第31期","3","南京"
"國內外大事週覧：和會！和會！","劉光炎","中央周刊","1946","第8卷 第31期","3-4","南京"
"國內外大事週覧：不要再讓華僑作無告孤兒吧！","劉光炎","中央周刊","1946","第8卷 第31期","4","南京"
"七日漫談：響應節約運動","炳","中央周刊","1946","第8卷 第16期","18-19","南京"
"急待解决的西北問題","徐行","中央周刊","1946","第8卷 第13期","6-8","南京"
"天南地北：開封的估衣攤","魯金","中央周刊","1946","第8卷 第13期","8","南京"
"書報春秋：孫本文著“社會思想”","陳定閎","中央周刊","1946","第8卷 第7期","14-15","南京"
"中農行有在南洋設行之必要","許聲鶚","中央周刊","1946","第8卷 第7期","9-10","南京"
"社論：民主與法治的事業","印","中央周刊","1946","第8卷 第32期","1","南京"
"儒家的富民思想","李鼎芳","中央周刊","1946","第8卷 第32期","6-7","南京"
"美蘇對立朝鮮遭殃","守康","中央周刊","1946","第8卷 第30期","1","南京"
"美國外交的徬徨","趙銘","中央周刊","1946","第8卷 第2-3期","5-7","南京"
"論選民定期的教育約製與促進敎育民主化","張少微","中央周刊","1946","第8卷 第44期","8，10","南京"
"山光水色：重來雞鳴寺：南京漫筆之四","松風","中央周刊","1946","第8卷 第11期","10","南京"
"清代政制概况","曾資生","中央周刊","1946","第8卷 第32期","8-10，5","南京"
"敎師節特輯：一個小學敎師的死","亦戎","中央周刊","1946","第8卷 第32期","15","南京"
"蘭州之冬","吴士莒","中央周刊","1946","第8卷 第7期","11","南京"
"記者節專頁：長沙的報紙","郁堅","中央周刊","1946","第8卷 第33期","14-15","南京"
"國內外大事週覧：一個應糾正的錯覺","劉光炎","中央周刊","1946","第8卷 第33期","2","南京"
"英國婦女的新時代","海琴格爾 丁望","中央周刊","1946","第8卷 第39期","15-17","南京"
"大戰逸話：日本之戰（下）","（美）柯德渣 劉信芳","中央周刊","1946","第8卷 第39期","16-18","南京"
"介绍張文伯先生（附照片）","一丁","中央周刊","1946","第8卷 第39期","19","南京"
"國內外兩週間：史迪威将軍之死","劉光炎","中央周刊","1946","第8卷 第41-42期","22","南京"
"國內外兩週間：綏靖匿施政綱領通過","劉光炎","中央周刊","1946","第8卷 第41-42期","22，27","南京"
"國內外兩週間：行總之兮後措施","劉光炎","中央周刊","1946","第8卷 第41-42期","27","南京"
"名著連載：康熙帝傳（一）","白晉 林植","中央周刊","1946","第8卷 第41-42期","23-24","南京"
"告大學新同學","李淬中","中央周刊","1946","第8卷 第41-42期","25-26","南京"
"書報春秋：評羅家倫著“新民族觀”（上）","陳定__","中央周刊","1946","第8卷 第45-46期","15-17","南京"
"對於國大的觀感：在國大開會期間，外邊對於國大代表……","曲直生","中央周刊","1946","第8卷 第51-52期","1-3","南京"
"北極戰略論","趙銘","中央周刊","1946","第8卷 第51-52期","19-22","南京"
"漫話鄕情（中）","古方","中央周刊","1946","第8卷 第51-52期","23-25","南京"
"緬甸的復興","（緬）Saw Tun 梓英","中央周刊","1946","第8卷 第51-52期","19-22","南京"
"名著連載：康熙帝傳（七）","白晉 林植","中央周刊","1946","第8卷 第51-52期","25","南京"
"書報春秋：談“中國雷風”","得之","中央周刊","1946","第8卷 第51-52期","26","南京"
"我對憲草的意見及在國大中提出的重要主張","陳言","中央周刊","1946","第8卷 第51-52期","2-3","南京"
"國內外大事：聯總的錯誤行為","劉光炎","中央周刊","1946","第8卷 第28期","3-4","南京"
"國內外大事：應負華戰日全責侵","劉光炎","中央周刊","1946","第8卷 第28期","4","南京"
"國內外大事：李明被暗殺","劉光炎","中央周刊","1946","第8卷 第28期","4","南京"
"讀書·戀愛：人生的黃金時代：長期戀愛論！","王知白","中央周刊","1946","第8卷 第31期","5-6","南京"
"國內外大事週覧：美蘇關係尖銳","劉光炎","中央周刊","1946","第8卷 第33期","2-4","南京"
"國內外大事週覧：我在和會獨伸正義","劉光炎","中央周刊","1946","第8卷 第33期","4","南京"
"國內外大事週覧：印度政治的新發展","劉光炎","中央周刊","1946","第8卷 第33期","4","南京"
"七日慢談：精兵主義","白浪","中央周刊","1946","第8卷 第8期","19-20","南京"
"復員中的合肥","樹繁","中央周刊","1946","第8卷 第19期","16-17","南京"
"七日漫談：不能聽任歷史返於舊途：貝爾納斯演說的意義","溱","中央周刊","1946","第8卷 第9期","18-19","南京"
"第四屆徵文拔萃之三：我所理想的家庭","宋素","中央周刊","1946","第8卷 第2-3期","22","南京"
"戰後世界與救濟：饑荒的世界","平沙","中央周刊","1946","第8卷 第9期","3-4","南京"
"戰後世界與救濟：美國的房荒（紐約航訊）","得之","中央周刊","1946","第8卷 第9期","5-6","南京"
"職業候補綫上：南京漫筆之二","松風","中央周刊","1946","第8卷 第9期","5-6","南京"
"戰後世界與救濟：救濟事業與客觀精神","高邁","中央周刊","1946","第8卷 第9期","6-7","南京"
"七日漫談：和平安定的阻力","炎","中央周刊","1946","第8卷 第19期","19","南京"
"當前經濟危機的對策","孟憲揚","中央周刊","1946","第8卷 第50期","15-17","南京"
"代表們的意見（一）：對於製憲與憲草之意見：欲求制憲成功……","章__若","中央周刊","1946","第8卷 第50期","2","南京"
"麥帥統治下的日本","彭斐","中央周刊","1946","第8卷 第30期","10-12","南京"
"成都報紙輪廓","熾岡","中央周刊","1946","第8卷 第10期","10","南京"
"七日漫談：西坶拉會議與印度前途","少","中央周刊","1946","第8卷 第18期","17","南京"
"代表們的意見（一）：我以蒙古代表身份要說的幾句話","白雁峰","中央周刊","1946","第8卷 第50期","5","南京"
"甚麼是完美可行的憲法","劉士駕","中央周刊","1946","第8卷 第50期","6-12","南京"
"代表們的意見（二）：對於國大的觀感","田炯錦 蔣","中央周刊","1946","第8卷 第51-52期","1","南京"
"我對於憲草的意見：國大代表選舉應兼採職葉選舉制","陳劍如","中央周刊","1946","第8卷 第51-52期","8","南京"
"文化圈內：長沙的出版業","郁堅","中央周刊","1946","第8卷 第29期","17","南京"
"廣州市上的書報","叚德澍","中央周刊","1946","第8卷 第29期","18","南京"
"分裂德國主張","守","中央周刊","1946","第8卷 第29期","1","南京"
"山光水色：憶北海道","令澳","中央周刊","1946","第8卷 第11期","13-15","南京"
"代表們的意見（二）：對於國大的觀感：國民大會係根據……","屈于芝秀","中央周刊","1946","第8卷 第51-52期","9","南京"
"行憲普選必先人口普查論","張澤仁","中央周刊","1946","第8卷 第51-52期","10-11","南京"
"憲與憲法","高莫野","中央周刊","1946","第8卷 第51-52期","11-12","南京"
"對於憲草修正案幾個意見","鴻震","中央周刊","1946","第8卷 第51-52期","13-14","南京"
"民主體制與民主精神","曹增之","中央周刊","1946","第8卷 第51-52期","15-17","南京"
"向訂刋獎學者致謝","倪士林","中央周刊","1946","第8卷 第30期","18","南京"
"兩使含笑下山","易水","中央周刊","1946","第8卷 第28期","2","南京"
"新海軍的基本條件","易水","中央周刊","1946","第8卷 第28期","2，7","南京"
"八桂西陲徭人的春節","梁筱中","中央周刊","1946","第8卷 第6期","4-5","南京"
"由明治維新到昭和維新（下）：從柏理提督到麥克阿瑟元帥","鄭學稼","中央周刊","1946","第8卷 第6期","6-8","南京"
"擾人清夢的房屋問題","高邁","中央周刊","1946","第8卷 第6期","9-14","南京"
"書報春秋：評朱東潤著張居正大傳","陳定閎","中央周刊","1946","第8卷 第6期","15-16","南京"
"長沙文化圈","蝶媒","中央周刊","1946","第8卷 第6期","17-18","南京"
"天南地北：今日湖南","媒蝶","中央周刊","1946","第8卷 第15期","13-14","南京"
"社論：政府還都的兩大意義：全面復員·統一建國","文伯 蔣","中央周刊","1946","第8卷 第16期","1-2","南京"
"七日漫談：羅斯福週年祭","沙","中央周刊","1946","第8卷 第16期","18","南京"
"世界糧食恐慌及其救濟","瑜伽","中央周刊","1946","第8卷 第23期","8-9","南京"
"巴蜀鱗爪：白沙小景","魯林","中央周刊","1946","第8卷 第4期","18","南京"
"國內外大事週覽：華北軍事展開","劉光炎","中央周刊","1946","第8卷 第36期","2","南京"
"國內外大事週覽：英美蘇三强的矛盾","劉光炎","中央周刊","1946","第8卷 第36期","2-3","南京"
"國內外大事週覽：巴黎和會的展望","劉光炎","中央周刊","1946","第8卷 第36期","3","南京"
"國內外一周間：中美關係揭開新頁","劉光炎","中央周刊","1946","第8卷 第44期","2","南京"
"國內外一周間：共黨又企圖阻撓國大","劉光炎","中央周刊","1946","第8卷 第44期","2-3","南京"
"國內外一周間：蘇聯主張全面裁軍","劉光炎","中央周刊","1946","第8卷 第44期","3","南京"
"弦歌聲裏：救救蘇北的失学青年","錢塘江","中央周刊","1946","第8卷 第12期","13","南京"
"金融與物價：物價問題的檢討","平沙","中央周刊","1946","第8卷 第8期","5-7","南京"
"金融與物價：發行“孫幣乎”？兼論法幣之整理（附圖）","許品","中央周刊","1946","第8卷 第8期","5-7","南京"
"鈎心鬥角可見一斑","易水","中央周刊","1946","第8卷 第30期","1","南京"
"物價高·生活苦·交通難：過漢口","友梅","中央周刊","1946","第8卷 第6期","17-18","南京"
"協進會憲草意見書之意見","盧峻 韋","中央周刊","1946","第8卷 第7期","1-3","南京"
"天南地北：太原雜綴：抗戰八年，不如漢奸","幼農","中央周刊","1946","第8卷 第7期","16-18","南京"
"中國的民族與中國的語文（上）","司徒凡操","中央周刊","1946","第8卷 第12期","6-7","南京"
"宋詩運動與民族自覺","賀公符","中央周刊","1946","第8卷 第12期","8","南京"
"革命故事：記温生才殺孚琦：三．“二九”廣州之役的信號","伯僑","中央周刊","1946","第8卷 第12期","9-10","南京"
"社論：申論美國對華政策並歡迎馬歇爾特使","文伯 韋","中央周刊","1946","第7卷 第51-52期","1-2","南京"
"四川省會議會首屆首次大會簡記","__門","中央周刊","1946","第7卷 第51-52期","15-17","南京"
"被捕記：讀容照兄被捕記後","張容照","中央周刊","1946","第7卷 第51-52期","16-17","南京"
"八年以來：八年來的我：八年前的冬天……","翼程","中央周刊","1946","第7卷 第51-52期","18-20","南京"
"八年以來：八年來的我：今天讓我提起沉重的筆來……","阿勇綽克圖","中央周刊","1946","第7卷 第51-52期","20-21","南京"
"八年以來：八年來的我（續）：四、保徫祖國──參加抗戰……","雲中","中央周刊","1946","第7卷 第51-52期","22-23","南京"
"文化界的一股逆流","劉兆吉","中央周刊","1946","第7卷 第51-52期","3-5","南京"
"黷武主義的結局","楊伯鐸","中央周刊","1946","第7卷 第51-52期","6-7","南京"
"鄒容的家庭","杜呈祥","中央周刊","1946","第7卷 第51-52期","8-9","南京"
"新中國教育展望：詩從頭收拾舊山河，賴教育","王文新","中央周刊","1946","第8卷 第1期","3-4","南京"
"臺灣短簡：天南地北","平邦","中央周刊","1946","第8卷 第1期","5","南京"
"台灣的文化缐","錢塘江","中央周刊","1946","第8卷 第24期","16-17","南京"
"新聞事業在廣州","段德澍","中央周刊","1946","第8卷 第24期","17-18","南京"
"社論：八天·八天以後","印","中央周刊","1946","第8卷 第24期","1，5","南京"
"土地與農村：泛論“二五減租”","盧石丞","中央周刊","1946","第8卷 第16期","6-7","南京"
"國內外大事週覽：和會僵持中","劉光炎","中央周刊","1946","第8卷 第35期","3-4","南京"
"康熙帝傳（四）","白晉 林植","中央周刊","1946","第8卷 第45-46期","17-20","南京"
"七日漫談：上海攤販風潮","方舟","中央周刊","1946","第8卷 第49期","11","南京"
"渝浦半月（一）","少__","中央周刊","1946","第8卷 第30期","17-18","南京"
"名著連載：康熙帝傳（三）","白晉 林植","中央周刊","1946","第8卷 第44期","18-20","南京"
"社論：青年學生的時代使命","芝","中央周刊","1946","第8卷 第2-3期","1-2","南京"
"由明治維新到昭和維新（上）：從柏理提督到麥克阿瑟元帥","鄭學稼 韋","中央周刊","1946","第8卷 第4期","1-4","南京"
"人事心理與抗建工作（下）：人事心理對於抗戰之關係","蕭孝嶸","中央周刊","1946","第8卷 第11期","11-12","南京"
"天南地北：加城碎錦","得之","中央周刊","1946","第8卷 第2-3期","23-24","南京"
"生活型式之改造：生活羣衆化","何若鈞","中央周刊","1946","第8卷 第13期","9-10","南京"
"七日漫談：西班牙問題：西班牙内幕與弗朗哥作風","平","中央周刊","1946","第8卷 第15期","18","南京"
"七日漫談：西班牙問題：西班牙問題怎樣解决？","平","中央周刊","1946","第8卷 第15期","18","南京"
"七日漫談：這條路走得通嗎？","炎","中央周刊","1946","第8卷 第15期","18-19","南京"
"社論：中共參加國府問題","知白 印","中央周刊","1946","第8卷 第33期","1","南京"
"取締連環圖畫","烽火","中央周刊","1946","第8卷 第12期","13","南京"
"西湖錦片","陳玉鳴","中央周刊","1946","第8卷 第4期","18","南京"
"七日漫談：由義大利的怪案說起","草","中央周刊","1946","第8卷 第18期","17-18","南京"
"敬告本屆高中畢業生","鍾俊儒","中央周刊","1946","第8卷 第23期","16-17","南京"
"東北問題的現階段","王知白","中央周刊","1946","第8卷 第8期","3-4","南京"
"國內外大事週覽：青年團的前途","劉光炎","中央周刊","1946","第8卷 第35期","2-3","南京"
"社論：“中華民國國都定於南京”","季","中央周刊","1946","第8卷 第49期","1","南京"
"青年信箱：答陝西蒲城劉魁儒君關於農林水利四問","馮澤芳","中央周刊","1946","第8卷 第19期","18","南京"
"七日漫談：外長會議休會","平","中央周刊","1946","第8卷 第19期","19","南京"
"戰地採訪生活的囘憶","佚君","中央周刊","1946","第8卷 第12期","11-12","南京"
"七日漫談：從審判漢奸說到處置逆產","炎","中央周刊","1946","第8卷 第16期","19","南京"
"七日漫談：魯爾問題","平","中央周刊","1946","第8卷 第18期","17","南京"
"馬相伯先生百歲生活","徐景賢","中央周刊","1946","第8卷 第23期","12-15","南京"
"挺經","劉樹鵬","中央周刊","1946","第8卷 第34期","15-16，5","南京"
"邊陲風景綫：水銀產地銅仁，黔東第一重鎮","翁師益","中央周刊","1946","第8卷 第10期","15","南京"
"苗區采風錄","趙捷民","中央周刊","1946","第8卷 第11期","16-18","南京"
"紀粤東中山日報","張厚蓀","中央周刊","1946","第8卷 第33期","17","南京"
"國內外一周間：日本的新憲及其政治陰谋","劉光炎","中央周刊","1946","第8卷 第44期","3","南京"
"社會福利與民主運動","張少微","中央周刊","1946","第8卷 第25期","8-10","南京"
"中西民族生活文化的分析","謝東平","中央周刊","1946","第8卷 第25期","11-14","南京"
"蜀中近聞：轟動川西的“清鄉”運動","曾正權","中央周刊","1946","第8卷 第25期","15","南京"
"上吉山典樂記（五）","盧__野","中央周刊","1946","第8卷 第21期","13-14","南京"
"DDT與自然界之均勢","V. B. Wigglesworth 郭掃","中央周刊","1946","第8卷 第21期","15-16","南京"
"伊克昭盟散記","陶川","中央周刊","1946","第8卷 第21期","17","南京"
"介紹國立中正大學","胡炎漢","中央周刊","1946","第8卷 第36期","17-18","南京"
"由五倫說到二倫一倫半倫","王疑始","中央周刊","1946","第8卷 第28期","15-17","南京"
"漫話劍川的火把節","雷耳","中央周刊","1946","第8卷 第28期","15-16，19","南京"
"給青年朋友的信：怎樣看報看雜誌？","方素","中央周刊","1946","第8卷 第20期","14-15","南京"
"國內外大事：當前的重大問題","劉光炎","中央周刊","1946","第8卷 第29期","2-3","南京"
"國內外大事：關於審理日本戰犯","劉光炎","中央周刊","1946","第8卷 第29期","3","南京"
"國內外大事週覽：共黨的謀略是什麽","劉光炎","中央周刊","1946","第8卷 第35期","2","南京"
"國內外大事週覧：蘇聯內心復熾帝俄之迷夢","劉光炎","中央周刊","1946","第8卷 第32期","4-5","南京"
"一周時事述評：國內週覧：經濟難開","劉光炎","中央周刊","1946","第8卷 第24期","5","南京"
"代表們的意見（一）：我對憲草的意見：此次憲草最大之缺點……","陳茹玄","中央周刊","1946","第8卷 第50期","3","南京"
"當前的民衆痛苦及其解除","謝肖良","中央周刊","1946","第8卷 第23期","5-7","南京"
"原子彈第一課","式如","中央周刊","1946","第8卷 第12期","10","南京"
"南京的娛樂圈","大绶","中央周刊","1946","第8卷 第15期","11-12","南京"
"從政青年在安徽","樹繁","中央周刊","1946","第8卷 第17期","12-13","南京"
"社論：時局的關鍵","芝","中央周刊","1946","第8卷 第23期","1，15","南京"
"“東江縱隊”北去以後","段德澍","中央周刊","1946","第8卷 第35期","18","南京"
"蔣主席六十壽辰紀念：從蔣主席的詩說起","粟顯運","中央周刊","1946","第8卷 第41-42期","7-10","南京"
"蔣主席六十壽辰紀念：總裁體育思想之基礎","劉德超","中央周刊","1946","第8卷 第41-42期","9-11","南京"
"“行的哲學”探奧","司徒凡操","中央周刊","1946","第8卷 第41-42期","12-14","南京"
"艱難締造中的和平大業：謹祝聯合國大會的成功","聞靜","中央周刊","1946","第8卷 第41-42期","15-18","南京"
"建築中的新世界：“聯合國”“兩個世界”“和平競爭”","汪叔棣","中央周刊","1946","第8卷 第41-42期","16-18","南京"
"國內外兩週間：談判之內幕","劉光炎","中央周刊","1946","第8卷 第41-42期","19-20","南京"
"對中華民國憲法草案修正案之批判","劉士篤","中央周刊","1946","第8卷 第47-48期","2-6","南京"
"海外通訊：聯合國之家","得之","中央周刊","1946","第8卷 第28期","18","南京"
"皖東北近情","黃冲","中央周刊","1946","第8卷 第28期","18-19","南京"
"國內外大事週覧：延安全部動員令的影嚮","劉光炎","中央周刊","1946","第8卷 第32期","5","南京"
"國內外一周間：美國會改選以後","劉光炎","中央周刊","1946","第8卷 第45-46期","8","南京"
"國內外一周間：國大代表是不是“破草鞋”？","劉光炎","中央周刊","1946","第8卷 第45-46期","8","南京"
"國內外一周間：為中蘇關係斥無聊讕言","劉光炎","中央周刊","1946","第8卷 第45-46期","8","南京"
"社論：完成歷史的莊嚴使命","蔣","中央周刊","1946","第8卷 第47-48期","1","南京"
"國內外大事週覽：從大學敎授薪津說起","劉光炎","中央周刊","1946","第8卷 第38期","14-15","南京"
"國內外大事週覽：美海軍增防地中海","劉光炎","中央周刊","1946","第8卷 第38期","15","南京"
"復刊周年紀念：一年來的本刋編輯工作","田宗","中央周刊","1946","第8卷 第38期","16","南京"
"復刊周年紀念：一年來的本刋業務","仰之","中央周刊","1946","第8卷 第38期","17-18","南京"
"復刊周年紀念：編輯室餘談：我們常常接到讀者的來信……","聞靜","中央周刊","1946","第8卷 第38期","18","南京"
"十大徵文拔萃：怎樣解救當前的經濟危機","吳伯卿","中央周刊","1946","第8卷 第38期","19-24，27","南京"
"大戰逸話：日本之戰（上）","（美）柯德渣 劉信芳","中央周刊","1946","第8卷 第38期","25-27","南京"
"憲草研究特輯：修正憲草應有的範圍","張知本","中央周刊","1946","第8卷 第38期","2","南京"
"憲草研究特輯：五權憲法與內閣制","蘇秋寶","中央周刊","1946","第8卷 第38期","3-4","南京"
"天南地北：晉東南人民的血淚呼聲：一顆鷄蛋算了命還鄉坦白受不了","幼農","中央周刊","1946","第8卷 第16期","16-17","南京"
"七日漫談：日本普選","平","中央周刊","1946","第8卷 第16期","17-18","南京"
"一周時事述評：國際週覧：外長會議重開","劉光炎","中央周刊","1946","第8卷 第24期","4","南京"
"一周時事述評：國際週覧：原子能管制問題","劉光炎","中央周刊","1946","第8卷 第24期","4","南京"
"一周時事述評：國際週覧：美蘇關係","劉光炎","中央周刊","1946","第8卷 第24期","4-5","南京"
"選都誌盛","聞洛","中央周刊","1946","第8卷 第18期","12-13","南京"
"朝天宮聽審記","大綬","中央周刊","1946","第8卷 第18期","13","南京"
"天南地北：勝利後的徐州","育羣","中央周刊","1946","第8卷 第18期","14-15","南京"
"刼後柳州","黃永柱","中央周刊","1946","第8卷 第7期","17-18","南京"
"一周時事述評：國內週覧：停戰期滿以後怎樣","劉光炎","中央周刊","1946","第8卷 第24期","5","南京"
"世界永久和平之道","Emery Reves 彭斐","中央周刊","1946","第8卷 第34期","6-10","南京"
"論社會民主","張少微","中央周刊","1946","第8卷 第34期","11-12","南京"
"從中國社會史說到現實的中國政治（下）","毛起__","中央周刊","1946","第8卷 第34期","13-14","南京"
"中周信箱：文伯先生：我是中央週刊讀者……","錢金元 文伯","中央周刊","1946","第8卷 第23期","7-9","南京"
"克倫威爾及其同時代的人物","鄭學稼","中央周刊","1946","第8卷 第35期","15-17，19","南京"
"讀報偶拾：戴錯了帽子","方舟","中央周刊","1946","第8卷 第36期","16","南京"
"七日漫話：日人的狂萎","方舟","中央周刊","1946","第8卷 第47-48期","9","南京"
"世界在動盪中：蘇聯的政略地理","（美）克勒西 君衝","中央周刊","1946","第8卷 第47-48期","10-12","南京"
"對於憲法之意見","胡秋原","中央周刊","1946","第8卷 第47-48期","21-24","南京"
"中周信箱：大公報的態度及其他","普霖 文伯","中央周刊","1946","第8卷 第47-48期","24","南京"
"名著連載：康熙帝傳（五）","白晉 林植","中央周刊","1946","第8卷 第47-48期","25-26","南京"
"文化圈內：八年來的沙坪壩：介紹一個抗戰期中突起的文化區","曾正權","中央周刊","1946","第8卷 第17期","14-16","南京"
"文化圈內：成都的文化事業","應理仁","中央周刊","1946","第8卷 第17期","16","南京"
"七日漫談：支配歐洲命運的四外長會議","平","中央周刊","1946","第8卷 第17期","17","南京"
"國內外一周間：棘手的__管制問題","劉光炎","中央周刊","1946","第8卷 第47-48期","9","南京"
"談人荒","王新命","中央周刊","1946","第8卷 第26期","2-3，19","南京"
"國內外大事：蘇聯態度突變","劉光炎","中央周刊","1946","第8卷 第26期","3","南京"
"國內外大事：原子彈試驗","劉光炎","中央周刊","1946","第8卷 第26期","3-4","南京"
"國內外大事：國民大會定期召集","劉光炎","中央周刊","1946","第8卷 第26期","4","南京"
"國內外大事：人民之聲：戡亂","劉光炎","中央周刊","1946","第8卷 第26期","4","南京"
"國內外大事週覽：不可小視的安平事件、巴黎和會展望","劉光炎","中央周刊","1946","第8卷 第30期","2-3","南京"
"中西社會本質的異同及其發展：中國人的“家”與西洋人的“海”","謝東平","中央周刊","1946","第8卷 第36期","4-7","南京"
"人生講座：愛憎悔","王佛蘇","中央周刊","1946","第8卷 第36期","8-11","南京"
"今日的南斯拉夫","包格丹·拉的查 丁望","中央周刊","1946","第8卷 第47-48期","13-18","南京"
"緬甸人語","（緬甸）Saw Tun 梓英","中央周刊","1946","第8卷 第47-48期","14-18","南京"
"世界在動盪中：建築中的新世界：國際形势中的暗礁──“否决權”","汪叔棣","中央周刊","1946","第8卷 第47-48期","19-20，18","南京"
"和平建國之要道（下）","周輯熙","中央周刊","1946","第8卷 第26期","11-13","南京"
"論人生愛恨（待續）","陳健夫","中央周刊","1946","第8卷 第26期","12-15","南京"
"威廉、亨利、黑特遜(W-H-Hudson)：一個愛好自然的近代英國散文作家","蔣炳賢","中央周刊","1946","第8卷 第26期","16-18","南京"
"上海灘之夏","子柳","中央周刊","1946","第8卷 第26期","18","南京"
"七日漫談：伊朗問題又一僵局","週","中央周刊","1946","第8卷 第17期","17","南京"
"七日漫談：弗朗哥命運將苟延乎？","壯","中央周刊","1946","第8卷 第17期","17-18","南京"
"七日漫談：荷印談判將即又離","草","中央周刊","1946","第8卷 第17期","18","南京"
"七日漫談：“合法戰利品”的定義","炳","中央周刊","1946","第8卷 第17期","18","南京"
"七日漫談：國民大會的延期","溱","中央周刊","1946","第8卷 第17期","18","南京"
"七日漫談：對飢饉宣戰","炎","中央周刊","1946","第8卷 第17期","18","南京"
"“五四”運動是三民主義的革命運動","儲景良","中央周刊","1946","第8卷 第17期","2","南京"
"論開放外滙市場","鄭德墇","中央周刊","1946","第8卷 第17期","3-4","南京"
"談節約","馮放民","中央周刊","1946","第8卷 第17期","4-5","南京"
"人生講座：達觀·進取","朱晨","中央周刊","1946","第8卷 第36期","10-11","南京"
"社論：向貪官污吏宣戰","文伯 蔣","中央周刊","1946","第8卷 第37期","1","南京"
"寥落的合肥新聞界","樹繁","中央周刊","1946","第8卷 第33期","15","南京"
"羅馬初期的偉人","鄧學稼","中央周刊","1946","第8卷 第30期","4-6","南京"
"社論：以非常的努力完成非常的事業","韋","中央周刊","1946","第8卷 第35期","1","南京"
"我們的答案","方舟","中央周刊","1946","第8卷 第35期","12","南京"
"我國公路事業機構及隸屬問題之檢討","陳本端","中央周刊","1946","第8卷 第35期","13-14，19","南京"
"國內外一周間：國民大會的召開","劉光炎","中央周刊","1946","第8卷 第47-48期","7-8","南京"
"代表們的意見（一）：我對於憲草的意見：我是來自民間的老百姓……","粟顯揚","中央周刊","1946","第8卷 第50期","4","南京"
"談立國之道：立國之道，對內要實施民主政治，提倡全民的福利，對外要和協萬邦，促進人類的進化","劉廼誠","中央周刊","1946","第8卷 第49期","2-6","南京"
"憲草修正案與杜會政策","竇季良","中央周刊","1946","第8卷 第49期","4-5","南京"
"國内外一周間：國民大會的初步成就","劉光炎","中央周刊","1946","第8卷 第49期","6","南京"
"國內外一周間：舉國一致擁護的憲草、民盟的買空賣空","劉光炎","中央周刊","1946","第8卷 第49期","6-8","南京"
"國內外一周間：聯合國大會荆棘重重","劉光炎","中央周刊","1946","第8卷 第49期","8","南京"
"建設與工程：迎接工程大時代：中國工業建設的方針是：國防與民生合一，同時是民族本位的","張桐生","中央周刊","1946","第8卷 第20期","4-7","南京"
"建設與工程：經濟建設的原則","周冠羣","中央周刊","1946","第8卷 第20期","7-8","南京"
"由族外婚說到同姓不婚","王疑始","中央周刊","1946","第8卷 第37期","13-14","南京"
"徐州雜詠：五五登徐州雲龍山（時山下舉行還都紀念）：[詩詞]","陳鍾浩","中央周刊","1946","第8卷 第37期","14","南京"
"徐州雜詠：仲秋登掃葉樓感賦：[詩詞]","陳鍾浩","中央周刊","1946","第8卷 第37期","14","南京"
"納粹崩潰内幕","嘉布里夫 波爾 君衡","中央周刊","1946","第8卷 第37期","15-19","南京"
"國內外大事週覽：美國理想主義的勝利","劉光炎","中央周刊","1946","第8卷 第37期","2-3","南京"
"國內外大事週覽：巴黎和會以外的折衝","劉光炎","中央周刊","1946","第8卷 第37期","3","南京"
"國內外大事週覽：共軍的武力足恃乎？","劉光炎","中央周刊","1946","第8卷 第37期","3","南京"
"建築中的新世界：英國往何處去","汪叔棣","中央周刊","1946","第8卷 第49期","9-11","南京"
"七日漫談：建都問題","方舟","中央周刊","1946","第8卷 第49期","9","南京"
"七日漫談：嘘，吵，鬧","方舟","中央周刊","1946","第8卷 第49期","9-10","南京"
"代表們的意見（一）：我在國大中提出的重要主張：無國防即無自由，無國防即無生活，國防組織權與國軍統帥權須相輔而行","陳孝威 印","中央周刊","1946","第8卷 第50期","1-2","南京"
"五權憲法含治人和治法兩種精神","江海潮","中央周刊","1946","第8卷 第50期","9-10","南京"
"七日漫話：香港作怪","方舟","中央周刊","1946","第8卷 第50期","11","南京"
"七日漫話：盲人世界","方舟","中央周刊","1946","第8卷 第50期","11","南京"
"建設與工程：薩凡奇與李冰父子","孫丹忱","中央周刊","1946","第8卷 第20期","9","南京"
"社論：拿出辦法來！","蔣","中央周刊","1946","第8卷 第21期","1","南京"
"儒家的民本思想","李鼎芳","中央周刊","1945","第7卷 第40期","15-17","重庆"
"邊疆研究：怎樣做一個邊疆敎育人員","徐行","中央周刊","1945","第7卷 第43-44期","10-12","重庆"
"迎勝利後的國慶","王新命 印","中央周刊","1945","第7卷 第39-40期","1-2","重庆"
"革命史話：革命旗的誕生","許師愼","中央周刊","1945","第7卷 第39-40期","20-22","重庆"
"天南地北：同德艦擱淺記","若霞","中央周刊","1945","第7卷 第45期","11-14","重庆"
"銅梁之行","文伯","中央周刊","1945","第7卷 第17期","9-12","重庆"
"世界一月","新命","中央周刊","1945","第7卷 第17期","10-13","重庆"
"聯合國憲章的總檢討","陶__ 印","中央周刊","1945","第7卷 第30-31期","1-4","重庆"
"近來問題的剖析","陳鍾浩","中央周刊","1945","第7卷 第37-38期","11-13","重庆"
"我所見到的慘敗的日本","陳博生 守仁","中央周刊","1945","第7卷 第37-38期","13-15","重庆"
"社論：歐洲暗雲與世界新理念（附圖）","宋孟桃","中央周刊","1945","第7卷 第45期","3-5","重庆"
"社論：中國青年思想之路（附圖）","沈南鄉","中央周刊","1945","第7卷 第45期","6-8","重庆"
"書報春秋：生之原理的人生論","黃義本","中央周刊","1945","第7卷 第6-7期","14-16","重庆"
"軍的防禦方式","克年席夫 裘維瑛","中央周刊","1945","第7卷 第6-7期","16-17","重庆"
"倭寇的運命","龔德柏 蔣","中央周刊","1945","第7卷 第8-9期","1-3","重庆"
"世界一月：甲、亞洲：（二）緬甸之戰：本月緬甸戰事可分兩方面……","新命","中央周刊","1945","第7卷 第8-9期","20","重庆"
"珍貴的友情","楊先義","中央周刊","1945","第7卷 第10期","15","重庆"
"世界一月：乙、歐洲：（二）東線的一月：東線戰事以一月爲最壯觀……","新命","中央周刊","1945","第7卷 第8-9期","22-23","重庆"
"中國史上之宗敎革命","錢穆","中央周刊","1945","第7卷 第43-44期","13-16","重庆"
"社論：展開文化之戰","文伯","中央周刊","1945","第7卷 第40期","2","重庆"
"聯合國憲章的總檢討","陶樾","中央周刊","1945","第7卷 第40期","3-6","重庆"
"經濟建設：中國經濟建設的途徑","甘乃光 右民","中央周刊","1945","第7卷 第40期","7-8","重庆"
"和平建國的必要途徑","錢納水","中央周刊","1945","第7卷 第41-42期","1-2","重庆"
"經濟·生活：實施計劃經濟芻議：以推行合作爲基點（附圖）","童世希","中央周刊","1945","第7卷 第46期","3-6","重庆"
"教育·文化：全世界有遠見的教育家聯合起來：獻給聯合國文化教育機構","王文新","中央周刊","1945","第7卷 第47-48期","2-3","重庆"
"教育·文化：侵略主義之失敗","楊伯鐸","中央周刊","1945","第7卷 第47-48期","4-6","重庆"
"敎育·文化：論文化建設","宋孟桃","中央周刊","1945","第7卷 第47-48期","7","重庆"
"十四年來的東北","匡扶","中央周刊","1945","第7卷 第47-48期","8-9，6","重庆"
"八年以來：八年來的我（未完）","楊保民","中央周刊","1945","第7卷 第47-48期","10-11","重庆"
"八年以來：血的囘憶（中、下）","上官青","中央周刊","1945","第7卷 第47-48期","12-19","重庆"
"徵文聯歡座談紀要（中華民國三十四年十一月二十五日）","沙","中央周刊","1945","第7卷 第47-48期","20，22-23","重庆"
"社論：政黨與民主","文伯 印","中央周刊","1945","第7卷 第49-50期","1","重庆"
"海外通訊：西行雜記（二）","趙得之","中央周刊","1945","第7卷 第41-42期","18-19","重庆"
"六十年來之中國憲政運動","劉迺誠 韋","中央周刊","1945","第7卷 第43-44期","1-3","重庆"
"重慶雜寫（三）：坐茶館","黃洛","中央周刊","1945","第7卷 第43-44期","20-22","重庆"
"“陝北歸來答客問”三版序","張文伯","中央周刊","1945","第7卷 第49-50期","19","重庆"
"重慶雜寫：居大不易","黃洛","中央周刊","1945","第7卷 第41-42期","20-21","重庆"
"記中央研究院地質研究所發現鈾礦經過","吳磊伯","中央周刊","1945","第7卷 第41-42期","21","重庆"
"談日本的主要戰犯","林植","中央周刊","1945","第7卷 第41-42期","2-4","重庆"
"復員建國聲中改革地方政制之新趨勢","于彥勝","中央周刊","1945","第7卷 第41-42期","5-7","重庆"
"學術研究：打開學術研究之門","高邁","中央周刊","1945","第7卷 第41-42期","8-9","重庆"
"學術研究：科學研究與經濟建設","丘斌存","中央周刊","1945","第7卷 第41-42期","9-10","重庆"
"學術研究：如何從事學術研究","穆超","中央周刊","1945","第7卷 第41-42期","10-12","重庆"
"中國復興的資金和技術問題","蔣君章","中央周刊","1945","第7卷 第41-42期","13-16","重庆"
"談談美國婦女","建人","中央周刊","1945","第7卷 第41-42期","17-19","重庆"
"八年以來：八年来的我（下）","楊保民","中央周刊","1945","第7卷 第49-50期","20-21","重庆"
"八年以來：八年來的我：烽火連天恨亂離──逃難生活","雲中","中央周刊","1945","第7卷 第49-50期","21-23","重庆"
"國內外大事週覽：英國人得隴望蜀","劉光炎","中央周刊","1946","第8卷 第37期","3","南京"
"國內外大事週覽：清查團的敎育意義","劉光炎","中央周刊","1946","第8卷 第37期","3，9","南京"
"金元統治下之新道教","錢穆","中央周刊","1946","第8卷 第37期","4-7","南京"
"我國公路事業經費問題","陳本端","中央周刊","1946","第8卷 第37期","8-9","南京"
"談保薦","李鼎芳","中央周刊","1946","第8卷 第37期","10-11","南京"
"社論：堅定革命的信念","韋","中央周刊","1946","第8卷 第38期","1，16","南京"
"今日之土耳其","Malcolm Burr 梓英","中央周刊","1946","第8卷 第43期","7-11","南京"
"社論：停止衝突·永奠和平","蔣","中央周刊","1946","第8卷 第44期","1","南京"
"國內外一周間：九龍葡警踢斃小販","劉光炎","中央周刊","1946","第8卷 第43期","19","南京"
"建築中的新世界：世界和平的危機","汪叔棣","中央周刊","1946","第8卷 第43期","5-6","南京"
"憲草研究特輯：對政治協商會修改憲草原則的批判","劉士篤","中央周刊","1946","第8卷 第38期","5-7","南京"
"日寇由戰敗到投降的祕史","鄭學稼","中央周刊","1946","第8卷 第43期","7-13","南京"
"漫談哈薩克","吴語","中央周刊","1946","第8卷 第21期","18","南京"
"到寗夏來","盛勝","中央周刊","1946","第8卷 第21期","19","南京"
"烏雲密佈下的國際局势","劉光炎","中央周刊","1946","第8卷 第21期","2-4","南京"
"我生平所最愛讀的書：傳記（上）","朱晨","中央周刊","1946","第8卷 第2-3期","13-16","南京"
"佛學傳入對中國思想界之影響","錢穆","中央周刊","1946","第8卷 第2-3期","17-19","南京"
"國內外大事週覽：美軍在中國成問題嗎？","劉光炎","中央周刊","1946","第8卷 第38期","13-14","南京"
"國內外大事週覽：北極線上之緊張","劉光炎","中央周刊","1946","第8卷 第38期","14","南京"
"國內外兩週間：巴黎和會閉幕矣！","劉光炎","中央周刊","1946","第8卷 第41-42期","20","南京"
"國內外兩週間：鎭定世局的兩大呼聲","劉光炎","中央周刊","1946","第8卷 第41-42期","20-22","南京"
"台灣歸來（一）","劉光炎","中央周刊","1946","第8卷 第43期","14-16","南京"
"國內外一周間：對公教人員生活應稍稍關心！","劉光炎","中央周刊","1946","第8卷 第45-46期","8","南京"
"世界和平的關健：對德問題的協議","（法）皮杜爾 君衡","中央周刊","1946","第8卷 第45-46期","3-4","南京"
"中周信箱：文伯主編先生台鑒：日昨接……","王良嘉","中央周刊","1946","第8卷 第25期","3","南京"
"一周時事述評：國際週覽：四外長會議的進展","劉光炎","中央周刊","1946","第8卷 第25期","4","南京"
"一周時事述評：國際週覽：聯合國教育科學文化組織約章成立","劉光炎","中央周刊","1946","第8卷 第25期","4-5","南京"
"一周時事述評：國際週覽：菲律賓獨立之祝賀","劉光炎","中央周刊","1946","第8卷 第25期","5","南京"
"一周時事述評：國內週覽：政府仍以政治手段解决當前問題","劉光炎","中央周刊","1946","第8卷 第25期","5","南京"
"建築中的新世界：誰領導民主的美國？","汪叔棣","中央周刊","1946","第8卷 第45-46期","5-6","南京"
"國內外一周間：政府極度忍讓國大延期三天","劉光炎","中央周刊","1946","第8卷 第45-46期","7","南京"
"國內外一周間：當前之憲草問題","劉光炎","中央周刊","1946","第8卷 第45-46期","7","南京"
"論經濟建設體制及其實際問題","周冠羣","中央周刊","1946","第8卷 第21期","5-7","南京"
"中印關係及其前途","梅農","中央周刊","1946","第8卷 第21期","8","南京"
"中周信箱：文伯主編先生：我是貴刊愛好者……","劉竑 文伯","中央周刊","1946","第8卷 第22期","10","南京"
"別矣，美利堅：一位丹麥文士的美國觀","Hans Benclix 唐達聰","中央周刊","1946","第8卷 第25期","9-10","南京"
"菲島獨立所給予我的感想","錢納水","中央周刊","1946","第8卷 第25期","2-3","南京"
"善爲遁辭的周作人","劉兆吉","中央周刊","1946","第8卷 第14期","14","南京"
"弦歌聲裏：小温泉的初春","黃純之","中央周刊","1946","第8卷 第14期","15-16","南京"
"社論：東北問題的癥結及其演變","文伯 芝","中央周刊","1946","第8卷 第15期","1-2","南京"
"天南地北：青年節在黃花崗","段德澍","中央周刊","1946","第8卷 第15期","14-15","南京"
"天南地北：春風吹度玉門關","吳語","中央周刊","1946","第8卷 第15期","15-16","南京"
"天南地北：徐州利國驛車站風景線","劉體元","中央周刊","1946","第8卷 第15期","16-17","南京"
"七日漫談：西班牙問題：一致聲討弗朗哥","平","中央周刊","1946","第8卷 第15期","17","南京"
"讀書指導：如何做農科研究生：對大學研究院農科研究生講","馮澤芳","中央周刊","1946","第8卷 第15期","7-9","南京"
"一周時事述評：國內週覽：中共今後的措施","劉光炎","中央周刊","1946","第8卷 第25期","5","南京"
"共產黨又一次反美宣傳","文伯 芝","中央周刊","1946","第8卷 第26期","1","南京"
"請勿再以人民為芻狗：水能載舟亦能覆舟","江世祿","中央周刊","1946","第8卷 第26期","10","南京"
"七日漫談：郭懺之案","方舟","中央周刊","1946","第8卷 第49期","10-11","南京"
"弱小民族解放運動之開展","諶小岑","中央周刊","1946","第8卷 第24期","6-7","南京"
"最獨立的菲列濱共和國（下）","蔣君章","中央周刊","1946","第8卷 第27期","8-13","南京"
"汎斯拉夫會議","易水","中央周刊","1946","第8卷 第28期","2","南京"
"由歸綏到廬山","陶川","中央周刊","1946","第8卷 第30期","12","南京"
"徵文拔萃：我的一個理想","曾正權","中央周刊","1946","第8卷 第44期","11-14","南京"
"閒話美國出版界","得之","中央周刊","1946","第8卷 第24期","12-13","南京"
"國內外大事週覧：司馬聯合聲明","劉光炎","中央周刊","1946","第8卷 第31期","4，11","南京"
"蘭寗國道通車記","盛勝","中央周刊","1946","第8卷 第33期","18","南京"
"國內外大事週覽：估領日本一年以後","劉光炎","中央周刊","1946","第8卷 第34期","5","南京"
"七日漫談：陳逆公博被判死刑","炳","中央周刊","1946","第8卷 第15期","19","南京"
"怎樣建設三民主義的新中國","許之玢","中央周刊","1946","第8卷 第24期","15，18","南京"
"天南地北：鎮江的難民羣","金重","中央周刊","1946","第8卷 第20期","18","南京"
"天南地北：珠江畔的糧荒","丫一","中央周刊","1946","第8卷 第20期","18-19","南京"
"割去上海的毒瘤","王新命","中央周刊","1946","第8卷 第20期","2-3","南京"
"上吉山典樂記（八）","盧冀野","中央周刊","1946","第8卷 第24期","13-14","南京"
"展開革新黨務運動","鄧晉和","中央周刊","1946","第8卷 第24期","7","南京"
"社論：年內召開國民大會","蔣","中央周刊","1946","第8卷 第25期","1","南京"
"論我國今後對外貿易政策","許品","中央周刊","1946","第7卷 第51-52期","10-11","南京"
"英國民主化及社會化運動之發展","周子亞","中央周刊","1946","第8卷 第7期","2-4","南京"
"一周時事述評：國內週覽：當前之經濟問題","劉光炎","中央周刊","1946","第8卷 第25期","5","南京"
"現代兒童福利的科學基礎","高邁","中央周刊","1946","第8卷 第27期","10-12","南京"
"論人生愛恨（續完）","陳健夫","中央周刊","1946","第8卷 第27期","13-14","南京"
"點點滴滴：寫在敵人罪行照片集子前面的幾句話","陳光敬","中央周刊","1946","第8卷 第27期","13-14","南京"
"土耳其選舉戰","易水","中央周刊","1946","第8卷 第28期","2","南京"
"來函照登：文伯先生道席……","何珍吾","中央周刊","1946","第8卷 第23期","15","南京"
"土地與農村：限田制擬議","林運元","中央周刊","1946","第8卷 第16期","3-5","南京"
"國內外一周間：內蒙的前途","劉光炎","中央周刊","1946","第8卷 第47-48期","8-9","南京"
"傳敍文學底嘗試","朱東潤","中央周刊","1946","第8卷 第2-3期","9-12","南京"
"社論：慶祝國府還都","印","中央周刊","1946","第8卷 第17期","1","南京"
"天南地北：“人為的粮荒”：山西人民的疾苦","幼農","中央周刊","1946","第8卷 第18期","15-16","南京"
"社論：共產黨禍國殃民的眞憑實據","芝","中央周刊","1946","第8卷 第19期","1-3","南京"
"影劇春秋：略評“萬世師表”","蔣敦","中央周刊","1946","第8卷 第19期","16-18","南京"
"國內外大事週覧：外匯調整的原因與反響","劉光炎","中央周刊","1946","第8卷 第32期","2-4","南京"
"高利率與黑息","葛之莖","中央周刊","1946","第8卷 第33期","9-11","南京"
"總論南北朝隋唐的儒學","錢穆","中央周刊","1946","第8卷 第12期","3-5","南京"
"美國政潮的平息","聞靜 韋","中央周刊","1946","第8卷 第36期","1","南京"
"施行一次財產稅管見","陳肇育","中央周刊","1946","第8卷 第36期","12","南京"
"編纂通俗法學叢書之擬議","王__嘉","中央周刊","1946","第8卷 第36期","13-16","南京"
"美國記者眼中的吏達林","古爾摩 得之","中央周刊","1946","第8卷 第27期","6-7","南京"
"七日漫話：關於請願","方舟","中央周刊","1946","第8卷 第50期","11-12","南京"
"民主政治的發展與變化","陳柏心","中央周刊","1946","第8卷 第17期","6-9","南京"
"農業建設：中國農業建設方案","鄒秉文","中央周刊","1946","第8卷 第1期","6-17","南京"
"抗戰時期與建國時期之農業","馮澤芳","中央周刊","1946","第8卷 第1期","18-20","南京"
"從“國家權利”走向“世界權利”：改造世界的一個基本原則","羅士培 周子亞","中央周刊","1946","第8卷 第4期","5","南京"
"鄕鎮建設：整理鄉政與復興農村","馮少異","中央周刊","1946","第8卷 第4期","6-9","南京"
"鄕鎮建設：智識青年與鄉鎮建設","盧少懷","中央周刊","1946","第8卷 第4期","8-9","南京"
"文化圈內：苦幹的西工：西北學府介紹之一","汪洋","中央周刊","1946","第8卷 第17期","9","南京"
"美日戰爭祕件：馬歇爾致杜威密函","君衡 馬歇爾","中央周刊","1946","第8卷 第17期","10-12","南京"
"錦城的“花會”","熾岡","中央周刊","1946","第8卷 第17期","11-12","南京"
"生活素描：囘憶鄕村教學時","王申叔","中央周刊","1946","第8卷 第2-3期","20","南京"
"國內外大事：如何對付日本黷武主義","劉光炎","中央周刊","1946","第8卷 第29期","3","南京"
"小國的精神勝利","守康 蔣","中央周刊","1946","第8卷 第30期","1","南京"
"蘇聯內幕","Andrc Visson 彭斐","中央周刊","1946","第8卷 第27期","4-7","南京"
"對於婚禮的小建議","吳鐵城","中央周刊","1946","第8卷 第22期","9-10","南京"
"珍珠港案與美國黨爭（紐約航訊）","趙銘","中央周刊","1946","第8卷 第1期","23-25","南京"
"晚明學術","錢穆","中央周刊","1946","第8卷 第45-46期","9-11，21","南京"
"南京衞戍戰回憶","譚道平","中央周刊","1946","第8卷 第21期","11-12","南京"
"國內外一周間：聯合國文教會議開幕","劉光炎","中央周刊","1946","第8卷 第47-48期","9","南京"
"國內外一周間：修正進出口貿易暫行辦法公佈","劉光炎","中央周刊","1946","第8卷 第47-48期","9","南京"
"國內外大事週覽：改組政府談判前途","劉光炎","中央周刊","1946","第8卷 第34期","3-4","南京"
"國內外大事週覽：對台灣的寄語","劉光炎","中央周刊","1946","第8卷 第34期","4","南京"
"國內外大事週覽：蘇聯與各方關係愈惡劣","劉光炎","中央周刊","1946","第8卷 第34期","4-5","南京"
"國內外大事週覽：聯總對中國的認識","劉光炎","中央周刊","1946","第8卷 第34期","5","南京"
"最近出版的幾本與中國有關的書","得之","中央周刊","1946","第8卷 第33期","11-12","南京"
"國內外大事：法共新動向","劉光炎","中央周刊","1946","第8卷 第27期","2","南京"
"國內外大事週覽：統一德國行政的建議","劉光炎","中央周刊","1946","第8卷 第35期","3","南京"
"七日慢談：不能混為一談","白浪","中央周刊","1946","第8卷 第8期","20","南京"
"“抗戰九年雜記”的一段（下）","鄭學稼","中央周刊","1946","第8卷 第10期","12-14","南京"
"三個月來記者生活之囘憶","張紀年","中央周刊","1946","第8卷 第33期","16-17","南京"
"爭取民族由自的鬥士們","鄭學稼","中央周刊","1946","第8卷 第34期","17-20","南京"
"七日漫談：西班牙問題：弗朗哥的罪狀","平","中央周刊","1946","第8卷 第15期","17-18","南京"
"徐州文訊：戰後的徐州的文化……","育羣","中央周刊","1946","第8卷 第19期","17","南京"
"上吉山典樂記（四）","盧__野","中央周刊","1946","第8卷 第20期","16-18","南京"
"上海黃金時代的結束","王新命","中央周刊","1946","第8卷 第24期","2-3","南京"
"蜀中近聞：記北碚測校一同學之死","梅郎","中央周刊","1946","第8卷 第25期","16","南京"
"國內外大事：聯總停發中國救濟物資","劉光炎","中央周刊","1946","第8卷 第27期","2","南京"
"歐洲和會開幕","守康 芝","中央周刊","1946","第8卷 第29期","1","南京"
"國際監察與主權","守康","中央周刊","1946","第8卷 第30期","1","南京"
"國內外大事週覽：由夾縫中的希臘誌記","劉光炎","中央周刊","1946","第8卷 第36期","3","南京"
"民主與言論集會結社自由","袁晴暉","中央周刊","1946","第8卷 第15期","3-4","南京"
"論大學訓導","柴志明","中央周刊","1946","第8卷 第15期","4-5","南京"
"科學與社會進步","陳定閎","中央周刊","1946","第8卷 第15期","6-7","南京"
"明日之憂慮","高邁","中央周刊","1946","第8卷 第19期","4-6","南京"
"我對中國歷史的另一種看法（上）","劉土篤","中央周刊","1946","第8卷 第8期","8-9","南京"
"“抗戰九年雜記”的一段（上）","鄭学稼","中央周刊","1946","第8卷 第8期","14-15","南京"
"讀書·戀愛：讀青年朋友的信：下學期的讀書問題","方象","中央周刊","1946","第8卷 第31期","7","南京"
"國內外大事週覧：聞案水落石出以後","劉光炎","中央周刊","1946","第8卷 第33期","4","南京"
"七日漫談：日戰犯開審","壯","中央周刊","1946","第8卷 第18期","18","南京"
"開封雜寫","魯金","中央周刊","1946","第8卷 第19期","5-6","南京"
"社論：怎樣穩定物價？","韋","中央周刊","1946","第8卷 第22期","1-2，18","南京"
"讀書指導：我的讀書生活","羅根澤","中央周刊","1946","第8卷 第8期","10-12","南京"
"寥落的都城：南京漫筆之一","松風","中央周刊","1946","第8卷 第8期","13","南京"
"漫話上海報業","秉英","中央周刊","1946","第8卷 第8期","13-15","南京"
"和平建國之要道（上）","周緝熙","中央周刊","1946","第8卷 第25期","6-7","南京"
"大戰逸話：法蘭西之戰","（美）柯德渣 劉信芳","中央周刊","1946","第8卷 第27期","15-19","南京"
"國內外大事：由四國外長會議說到和平會議","劉光炎","中央周刊","1946","第8卷 第28期","3","南京"
"七日漫談：法越之間","平","中央周刊","1946","第8卷 第11期","18-19","南京"
"我對中國歷史的另一種看法（下）","劉士篤","中央周刊","1946","第8卷 第9期","8-9","南京"
"建國教育問題：略論我國的教育方針和學制","江士傑","中央周刊","1946","第8卷 第9期","10-11","南京"
"建國時期的師資問題","雷耳","中央周刊","1946","第8卷 第9期","11-12","南京"
"建國教育問題：對於中學導師的幾點意見","劉兆吉","中央周刊","1946","第8卷 第9期","12-13","南京"
"大戰逸話：德意志之戰","（美）柯德渣 劉信芳","中央周刊","1946","第8卷 第30期","13-17","南京"
"人性的恢復","章育材","中央周刊","1946","第8卷 第44期","13-14","南京"
"台灣歸來（二）","鄒光炎","中央周刊","1946","第8卷 第44期","15-17","南京"
"文化合作與世界和平：聆英國羅士培教授演講後有感而作","芮鶴九 蔣","中央周刊","1946","第8卷 第10期","1-2","南京"
"邊陲風景綫：落後的黔北","李存傑","中央周刊","1946","第8卷 第10期","15-16","南京"
"邊陲風景線：禮巡礦煤旗阿夏寧","勝咸","中央周刊","1946","第8卷 第10期","17","南京"
"七日漫談：醞釀中的三強會議","溱","中央周刊","1946","第8卷 第10期","18","南京"
"七日漫談：瀋陽蘇軍的“撤退”","大","中央周刊","1946","第8卷 第10期","18-19","南京"
"七日漫談：舉世目光為什麽集中在東北？","平","中央周刊","1946","第8卷 第10期","19","南京"
"邊陲風景線：迪化來鴻斷片","陳光榮","中央周刊","1946","第8卷 第10期","18","南京"
"英美軍事同盟的論調","平沙","中央周刊","1946","第8卷 第10期","3-4","南京"
"人事心理與抗建工作（上）：人事心理之意義","蕭孝嶸","中央周刊","1946","第8卷 第10期","5-6","南京"
"縣政三病","朱沛人","中央周刊","1946","第8卷 第10期","6-8","南京"
"生活在譯員軍訓班","任舒平","中央周刊","1946","第8卷 第10期","9-10","南京"
"社論：蔣主席兩大啓示：保全東北主權，開創建國風尚","文伯 韋","中央周刊","1946","第8卷 第18期","1","南京"
"東北問題的癥結：在于國際強權政治歷史的重演，蘇聯正在挑動着兩個火藥庫；伊朗的亞塞爾拜然，中國的東北","王新命 韋","中央周刊","1946","第8卷 第11期","1-5","南京"
"花溪的誘惑","馮遠","中央周刊","1946","第8卷 第11期","17","南京"
"國內外大事：外長會議的成就","劉光炎","中央周刊","1946","第8卷 第27期","2","南京"
"國內外大事：原子能委員會通過三大計劃","劉光炎","中央周刊","1946","第8卷 第27期","2","南京"
"友聲：沒有選票怎麼辦？","武經繪","中央周刊","1947","第9卷 第50期","3","南京"
"中國在美國人心目中的低潮","陸鏗","中央周刊","1947","第9卷 第49期","9","南京"
"溫熱的港都高雄","蘇桐","中央周刊","1947","第9卷 第17期","24-25，18","南京"
"新聞與寫作","陳博生 元化","中央周刊","1947","第9卷 第40期","23","南京"
"民選专輯：論大選的命脈：選舉經費","王鼎鼐","中央周刊","1947","第9卷 第40期","24","南京"
"近百年來的希臘","Adelaide Keu 寧孝懃","中央周刊","1947","第9卷 第25期","17","南京"
"改進蘇北鹽墾區問題（附表）","季君勉","中央周刊","1947","第9卷 第25期","10-12","南京"
"日本戰犯與準備侵略戰爭（下）","鄭学稼","中央周刊","1947","第9卷 第44期","6-7","南京"
"行政，人事，進修：革新行政最低調","曹增之","中央周刊","1947","第9卷 第44期","8-10","南京"
"行政，人事，進修：公務人員的進修問題","華景芳","中央周刊","1947","第9卷 第44期","11-12","南京"
"三月與十月事件","鄭學稼","中央周刊","1947","第9卷 第48期","10-12","南京"
"從援華援歐說到助人自助","劉光炎","中央周刊","1947","第9卷 第49期","10-11","南京"
"民選专輯：論選舉制度","侯紹文","中央周刊","1947","第9卷 第46期","15-20","南京"
"蘇聯政治局巨頭塑像（上）（附圖表）","君衡","中央周刊","1947","第9卷 第1期","25-26","南京"
"友聲：莫忘前方將士","黃若愚","中央周刊","1947","第9卷 第51期","3","南京"
"國際論衡選萃：一，中國政府與民主","君羊","中央周刊","1947","第9卷 第51期","23","南京"
"名著連載：康熙帝傳（十四）","白晉 林植","中央周刊","1947","第9卷 第34期","23-24","南京"
"中國經濟建設的方向政策及其前途","吳斐丹","中央周刊","1947","第9卷 第1期","15-16","南京"
"從封建之領域轉向到自由之領域","陳安仁","中央周刊","1947","第9卷 第5-6期","22-23","南京"
"中國工人紀念五一節的時代使命","水祥雲","中央周刊","1947","第9卷 第19期","10","南京"
"夏日","蘇堤","中央周刊","1947","第9卷 第34期","24","南京"
"大廳中（上）","（德）施篤姆 天行","中央周刊","1947","第9卷 第45期","26-27","南京"
"放任乎？管制乎？","高叔康","中央周刊","1947","第9卷 第51期","6-7","南京"
"中國歷史轉變所指定之範圍","陳安仁","中央周刊","1947","第9卷 第3期","4","南京"
"墨家的起源","王疑始","中央周刊","1947","第9卷 第39期","10-14","南京"
"我愛好集郵：獲獎徵文之三","董新和","中央周刊","1947","第9卷 第45期","23-25","南京"
"我愛好音樂","胡德涵","中央周刊","1947","第9卷 第45期","24-25","南京"
"我愛好攝影：獲獎徵文之二","孫嘉麟","中央周刊","1947","第9卷 第45期","23","南京"
"紀念五一節應有的認識與努力","吳開先","中央周刊","1947","第9卷 第19期","7","南京"
"我的希望：我希望中國政治安定……","王良嘉","中央周刊","1947","第9卷 第1期","6-7","南京"
"農村勞動者的福利設施：農村福利中心站","竇季良","中央周刊","1947","第9卷 第19期","8","南京"
"美國經濟的趨向","趙銘","中央周刊","1947","第9卷 第39期","4-5","南京"
"歲秒讀書談","陳定聞","中央周刊","1947","第9卷 第1期","8-9，7","南京"
"大廳中（下）","（德）施篤姆 天行","中央周刊","1947","第9卷 第46期","21","南京"
"晉南共黨的殘暴","張強立","中央周刊","1947","第9卷 第51期","10","南京"
"友聲：所望於民青兩黨者","蕭翊","中央周刊","1947","第9卷 第49期","5","南京"
"書報春秋：評范文瀾主編“中國通史簡編”","杜呈祥","中央周刊","1947","第9卷 第45期","14-17","南京"
"天風海濤樓箚記","伯商","中央周刊","1947","第9卷 第49期","27-29","南京"
"正論匡時：[題詞]","宋子文","中央周刊","1947","第9卷 第2期","4","南京"
"安南要求自由","Lorna B G. robb 梓英","中央周刊","1947","第9卷 第3期","22-24","南京"
"我的希望","陶樾","中央周刊","1947","第9卷 第1期","5-6","南京"
"闡楊國策文……：[題詞]","蔣夢禱","中央周刊","1947","第9卷 第1期","5","南京"
"名著連載：康熙帝傳（九）","白晉 林植","中央周刊","1947","第9卷 第3期","24-25","南京"
"共產黨的末日","林木","中央周刊","1947","第9卷 第17期","25","南京"
"梅隱盦譚脞","厚菴","中央周刊","1947","第9卷 第49期","30-31","南京"
"批評之批評：弔張松式的論客","明乙","中央周刊","1947","第9卷 第51期","22","南京"
"美國戰後的婦女職業趨勢","得之","中央周刊","1947","第9卷 第13期","22","南京"
"“為法治奮鬥”的共鳴","陳雨甘","中央周刊","1947","第9卷 第13期","23","南京"
"名著連載：康熙帝傳（十一）","白晉 林植","中央周刊","1947","第9卷 第13期","24-25","南京"
"行政，人事，進修：論事務官的任用與保障","趙章黼","中央周刊","1947","第9卷 第44期","12-13","南京"
"批評之批評：統一律和排中律","洪汶","中央周刊","1947","第9卷 第49期","17","南京"
"批評之批評：可悲的自由主義者","劉三","中央周刊","1947","第9卷 第49期","17","南京"
"批評之批評：一切爲了“祖國”","明乙","中央周刊","1947","第9卷 第49期","17-18","南京"
"批評之批評：樊某與阿Q","廬山","中央周刊","1947","第9卷 第49期","18","南京"
"論收回澳門","廖燦平","中央周刊","1947","第9卷 第34期","3-4","南京"
"論思想（下）","胡秋原","中央周刊","1947","第9卷 第25期","3-8","南京"
"社論：我們有獨立自主的立場","芝","中央周刊","1947","第9卷 第46期","2","南京"
"祇聞樓梯嚮不見人下來：[畫圖]","黃墅","中央周刊","1947","第9卷 第48期","4","南京"
"友聲：誘導重于壓迫","王震","中央周刊","1947","第9卷 第49期","4","南京"
"社論：進入重大决定之年","季","中央周刊","1947","第9卷 第2期","1","南京"
"新年隨筆：獻歲談讀書","梓英","中央周刊","1947","第9卷 第2期","4-6","南京"
"美蘇商業關係之展望","梓英","中央周刊","1947","第9卷 第32期","9-11","南京"
"馬歇爾援歐計劃與世界和平","劉紹中","中央周刊","1947","第9卷 第39期","6-8","南京"
"書報春秋：評“民主與設計”","陳定閎","中央周刊","1947","第9卷 第17期","21-23","南京"
"新年隨筆：我國大學教育復員後的“窮”與應有的“变“","張少微","中央周刊","1947","第9卷 第2期","6-7","南京"
"新年隨筆：對於國大的觀感","鄭品聰","中央周刊","1947","第9卷 第2期","7","南京"
"美蘇會戰争嗎？","諶小岑","中央周刊","1947","第9卷 第2期","8-9，24","南京"
"論經濟的民主","陳柏心","中央周刊","1947","第9卷 第3期","2-3","南京"
"今日的高等教育往何處去？","陳友松","中央周刊","1947","第9卷 第51期","4-5","南京"
"縮小省區的看法","胡稚威","中央周刊","1947","第9卷 第51期","8-10","南京"
"高官生活平民化","何若鈞","中央周刊","1947","第9卷 第48期","8-9","南京"
"友聲：大選的疑問","何子光","中央周刊","1947","第9卷 第49期","5","南京"
"經濟改革方案的涵義及各方疑難的解答","劉振東","中央周刊","1947","第9卷 第49期","6-8，14","南京"
"友聲：民盟眞解散了麼","劉良佐","中央周刊","1947","第9卷 第49期","4","南京"
"如此“解放”人民：倒拉耙──拉死為止：[畫圖]","王順元","中央周刊","1947","第9卷 第51期","20","南京"
"如此“解放”人民：“毛澤東萬歲”：[畫圖]","王順元","中央周刊","1947","第9卷 第51期","20","南京"
"批評之批評：一篇莫知所云的論文","洪汶","中央周刊","1947","第9卷 第51期","21-22","南京"
"救死與“反攻”（戰局鳥瞰）","楊力","中央周刊","1947","第9卷 第45期","17-19","南京"
"塞外秋深烽火緊（戰局鳥瞰）","楊力","中央周刊","1947","第9卷 第47期","17-19","南京"
"張作霖橫死的內幕","鄭學稼","中央周刊","1947","第9卷 第47期","19-21","南京"
"特寫：全國國貨展覽會巡禮","秋葉","中央周刊","1947","第9卷 第44期","14-15","南京"
"國際周觀：世界政治的風向：强權政治所產生的恐懼","周酉村","中央周刊","1947","第9卷 第47期","4","南京"
"民著連載：康熙帝傳（十八）","白晉 林植","中央周刊","1947","第9卷 第47期","22-23","南京"
"國際周觀：國際間恢復和平秩序的暗影","周酉村 韋","中央周刊","1947","第9卷 第48期","3-4","南京"
"批評之批評：請蔡教授不要污辱了教育界","王耑","中央周刊","1947","第9卷 第49期","18","南京"
"友聲：救人一命福延子孫","陶成德","中央周刊","1947","第9卷 第51期","3","南京"
"新時代的政治理想","陳柏心","中央周刊","1947","第9卷 第2期","13-15","南京"
"書報春秋：富強中國的故事（龔弘著）","青雲梯","中央周刊","1947","第9卷 第3期","26","南京"
"關於蘇聯統治權問題","蘇懷一 君衡","中央周刊","1947","第9卷 第5-6期","21","南京"
"“五一”談勞工福利","蔣仲牟","中央周刊","1947","第9卷 第19期","9","南京"
"美國的太平洋政策","Pupert Emerson 抱璞","中央周刊","1947","第9卷 第48期","5-9","南京"
"中國的赤區","（美）Mary Knight 梓英","中央周刊","1947","第9卷 第29期","17-18","南京"
"國際論衡選萃：二，共匪真面目","君羊","中央周刊","1947","第9卷 第51期","23-24","南京"
"秋季始業談讀書：與失學靑年談自學","錢友和","中央周刊","1947","第9卷 第41期","16-17","南京"
"社論：新革命路線的確立：祝勝利後第三度國慶","印","中央周刊","1947","第9卷 第42-43期","2，17","南京"
"三年來的大學生活：獲獎徵文之三","王汝濤","中央周刊","1947","第9卷 第42-43期","26-31","南京"
"民選专輯：選民及候選人應有的條件與作風","程其恆","中央周刊","1947","第9卷 第42-43期","29-31","南京"
"一週時事述評：經濟上之嚴重關頭","厚安","中央周刊","1947","第9卷 第26期","23-24","南京"
"憲法與行憲特輯：論行憲","陳柏心 韋","中央周刊","1947","第9卷 第27-28期","2-3","南京"
"英國能否渡過難關","君衡","中央周刊","1947","第9卷 第27-28期","22-24","南京"
"德國所需經濟政策的檢討","W. H. Ewer 寧孝懃","中央周刊","1947","第9卷 第27-28期","25","南京"
"美國主張歐洲聯盟的理由","李普曼 伍煥彬","中央周刊","1947","第9卷 第29期","13","南京"
"朝鮮問題的研討","玉志","中央周刊","1947","第9卷 第29期","14-16","南京"
"我們走向富强康樂之門：[畫圖]","韋其","中央周刊","1947","第9卷 第1期","11","南京"
"友聲：援亞與援歐孰重","李君猷","中央周刊","1947","第9卷 第49期","4","南京"
"書評：周谷城著中國通史上下冊","繆鳳林","中央周刊","1947","第9卷 第49期","12","南京"
"楚材晉用的德國科學家","得之","中央周刊","1947","第9卷 第12期","23","南京"
"談人事管理（附表）","程啟鈞","中央周刊","1947","第9卷 第12期","24-26","南京"
"三中全會特輯：憲政實施時期黨務辦法","梅公任","中央周刊","1947","第9卷 第12期","2-6","南京"
"如何解决當前的經濟問題","楊繼曾","中央周刊","1947","第9卷 第12期","7-8","南京"
"如何促進黨内團結","程思遠","中央周刊","1947","第9卷 第12期","9-10","南京"
"莫斯科外長會議之疑雲","陳安仁","中央周刊","1947","第9卷 第12期","10","南京"
"我的丈夫馬歇爾將軍","馬歇爾夫人 陸漱芬","中央周刊","1947","第9卷 第12期","11-14","南京"
"一週時事述評：蘇主張將我內政問題列入議程","厚安","中央周刊","1947","第9卷 第12期","14-15","南京"
"一週時事述評：臺灣局勢展望","厚安","中央周刊","1947","第9卷 第12期","15-16","南京"
"一週時事述評：朝鮮局勢展望","厚安","中央周刊","1947","第9卷 第12期","16","南京"
"人口普查的實施程序與辦法","張澤仁","中央周刊","1947","第9卷 第21-22期","14-19，32","南京"
"論今後我國人口行政應循之途徑","王崇木","中央周刊","1947","第9卷 第21-22期","16-18","南京"
"我國戶政系統之紊亂及其改進","趙二喜","中央周刊","1947","第9卷 第21-22期","19-22","南京"
"戶口普查法述評：戶口普查之問題及其改進","席汝楫","中央周刊","1947","第9卷 第21-22期","21-24","南京"
"天風海濤樓劄記：一，三百九十九年來未有之日食","伯商","中央周刊","1947","第9卷 第51期","25","南京"
"行憲後的社會建設","竇季良","中央周刊","1947","第9卷 第1期","13-14","南京"
"書報春秋：馬歇爾夫人處女作同命鴛鴦","得之","中央周刊","1947","第9卷 第1期","14","南京"
"國民參政會揭幕","季","中央周刊","1947","第9卷 第23期","2","南京"
"美國藝文誌：美國戲劇家奥爾尼","梓英","中央周刊","1947","第9卷 第23期","20-23","南京"
"名著連載：木十字架（五）","徐仲年","中央周刊","1947","第9卷 第23期","24-26","南京"
"蘇俄真相：第四章、一九三二至三六在莫斯科的生活","（英）福列達·尤特麗 林植","中央周刊","1947","第9卷 第23期","10-11","南京"
"論翦伯贊的史學方法","杜呈祥","中央周刊","1947","第9卷 第23期","14-16","南京"
"美國藝文誌：今日美國的影劇","曹禺","中央周刊","1947","第9卷 第23期","17-18，23","南京"
"美國藝文誌：美國現代小說的寫實主義","得之","中央周刊","1947","第9卷 第23期","18-19","南京"
"社論：日本政局的動向","韋","中央周刊","1947","第9卷 第24期","2","南京"
"社論：安定是今日第一要務","印","中央周刊","1947","第9卷 第26期","2","南京"
"一週時事述評：民盟之醜惡面貌","厚安","中央周刊","1947","第9卷 第26期","24","南京"
"失火","（比）衛哈林 天行","中央周刊","1947","第9卷 第26期","25-26","南京"
"混合經濟銀行制度芻議（附圖表）","陳康文","中央周刊","1947","第9卷 第26期","3-8","南京"
"蘇俄真相：第八章，蘇維埃工業化的成本","（英）福列達·尤特麗 林植","中央周刊","1947","第9卷 第27-28期","26-28","南京"
"一週時事述評：西北國境之烽煙","厚安","中央周刊","1947","第9卷 第27-28期","29","南京"
"一週時事述評：中共在東北之賣國行為","厚安","中央周刊","1947","第9卷 第27-28期","29","南京"
"一週時事述評：遠樂經委會與救濟工作","厚安","中央周刊","1947","第9卷 第27-28期","30","南京"
"歐文：華盛頓傳","鄭學稼","中央周刊","1947","第9卷 第27-28期","31-33","南京"
"道路","黃凡","中央周刊","1947","第9卷 第27-28期","33","南京"
"憲法與行憲特輯：論民主精神","劉廼誠","中央周刊","1947","第9卷 第27-28期","4-6","南京"
"工程師談片：對青年人說幾句話","陸法曾","中央周刊","1947","第9卷 第46期","13","南京"
"國際周觀：世界政治的風向：保守黨將與戴高樂媲美","周酉村","中央周刊","1947","第9卷 第47期","5","南京"
"憲法與行憲特輯：對行憲法規考試院組織法之商榷","侯紹文","中央周刊","1947","第9卷 第27-28期","7-9，14","南京"
"憲法與行憲特輯：憲法國民經濟章內容之剖析","高德淦","中央周刊","1947","第9卷 第27-28期","8-10","南京"
"憲法與行憲特輯：中華民國憲法我見","陳昌壽","中央周刊","1947","第9卷 第27-28期","11","南京"
"憲法與行憲特輯：中華民國憲法略論（附圖表）","姚蒸民","中央周刊","1947","第9卷 第27-28期","12-14","南京"
"憲法與行憲特輯：憲政時期的中央制度","曹增之","中央周刊","1947","第9卷 第27-28期","15-17","南京"
"論週年工資：介绍一種美國新工資制度","吳世經","中央周刊","1947","第9卷 第19期","14-17","南京"
"保護勞工促成我國工業化，應亟建立工鑛檢查制度","包華國","中央周刊","1947","第9卷 第19期","11-13","南京"
"社論：發揚革命政府時代的堅靱精神","蔣","中央周刊","1947","第9卷 第20期","2","南京"
"兒童節特刊：什麽是有價值的兒童玩具","胡頑立","中央周刊","1947","第9卷 第14-15期","11-12","南京"
"兒童節特刊：我國兒童的心理內容和處理的方法","蕭孝嶸","中央周刊","1947","第9卷 第14-15期","13-16","南京"
"舉辦全國戶口普查基本之問題商討","蕭明新","中央周刊","1947","第9卷 第21-22期","8-13","南京"
"蘇俄真相：第二章，布爾什維克主義的失敗","（英）福列達·尤特麗 林植","中央周刊","1947","第9卷 第20期","21-24","南京"
"諭政府改組：答覆關於政府改組的三個疑問","陶希聖 每文","中央周刊","1947","第9卷 第20期","3-4","南京"
"人的義務","高邁","中央周刊","1947","第9卷 第20期","5，20","南京"
"談人生的悲劇","王良嘉","中央周刊","1947","第9卷 第20期","6-8","南京"
"蘇俄真相：第三章，學習蘇維埃式的生活","（英）福列達·尤特麗 林植","中央周刊","1947","第9卷 第21-22期","31-32","南京"
"一週時事述評：援助希土案通過","厚安","中央周刊","1947","第9卷 第21-22期","34","南京"
"行憲普選必先查記人口","包惠僧","中央周刊","1947","第9卷 第21-22期","3-5","南京"
"人口數字與人口性質","朱祖晦","中央周刊","1947","第9卷 第21-22期","5","南京"
"人口局成立獻詞","毛起鵕","中央周刊","1947","第9卷 第21-22期","6-9","南京"
"談日本憲法","劉延誠","中央周刊","1947","第9卷 第17期","3-5","南京"
"東歐經濟問題及與蘇聯的關係","丁望","中央周刊","1947","第9卷 第17期","6-9","南京"
"北極──未來戰爭的新基地（附圖）","梓英","中央周刊","1947","第9卷 第17期","10-13","南京"
"秦漢市政官吏：中國市政考之二","許興凱","中央周刊","1947","第9卷 第33期","19-22","南京"
"從草台戲看台灣文化：台灣采風錄之一","朱荷生","中央周刊","1947","第9卷 第4期","23，7","南京"
"談紐約國際學生之家","得之","中央周刊","1947","第9卷 第4期","24","南京"
"世界向何處去：兩個世界一個和平","毛起鶊","中央周刊","1947","第9卷 第4期","2-3，5","南京"
"名著連載：快樂之谷（一續）","Louis Bromfield 蔣炳賢","中央周刊","1947","第9卷 第4期","25-26，20","南京"
"世界向何處去：論國際的民主","陳柏心","中央周刊","1947","第9卷 第4期","3-5","南京"
"一週時事述評：参政會的質詢","厚安","中央周刊","1947","第9卷 第24期","18","南京"
"一週時事述評：學潮逐漸平息","厚安","中央周刊","1947","第9卷 第24期","18-19","南京"
"禁煙節感言","姚蒸民","中央周刊","1947","第9卷 第24期","20-21","南京"
"苏聯的間諜網（續完）","（美）李却特·罕許 陸九公","中央周刊","1947","第9卷 第46期","9-12","南京"
"工程師談片：對有志工程學青年說幾句最緊要的話","凌鴻勛","中央周刊","1947","第9卷 第46期","12","南京"
"工程師談片：我對首都建設的意見","趙祖康","中央周刊","1947","第9卷 第46期","13","南京"
"美國最著名工業製造家李德樂傳","Rufus Jarman 劉令璧 蔡約生","中央周刊","1947","第9卷 第18期","20-23，26","南京"
"名著連載：康熙帝傳（十二）","白晉 林植","中央周刊","1947","第9卷 第18期","25","南京"
"儒學及其流變","胡秋原","中央周刊","1947","第9卷 第18期","3-6","南京"
"卅部最值得一讀的西洋名著","蔣炳賢","中央周刊","1947","第9卷 第48期","18-20，24","南京"
"世界向何處去：漢城見聞：（原載“紐約英文中國日報”）","約翰·戈特 丁望","中央周刊","1947","第9卷 第4期","6-7","南京"
"謹防縱火：[畫圖]","每豈","中央周刊","1947","第9卷 第4期","7","南京"
"世界向何處去：論國際經濟合作","翼民","中央周刊","1947","第9卷 第4期","8-10","南京"
"世界向何處去：印度的獨立運動","B Shiuo Rao 梓英","中央周刊","1947","第9卷 第4期","11-14","南京"
"社論：時局的黑暗面與光明面","印","中央周刊","1947","第9卷 第5-6期","1","南京"
"婚姻與家庭：談室家之累","古方","中央周刊","1947","第9卷 第48期","15-17","南京"
"國際論衡選萃：三，美對華政策的兩黨觀","君羊","中央周刊","1947","第9卷 第51期","24","南京"
"當前中國的經濟問題：二月二十日在中央大學經濟學會講","趙蘭坪","中央周刊","1947","第9卷 第11期","2-3","南京"
"中國十年來邊疆：研究的囘顧與展望","馬長壽","中央周刊","1947","第9卷 第11期","4-6","南京"
"論第六屆邊疆教育會議","徐益棠","中央周刊","1947","第9卷 第11期","7-8","南京"
"台灣之初民社會","何肇發","中央周刊","1947","第9卷 第11期","8-11","南京"
"川南民族的懸棺問題：僰人懸棺乎？僚人或仡佬懸棺乎？","芮逸夫","中央周刊","1947","第9卷 第11期","12","南京"
"祿東贊的姓（文中引用藏文，改用羅馬藏文字母代替）","任乃強","中央周刊","1947","第9卷 第11期","13","南京"
"介紹邊民教育課本：兼論編譯邊教課本之取材及注音","馬學良","中央周刊","1947","第9卷 第11期","14-16","南京"
"社論：三中全會開幕","張文伯 印","中央周刊","1947","第9卷 第12期","1","南京"
"陳師道的詩文方法","羅根澤","中央周刊","1947","第9卷 第12期","16-17","南京"
"社論：讀馬帥聲明","蔣","中央周刊","1947","第9卷 第4期","1","南京"
"書報春秋：評中國史學概論兩種：朱希祖：中國史學通論、傅振倫：中國史學概要","陳定閎","中央周刊","1947","第9卷 第4期","21-22","南京"
"社論：為歷史的不朽偉業而歡呼","印","中央周刊","1947","第9卷 第1期","1","南京"
"中央周刊：為……：[題詞]","于右任","中央周刊","1947","第9卷 第1期","6","南京"
"憲法……：[題詞]","彭學沸","中央周刊","1947","第9卷 第1期","7","南京"
"知識階層的歷史任務","J. H. Spigelman 君衡","中央周刊","1947","第9卷 第3期","8-11","南京"
"與青年談憲政","鄭彥棻","中央周刊","1947","第9卷 第3期","10-11","南京"
"甚麼是常態的心理","丁瓚","中央周刊","1947","第9卷 第3期","12-13","南京"
"社會風氣：建國時期青年應有的新認識","粟顯運","中央周刊","1945","第7卷 第49-50期","2","重庆"
"社會風氣：向貪汚惡勢力宣戰","程仲文","中央周刊","1945","第7卷 第49-50期","3-4","重庆"
"禁煙的話","蔣千里","中央周刊","1945","第7卷 第49-50期","3-4","重庆"
"社會風氣：論確立建國的風尚：如何能新？能速？實？","曹增之","中央周刊","1945","第7卷 第49-50期","5-6","重庆"
"靑年修養：所謂聖人和走向聖人之路","王光漢","中央周刊","1945","第7卷 第49-50期","6-7，14","重庆"
"社論：經濟建設的新動向","文伯","中央周刊","1945","第7卷 第49-50期","8","重庆"
"創制原子彈的美國曼哈登計劃","Francis Sill wickwrne 朱萬柏","中央周刊","1945","第7卷 第49-50期","15-18","重庆"
"主席與參謀總長巡視：[照片]","蔣","中央周刊","1945","第7卷 第40期","1","重庆"
"寓復員於建設","蔣旨昂","中央周刊","1945","第7卷 第37-38期","4-6","重庆"
"論登陸華北","郭壽生 印","中央周刊","1945","第7卷 第21-22期","1-3","重庆"
"國之相知","喬治高","中央周刊","1945","第7卷 第23-24期","13-15","重庆"
"天南地北：海外通訊：西行雜記（一）","趙得之","中央周刊","1945","第7卷 第39-40期","16-18","重庆"
"悼雷鑑上校","彭健箐","中央周刊","1945","第7卷 第23-24期","14-18","重庆"
"倭皇小傳","林植","中央周刊","1945","第7卷 第34-35期","12-14","重庆"
"論國家資本主義","鄭學稼","中央周刊","1945","第7卷 第43-44期","17-19","重庆"
"六全大會的重要决策","張文伯 蔣","中央周刊","1945","第7卷 第19-20期","1-7","重庆"
"大乘佛法與竺道生","錢穆","中央周刊","1945","第7卷 第29期","6-9","重庆"
"天南地北：勝利後的蘇北（東南航訊）","胡琳","中央周刊","1945","第7卷 第39-40期","18-19","重庆"
"世界一月：（二）亞洲之戰：乙、緬甸之戰：七月我第一軍攻克舊歷戌……","新命","中央周刊","1945","第7卷 第13-14期","19","重庆"
"世界一月：（二）亞洲之戰：丙、菲律寶之戰：一日美軍登陸明多維島西南之巴拉汪島及魯班島……","新命","中央周刊","1945","第7卷 第13-14期","19","重庆"
"世界一月：（二）亞洲之戰：丁、硫磺島之戰：本月二日美軍突過該島日軍主要防線向前推進……","新命","中央周刊","1945","第7卷 第13-14期","19-20","重庆"
"世界一月：（三）歐洲戰爭：乙、西線：本月西線戰事進展頗速……","新命","中央周刊","1945","第7卷 第13-14期","20-21","重庆"
"舊金山會議的前瞻","吳鐵城","中央周刊","1945","第7卷 第13-14期","2-5","重庆"
"戰時的社會救濟","柯象峯","中央周刊","1945","第7卷 第13-14期","22","重庆"
"從克里米亞到舊金山的里程碑","劉增華","中央周刊","1945","第7卷 第13-14期","5-6","重庆"
"珍貴的友情：（一）逕啓者：敝校師生爲響應貴社發動訂刊勞軍運動……","帥曦濃","中央周刊","1945","第7卷 第13-14期","23","重庆"
"建立戰後國際和平機構之展望","王正廷","中央周刊","1945","第7卷 第13-14期","7-8","重庆"
"舊金山聯合國大會之歷史使命","張德昌","中央周刊","1945","第7卷 第13-14期","8-9，18","重庆"
"革命故事：三義士埋葬俠骨","伯僑","中央周刊","1945","第7卷 第10期","13-14","重庆"
"世界戰局的展望","龔德柏 韋","中央周刊","1945","第7卷 第1期","1-3","重庆"
"入營五日記","劉寶希","中央周刊","1945","第7卷 第1期","22-23","重庆"
"書報春秋：評張企泰著中國民事訴訟法論","王良嘉","中央周刊","1945","第7卷 第15-16期","19-21","重庆"
"對於六全大會的意見：對本黨六全大會四大議題之我見","鄭璋","中央周刊","1945","第7卷 第15-16期","3-5","重庆"
"對於六全大會的意見：怎樣加强黨的宣傳和訓練","孫東城","中央周刊","1945","第7卷 第15-16期","6-10","重庆"
"英國最近之經濟趨勢與我國戰後之經濟建設：三月十六日在中國政治經濟學會講","顧翊羣","中央周刊","1945","第7卷 第13-14期","10-12","重庆"
"美國解决日本的戰略","龔德柏","中央周刊","1945","第7卷 第13-14期","13-14","重庆"
"現階段英國海上戰略之檢討","郭壽生","中央周刊","1945","第7卷 第13-14期","15-16","重庆"
"書報春秋：讀“楚傖文存”：正中書局出版","詹文濤","中央周刊","1945","第7卷 第13-14期","17","重庆"
"對於六全大會的意見：我們對於六全代會的建議","蔣","中央周刊","1945","第7卷 第15-16期","1-4","重庆"
"敬悼羅斯福總統","張文伯","中央周刊","1945","第7卷 第15-16期","9-11","重庆"
"戰時社會進步的檢討","孫本文","中央周刊","1945","第7卷 第15-16期","12","重庆"
"評自由經濟計劃原則","丘斌存","中央周刊","1945","第7卷 第15-16期","13-16","重庆"
"社會問題：戰爭與民族健康","潘光旦","中央周刊","1945","第7卷 第17期","3-5","重庆"
"與青年同學談為學","葉章和","中央周刊","1947","第9卷 第3期","14","南京"
"家庭與兒童的發展","美·奧斯朋","中央周刊","1947","第9卷 第3期","15","南京"
"完人哲學與世界和平","章育才","中央周刊","1947","第9卷 第30期","8-14","南京"
"快樂之谷（六續）","Louis Bromfield 蔣炳賢","中央周刊","1947","第9卷 第30期","24-25，23","南京"
"社論：為民主自由而戰","芝","中央周刊","1947","第9卷 第31期","2","南京"
"一週時事述評：對日貿易問題","厚安","中央周刊","1947","第9卷 第31期","21","南京"
"一週時事述評：三強會議的失敗","厚安","中央周刊","1947","第9卷 第31期","21","南京"
"柏吞：大街·休謨傳","鄭學稼","中央周刊","1947","第9卷 第31期","22-23，16","南京"
"復興農村問題特輯：農業建設的基本問題","張德粹","中央周刊","1947","第9卷 第16期","3-6","南京"
"復興農村問題特輯：舉辦社會事例之擬議","葛之莖","中央周刊","1947","第9卷 第16期","5-8","南京"
"復興農村問題特輯：評述“二五減租”","劉難方","中央周刊","1947","第9卷 第16期","8-11","南京"
"黨務工作的檢討與改進","彭志鴻","中央周刊","1947","第9卷 第16期","12-13","南京"
"青年講演競賽選載：青年對於行憲的認識與努力","靳晉 王鏡暉 裴魁華","中央周刊","1947","第9卷 第16期","14-19，26","南京"
"一週時事述評：剿匪軍事着着進展","厚安","中央周刊","1947","第9卷 第16期","20","南京"
"一週時事述評：台灣事件的檢討","厚安","中央周刊","1947","第9卷 第16期","20-21","南京"
"一週時事述評：政府改组問題","厚安","中央周刊","1947","第9卷 第16期","21","南京"
"社論：論日本賠償問題","印","中央周刊","1947","第9卷 第17期","2，9","南京"
"一週時事述評：政府改組問題","厚安","中央周刊","1947","第9卷 第17期","20","南京"
"天問九重天考（上）","蘇雪林","中央周刊","1947","第9卷 第34期","5-9","南京"
"蘇聯集體農場訪問記","Lohn Strohm 夏洛","中央周刊","1947","第9卷 第17期","13-18","南京"
"作爲市政起源的周朝市政官吏：中國市政考之一","許興凯","中央周刊","1947","第9卷 第12期","18-22","南京"
"書報春秋：評鮑格度的社會思想之發展","陳定閎","中央周刊","1947","第9卷 第5-6期","23-24","南京"
"行政革新如何開始？（附圖）","何若鈞","中央周刊","1947","第9卷 第5-6期","25-30，33","南京"
"戰時財政檢討：抗戰前後我國財政措施之總檢討","翁序東 憲陽","中央周刊","1947","第9卷 第18期","7-8","南京"
"戰時財政檢討：各國戳時財政的演變及我國當前財政改進之道","顧七賦","中央周刊","1947","第9卷 第18期","9-13","南京"
"美國須待解决的難題","伍煥彬","中央周刊","1947","第9卷 第18期","14-16","南京"
"論敎育機會的平等","汪家正","中央周刊","1947","第9卷 第18期","16-17","南京"
"一週時事述評：國府委員會組織成立","厚安","中央周刊","1947","第9卷 第18期","18-19","南京"
"天南地北：漫話鄕情（下）","古方","中央周刊","1947","第9卷 第2期","22-24","南京"
"社論：把憲法與人民生活結合起來","蔣","中央周刊","1947","第9卷 第25期","2","南京"
"一週時事述評：日新閣舉行親任式","厚安","中央周刊","1947","第9卷 第25期","19","南京"
"喬治·吉辛的散文：一個英國近代作家的述評","蔣炳賢","中央周刊","1947","第9卷 第25期","20-23","南京"
"蘇俄真相：第六章，農民的奴役與人民粮食的抽税","（英）福列達·尤特麗 林植","中央周刊","1947","第9卷 第25期","12-16","南京"
"一週時事述評：和談的辯論與决定","厚安","中央周刊","1947","第9卷 第25期","18","南京"
"一週時事述評：學潮可望告一段落","厚安","中央周刊","1947","第9卷 第25期","18-19","南京"
"一週時事述評：義戰後首次無共黨内閣成立","厚安","中央周刊","1947","第9卷 第25期","19","南京"
"兒童節特刊：爲這一代的兒童隱憂","馬長壽","中央周刊","1947","第9卷 第14-15期","17-18","南京"
"社論：行憲十大法規制定","蔣","中央周刊","1947","第9卷 第16期","2","南京"
"由李健吾事件說浪子","鄭學林","中央周刊","1947","第9卷 第16期","22-26","南京"
"羅斯福最後的日子：“羅斯福最大的鬥爭”末章","Alden Hatch 胡春冰","中央周刊","1947","第9卷 第17期","15-18","南京"
"社論：新政府·新方針·新希望","韋","中央周刊","1947","第9卷 第18期","2","南京"
"一週時事述評：黃汎區視察團歸來者言","厚安","中央周刊","1947","第9卷 第18期","19","南京"
"清明節下弔英靈","侯紹文","中央周刊","1947","第9卷 第18期","23-24","南京"
"我國社會政策與民衆運動","崔以寬","中央周刊","1947","第9卷 第26期","9-11，14","南京"
"名人傳記：蔣主席言行","星德","中央周刊","1947","第9卷 第49期","13-14","南京"
"論英國社會事業之計劃（附表）","Ronald Darison 黎國慶","中央周刊","1947","第9卷 第26期","12-14","南京"
"論世界政府","賽珍珠 熙春","中央周刊","1947","第9卷 第26期","15-17","南京"
"蘇俄真相：第七章，勞動者的奴役","（英）福列達·尤特麗 林植","中央周刊","1947","第9卷 第26期","18-22","南京"
"一週時事述評：韓共在樂北之猖猖獗","厚安","中央周刊","1947","第9卷 第26期","23","南京"
"一週時事述評：匈牙利的政變","厚安","中央周刊","1947","第9卷 第26期","23","南京"
"美國的普遍軍訓運動","得之","中央周刊","1947","第9卷 第14-15期","25-26","南京"
"東京戰犯法庭及其工作（上）（附圖）","鄭学稼","中央周刊","1947","第9卷 第40期","15-17","南京"
"特稿：大別山的烽火","楊力","中央周刊","1947","第9卷 第40期","18-19","南京"
"一週時事述評：黨團統一組織完成","厚安","中央周刊","1947","第9卷 第40期","20-21","南京"
"社論：樹立優良的學風","季","中央周刊","1947","第9卷 第41期","2","南京"
"苏联的间諜網（二）","（美）李却特·罕許 陸九公","中央周刊","1947","第9卷 第41期","18-19","南京"
"東京戰犯法庭及其工作（下）","鄭学稼","中央周刊","1947","第9卷 第41期","20-21","南京"
"個人主義與社會主義之協調","何若鈞","中央周刊","1947","第9卷 第13期","19-20","南京"
"現代婚姻及其問題","（美）奧斯朋","中央周刊","1947","第9卷 第13期","21","南京"
"社論：珍視下一代","季","中央周刊","1947","第9卷 第14-15期","2","南京"
"兒童節特刋：兒童與青年的行為指導問題","陳重寅","中央周刊","1947","第9卷 第14-15期","19","南京"
"建築中的新世界：莫斯科會議與對德和約","Kingsley Martin 梓英","中央周刊","1947","第9卷 第14-15期","20-22","南京"
"名著連載：木十字架（四）","徐仲年","中央周刊","1947","第9卷 第14-15期","29-31","南京"
"復活節談耶穌基督","H.E.Fosdick 彭斐","中央周刊","1947","第9卷 第14-15期","32-34","南京"
"國際論衡選粹（自十一月二十五日至十二月一日）：一、中國趨向民主了？","君羊","中央周刊","1947","第9卷 第50期","21","南京"
"國際論衡選粹（自十一月二十五日至十二月一日）：二、從戰略觀點看中國","君羊","中央周刊","1947","第9卷 第50期","21-22","南京"
"國際論衡選粹（自十一月二十五日至十二月一日）：三、援華的呼聲","君羊","中央周刊","1947","第9卷 第50期","22","南京"
"天風海濤樓箚記：一、小品文中之寫景……","伯商","中央周刊","1947","第9卷 第50期","23-25","南京"
"梅隱庵譚脞：葉楚傖先生平易近人……","厚菴","中央周刊","1947","第9卷 第50期","26-27","南京"
"民選专輯：國大代表選舉程序爲什麼變更","王鼎鼐","中央周刊","1947","第9卷 第44期","21-22","南京"
"民選專輯：選政花絮：辦理人事的困難莫過於選舉總事務所的人事室……","知今","中央周刊","1947","第9卷 第44期","22","南京"
"英國放棄若干殖民地的原因","伍煥彬","中央周刊","1947","第9卷 第14-15期","22-23","南京"
"英法盟約的目的：永久合作","Wickham Steed 寧孝懃","中央周刊","1947","第9卷 第14-15期","24-25","南京"
"世界向何處去：麥克阿瑟王朝的第二年代","柯克朗 得之","中央周刊","1947","第9卷 第42-43期","11-15","南京"
"世界向何處去：苏联的间諜網（三）","（美）李却特·罕許 陸九公","中央周刊","1947","第9卷 第42-43期","16-17","南京"
"共產黨給與中國的災難：獲獎徵文之二","時有經","中央周刊","1947","第9卷 第42-43期","22-25","南京"
"社論：擾攘的世局：新共產國際出現之觀測","韋","中央周刊","1947","第9卷 第44期","2，25","南京"
"民選专輯：大選種種：獲獎徵文之二","黎綱","中央周刊","1947","第9卷 第44期","20","南京"
"社論：論貪污與低能","印","中央周刊","1947","第9卷 第38期","2","南京"
"選舉進程：國民大會代表選舉工作進程摘要……","丁乃","中央周刊","1947","第9卷 第38期","19","南京"
"一週時事述評：聯合國大會的課題","厚安","中央周刊","1947","第9卷 第40期","22","南京"
"國際原子管制的新進展（原文載七月十三日紐約時報）","Thomas F. Haniltor 伍煥彬","中央周刊","1947","第9卷 第38期","20-21","南京"
"一九四六年的風雲人物：貝爾納斯","彭斐","中央周刊","1947","第9卷 第10期","6-9","南京"
"青年男女的社交問題","（美）奧斯朋 陳","中央周刊","1947","第9卷 第10期","9","南京"
"中外文化合作的近況","汪家正","中央周刊","1947","第9卷 第10期","10-11，17","南京"
"一週時事述評：我外交嚴正立場","厚安","中央周刊","1947","第9卷 第10期","12","南京"
"一週時事述評：共產軍的末路","厚安","中央周刊","1947","第9卷 第10期","12","南京"
"一週時事述評：馬歇爾對時局的看法","厚安","中央周刊","1947","第9卷 第10期","12-13","南京"
"今日的邊疆問題","韋","中央周刊","1947","第9卷 第11期","1","南京"
"朝鮮的苦難","（美）Harold Sugg 梓英","中央周刊","1947","第9卷 第11期","17-21","南京"
"左右英國政治的貝文外相","湯一雯","中央周刊","1947","第9卷 第11期","20-22","南京"
"蘇聯的一千四百萬工奴","馬克斯·依司德門 陸九公","中央周刊","1947","第9卷 第37期","8-11","南京"
"力能濟乎：[畫圖]","韋宗","中央周刊","1947","第9卷 第37期","10","南京"
"蘚聯睥睨在北韓（原載Pacific Affairs六月號）","John N. Washburn 抱璞","中央周刊","1947","第9卷 第37期","12-13","南京"
"恐怖的維也納","梓英","中央周刊","1947","第9卷 第37期","14-16","南京"
"各國政黨介紹：德國底四大政黨","寧孝懃","中央周刊","1947","第9卷 第37期","16-17","南京"
"特稿：陳立夫先生暢談選舉","王仁","中央周刊","1947","第9卷 第44期","25，27","南京"
"民選專輯：杜絕選舉舞弊並論投票方式：獲獎徵文之一","王文治","中央周刊","1947","第9卷 第44期","16-19","南京"
"社論：大選前夕面臨的幾個問題","蔣","中央周刊","1947","第9卷 第45期","2，10","南京"
"兒童節待刋：兒童敎養問題","馬元放","中央周刊","1947","第9卷 第14-15期","3","南京"
"兒童節特刋：兒童節與兒童福利事業","言心哲","中央周刊","1947","第9卷 第14-15期","4-6","南京"
"兒童節特刊：兒童行為問題之研究與處理","湯銘新","中央周刊","1947","第9卷 第14-15期","5-7","南京"
"兒童節特刊：論增進兒童教育的效果","朱宕潛","中央周刊","1947","第9卷 第14-15期","7-10","南京"
"兒童節特刊：兒童的心理衞生與人格發展","劉玉傑","中央周刊","1947","第9卷 第14-15期","9-11","南京"
"世界向何處去：援攘中的戰後世界","周酉村","中央周刊","1947","第9卷 第42-43期","3-10","南京"
"世界向何處去：危局的透視","劉信芳","中央周刊","1947","第9卷 第42-43期","5-7","南京"
"世界向何處去：日本戰犯與準備侵略戰爭（上）","鄭学稼","中央周刊","1947","第9卷 第42-43期","14-15","南京"
"美蘇関總論（四）","（美）T.F.Dulles 汪叔棣","中央周刊","1947","第9卷 第11期","22-24","南京"
"孔手治術論要","姚蒸民","中央周刊","1947","第9卷 第38期","11-14","南京"
"選舉與行憲","程其恆","中央周刊","1947","第9卷 第38期","15-16","南京"
"大選會延期嗎？","王鼎鼐","中央周刊","1947","第9卷 第38期","17","南京"
"選政花絮：南京去年九月辦理參議員普選至今 剛剛一年……","知今","中央周刊","1947","第9卷 第38期","18","南京"
"社論：建立統一的革命陣線","蔣","中央周刊","1947","第9卷 第39期","2","南京"
"官吏能不能當國大代表","王鼎鼐","中央周刊","1947","第9卷 第39期","22-23","南京"
"選政花絮：南京市國大立委選舉事務所經費第一次預算定爲十四億……","知今","中央周刊","1947","第9卷 第39期","23-24","南京"
"對未恢復秩序地區選舉的一個建議","侯紹文","中央周刊","1947","第9卷 第39期","15-16","南京"
"批評之批評：觀察“觀察”記者","劉三","中央周刊","1947","第9卷 第51期","22","南京"
"國際周觀：世界政治的風向：印度：燃起內戰之火","周酉村","中央周刊","1947","第9卷 第47期","4-5","南京"
"梅隱盒譚脞","厚菴","中央周刊","1947","第9卷 第51期","27-28","南京"
"國際周觀：世界政治的風向：巴黎可聞婦女尖銳叫聲","周酉村","中央周刊","1947","第9卷 第47期","5","南京"
"婚姻與家庭：齊家新論","高邁","中央周刊","1947","第9卷 第48期","13-16","南京"
"友聲：請表揚剿匪民團","王眞學","中央周刊","1947","第9卷 第51期","3","南京"
"東京戰犯及其生活","鄭家稼","中央周刊","1947","第9卷 第39期","7-14","南京"
"民選专輯：本黨候選人的選拔","張文伯","中央周刊","1947","第9卷 第40期","25","南京"
"我愛好文學：獲獎徵文之一","黃一文","中央周刊","1947","第9卷 第45期","22-23","南京"
"一週時事述評：大連接收期近","厚安","中央周刊","1947","第9卷 第18期","19","南京"
"一週時事述評：台灣文人政府成立","厚安","中央周刊","1947","第9卷 第18期","19","南京"
"社論：中國勞動者的道路","印","中央周刊","1947","第9卷 第19期","2","南京"
"從求學到就業：論我國敎育民主化","張少微","中央周刊","1947","第9卷 第7期","2-3，14","南京"
"從求學到就業：職業與事業：給青年朋友的第三信","陳定閎","中央周刊","1947","第9卷 第7期","4-6","南京"
"學問與人品","王文新","中央周刊","1947","第9卷 第20期","7-10","南京"
"現代青年修養的要素","廖燦平","中央周刊","1947","第9卷 第20期","11-13","南京"
"談現行之鹽政","景陶","中央周刊","1947","第9卷 第34期","4-6","南京"
"友聲：覆轍可畏","吳英敬","中央周刊","1947","第9卷 第49期","4","南京"
"憲政演進及中國實行條件","許興凱","中央周刊","1947","第9卷 第1期","10-12","南京"
"從求學到就業：職業靑年病象的救治","朱晨","中央周刊","1947","第9卷 第7期","5-6，14","南京"
"從求學到就業：論學校開除學生","古方","中央周刊","1947","第9卷 第7期","7","南京"
"新國難的萌芽：從日本的復興說起","鄭德璋","中央周刊","1947","第9卷 第7期","8-10","南京"
"真實的中國","（美）賽珍珠 椊英","中央周刊","1947","第9卷 第7期","11-12","南京"
"一週時事述評：黃河堵口復堤事件之阻疑","光炎","中央周刊","1947","第9卷 第3期","17","南京"
"快樂之谷（五續）","Louis Bromfield 蔣炳賢","中央周刊","1947","第9卷 第24期","22-26","南京"
"論思想（上）","胡秋原","中央周刊","1947","第9卷 第24期","3-7","南京"
"如此“解放”人民：假面具：[畫圖]","王順元","中央周刊","1947","第9卷 第51期","20","南京"
"中國“禮制”的精神（上）","王丹岑","中央周刊","1947","第9卷 第5-6期","25-30","南京"
"天南地北：日本的失敗與台灣的改造：台灣采風錄之三","朱荷生","中央周刊","1947","第9卷 第5-6期","31-33","南京"
"天南地北：幽靜的成都生活","曾正權","中央周刊","1947","第9卷 第5-6期","33-34","南京"
"農民節專輯：中國農業經濟的危機及其補救的方策","吳雙丹","中央周刊","1947","第9卷 第5-6期","2-6","南京"
"天南地北：綠滿寗夏","盛勝","中央周刊","1947","第9卷 第5-6期","34","南京"
"建筑中的新世界：如何挽救世局","陳鍾浩","中央周刊","1947","第9卷 第24期","8，17","南京"
"美國與歐洲安全","依里奧特 伍煥彬","中央周刊","1947","第9卷 第24期","9","南京"
"論德國賠款問題","Barnet Nover 寗孝懃","中央周刊","1947","第9卷 第24期","10","南京"
"印度問題之由來","歐陽中庸","中央周刊","1947","第9卷 第24期","11-14","南京"
"蘇俄真相：第二篇：第五章，何謂社會主義？","（英）福列達·尤特麗 林植","中央周刊","1947","第9卷 第24期","13-16","南京"
"海南改省後應有之金融建設","許聲鶚","中央周刊","1947","第9卷 第24期","16","南京"
"新元素的發現","Dan L Thlapp 甯孝懃","中央周刊","1947","第9卷 第24期","17","南京"
"國際周觀：國際間的悲劇","周酉村","中央周刊","1947","第9卷 第49期","23","南京"
"如此“解放”人民：針刺甲──用大針刺入甲縫：[畫圖]","王順元","中央周刊","1947","第9卷 第51期","20","南京"
"誰阻礙了國家法令：[畫圖]","甘溪","中央周刊","1947","第9卷 第5-6期","2","南京"
"農民節專輯：農村高利救濟建議","葛之莖","中央周刊","1947","第9卷 第5-6期","7-10","南京"
"農民節專輯：惠福農民的措施","許品","中央周刊","1947","第9卷 第5-6期","9-10","南京"
"農民節專輯：美國農民生活談","錢淦庭","中央周刊","1947","第9卷 第5-6期","10-11，6","南京"
"建築中的新世界：一九四七年國際大局的展望","劉光炎","中央周刊","1947","第9卷 第5-6期","12-15","南京"
"美國外交的摇籃：參議院外交委員會","陳鍾浩","中央周刊","1947","第9卷 第5-6期","14-15，23","南京"
"這算緬甸的解放嗎？","（緬甸）Saw Tun 梓英","中央周刊","1947","第9卷 第5-6期","16-18","南京"
"社論：一切為了建設","芝","中央周刊","1947","第9卷 第3期","1","南京"
"社論：為法治而奮鬥","文伯 印","中央周刊","1947","第9卷 第7期","1，10","南京"
"與卿汝楫先生論選舉與國運","黃中興","中央周刊","1947","第9卷 第39期","17-20","南京"
"論普選技術問題","張澤仁","中央周刊","1947","第9卷 第39期","18-24","南京"
"社論：朝鮮的悲劇：聯合國二屆大會的考驗","薛","中央周刊","1947","第9卷 第40期","2","南京"
"一週時事述評：我發表致魏德邁說明書","厚安","中央周刊","1947","第9卷 第40期","21-22","南京"
"書報春秋：日知錄集釋述評（清崑山顧炎武著，嘉定黃汝成集釋）","陳邦賢","中央周刊","1947","第9卷 第7期","26","南京"
"友聲：談選政","劉裕山","中央周刊","1947","第9卷 第49期","5","南京"
"新年的希望","陳鐘浩","中央周刊","1947","第9卷 第1期","4","南京"
"新年隨筆：我的希望","王疑始","中央周刊","1947","第9卷 第2期","2-3","南京"
"快樂之谷","Louis Brbmficld 蔣炳賢","中央周刊","1947","第9卷 第3期","18-21","南京"
"民選专輯：民主政治的心理衞生","王鼎鼐","中央周刊","1947","第9卷 第41期","26-27","南京"
"如何促進農工福利：為紀念三十六年勞動節作","陳劍如","中央周刊","1947","第9卷 第19期","5-6","南京"
"本刋專訪：民主同盟解散以後，京中政治圈內外的反響","丁昌 晴先","中央周刊","1947","第9卷 第49期","19-22","南京"
"歐洲的動向","馬玉志","中央周刊","1947","第9卷 第46期","5-7","南京"
"興工在卽的工程：[畫圖]","衛奇","中央周刊","1947","第9卷 第19期","6","南京"
"競賽中的美蘇政策","Mark Sulliivau 伍煥林","中央周刊","1947","第9卷 第32期","8-11","南京"
"黨團統一之展望","李宗黄","中央周刊","1947","第9卷 第39期","3","南京"
"特稿：民主同盟的最後抉擇","孫子超","中央周刊","1947","第9卷 第45期","11-13","南京"
"談學術獨立","喩智微","中央周刊","1947","第9卷 第47期","15-16","南京"
"關於重點教育之商榷","蘇在山","中央周刊","1947","第9卷 第47期","14","南京"
"友聲：難乎其爲選民","程求一","中央周刊","1947","第9卷 第49期","5","南京"
"憶總理","梅公任","中央周刊","1947","第9卷 第47期","11-13","南京"
"獻給一九四七年：[畫圖]","澡","中央周刊","1947","第9卷 第1期","1","南京"
"社論：中國人民的抉擇","芝","中央周刊","1947","第9卷 第8期","1","南京"
"名著連載：木十字架（二）","徐仲年","中央周刊","1947","第9卷 第8期","22-24","南京"
"中國“禮制”的精神（下）","王丹岑","中央周刊","1947","第9卷 第7期","18-20","南京"
"社論：論我國的外交政策","蔣","中央周刊","1947","第9卷 第29期","2","南京"
"一週時事述評：美對華援助與貸款","厚安","中央周刊","1947","第9卷 第29期","24","南京"
"一週時事述評：關於中蘇的邦交","厚安","中央周刊","1947","第9卷 第29期","24，26","南京"
"一週時事述評：我國軍事形勢","厚安","中央周刊","1947","第9卷 第29期","26","南京"
"友情","蕭仁","中央周刊","1947","第9卷 第29期","25","南京"
"改革幣制是當前的需要","王新命","中央周刊","1947","第9卷 第29期","3-6，16","南京"
"山鬼與酒神（上）","蘇雪林","中央周刊","1947","第9卷 第29期","7-12","南京"
"蘇俄真相：第九章，新的榨取方法","（英）福列達·尤特麗 林植","中央周刊","1947","第9卷 第29期","19-22","南京"
"從民族内部之鬥爭轉向到民族內部之統一","陳安仁","中央周刊","1947","第9卷 第29期","20-22","南京"
"一週時事述評：我外部公佈旅大交涉經過","厚安","中央周刊","1947","第9卷 第29期","23-24","南京"
"社論：弔民伐罪戡亂建國","印","中央周刊","1947","第9卷 第30期","2","南京"
"江流","丁隱","中央周刊","1947","第9卷 第30期","26","南京"
"世界和平問題：杜魯門主義與世界（附圖）","陳鍾浩","中央周刊","1947","第9卷 第30期","3-4","南京"
"史大林主義與世界和平","鄭學稼","中央周刊","1947","第9卷 第30期","5-13","南京"
"國際周觀：從朝鲜到日本","周酉村","中央周刊","1947","第9卷 第46期","3-4","南京"
"秋季始業談讀書：秋季始業談讀書","劉迺誠","中央周刊","1947","第9卷 第41期","3-5","南京"
"如此“解放”人民：望蔣台：[畫圖]","王順元","中央周刊","1947","第9卷 第51期","20","南京"
"中國歷史之轉變與動向","陳安仁","中央周刊","1947","第9卷 第2期","11-12","南京"
"建築中的新世界：莫斯科會議的前瞻","劉光炎","中央周刊","1947","第9卷 第9期","2-4","南京"
"美蘇関係總論（二）","（美）J. F. Dulles 汪叔棣","中央周刊","1947","第9卷 第9期","4-6","南京"
"從人治之領域轉向到法治之領域","陳安仁","中央周刊","1947","第9卷 第9期","11-12","南京"
"當前禁煙禁毒政策評述","方秋葦","中央周刊","1947","第9卷 第9期","13-20","南京"
"一週時事述評：經濟緊急措施之面面觀","厚安","中央周刊","1947","第9卷 第9期","17-19","南京"
"我選擇自由","Victor Krauehenko 湯一雯","中央周刊","1947","第9卷 第9期","7-11","南京"
"憶晴皋先生在中公","黄仁中","中央周刊","1947","第9卷 第35-36期","31","南京"
"人海中一個永遠不滅的照明燈","徐世榮","中央周刊","1947","第9卷 第35-36期","32","南京"
"平均地權節制資本具體辦法","梅公任","中央周刊","1947","第9卷 第35-36期","3-12","南京"
"高山仰止，景行行止：創制肇基，太平萬季……：[詩詞多首]","姚慶芳 楊寳瑄 陷昌達","中央周刊","1947","第9卷 第35-36期","31","南京"
"友聲：官價紙應該配給誰？","胡年鶴","中央周刊","1947","第9卷 第52期","3","南京"
"社論：中蘇邦交展望","印","中央周刊","1947","第9卷 第37期","2","南京"
"名著連載：快樂之谷（二續）","Louis Bromfield 蔣炳賢","中央周刊","1947","第9卷 第8期","19-21","南京"
"社論：克服經濟危機的重大决策","季","中央周刊","1947","第9卷 第9期","1","南京"
"明人倫","王丹岑","中央周刊","1947","第9卷 第9期","21-23","南京"
"一九四六年的美國出版界","得之","中央周刊","1947","第9卷 第9期","24-25，23","南京"
"名著連載：快樂之谷（三續）：計劃","Louis Bromfield 蔣炳賢","中央周刊","1947","第9卷 第9期","25-26","南京"
"天問九重天考（下）","蘇雪林","中央周刊","1947","第9卷 第37期","20-22","南京"
"從私有私享之社會經濟轉向到公有公享之民生經濟","陳安仁","中央周刊","1947","第9卷 第37期","22-25","南京"
"名著連載：康熙帝傳（十五）","白晉 林植","中央周刊","1947","第9卷 第37期","24-26","南京"
"社會主義的將來","（美）Sidney Hook 鄭學稼","中央周刊","1947","第9卷 第37期","3-9","南京"
"天南地北：今日長春","蕭雪笠","中央周刊","1947","第9卷 第8期","25-26，15","南京"
"現代社会思想之趋势：現代社會科學兩種顯明的趨向","孫本文","中央周刊","1947","第9卷 第8期","2-4","南京"
"現代社会思想之趋势：社會心理學的文化观點（附表）","吳江霖","中央周刊","1947","第9卷 第8期","3-7","南京"
"美蘇関係總論（一）：上篇：“蘇維埃大一統”","（美）T. F. Dulles 汪叔棣","中央周刊","1947","第9卷 第8期","8-11","南京"
"轉變中的馬來亞","S. Raja Ratnam 梓英","中央周刊","1947","第9卷 第8期","12-15","南京"
"一週時事述評：空前的經濟狂潮","厚安","中央周刊","1947","第9卷 第8期","16-17","南京"
"一週時事述評：共黨的三大陰謀","厚安","中央周刊","1947","第9卷 第8期","17","南京"
"一九四六年的美國電影和戲劇","得之","中央周刊","1947","第9卷 第8期","18-19，24","南京"
"批評之批評：可憐的出賣靈魂者","劉三","中央周刊","1947","第9卷 第50期","18","南京"
"中國利益與美國利益","陶希聖","中央周刊","1947","第9卷 第49期","5","南京"
"友聲：物價的威脅","王志誠 芝","中央周刊","1947","第9卷 第50期","3","南京"
"批評之批評：王念昆的狐狸尾巴","王耑","中央周刊","1947","第9卷 第50期","19","南京"
"友聲：漢奸可赦乎？","孫敬業","中央周刊","1947","第9卷 第50期","3","南京"
"倫敦四外長會議的决裂","周酉村","中央周刊","1947","第9卷 第52期","11-12","南京"
"從國際政策之立場論外交問題","陳安仁","中央周刊","1947","第9卷 第23期","6-7","南京"
"實行金法幣制的提議","王新命","中央周刊","1947","第9卷 第23期","8-10","南京"
"名著連載：木十字架（待續）","徐仲年","中央周刊","1947","第9卷 第7期","21-24","南京"
"名著連載：康熙帝傳（十）","白晉 林植","中央周刊","1947","第9卷 第7期","23-24","南京"
"我的新希望","毛禮銳","中央周刊","1947","第9卷 第1期","3-4","南京"
"性比例與婚姻：台灣采風錄之一","朱荷生","中央周刊","1947","第9卷 第2期","24-25","南京"
"中國勞工運動應有的認識","馬超俊","中央周刊","1947","第9卷 第19期","3-4","南京"
"山鬼與酒神（下）","蘇雪林","中央周刊","1947","第9卷 第30期","18-23","南京"
"書評：看了翦伯贊中國史論集第一面之半","繆鳳林","中央周刊","1947","第9卷 第52期","8-10","南京"
"論新憲所定行政責任制","劉廷識 蔣","中央周刊","1947","第9卷 第47期","2-3，13","南京"
"從農村到都市：[漫畫多幅]","宣相權","中央周刊","1947","第9卷 第50期","20","南京"
"當前國際形勢","劉光炎","中央周刊","1947","第9卷 第20期","17-20","南京"
"社論：大選前夕論選舉","印","中央周刊","1947","第9卷 第21-22期","2","南京"
"天風海濤樓劄記：二，峨嵋佛光","伯商","中央周刊","1947","第9卷 第51期","25-26","南京"
"一年來國際的囘顧","劉光炎","中央周刊","1947","第9卷 第1期","19-21","南京"
"社論：國際形勢的新階段","印","中央周刊","1947","第9卷 第13期","1","南京"
"書報春秋：“張居正大傳”","朱晨","中央周刊","1947","第9卷 第25期","22-25","南京"
"論歐洲撤軍問題","（美）李普曼 伍煥彬","中央周刊","1947","第9卷 第44期","5-6","南京"
"書報春秋：美國的出版事業","趙銘","中央周刊","1947","第9卷 第41期","25","南京"
"論大學敎育之十年計劃","陳安仁","中央周刊","1947","第9卷 第45期","8-10","南京"
"關於“民主國際”","丁昌","中央周刊","1947","第9卷 第46期","14","南京"
"美國消極外交政策的檢討","（美）威爾斯 伍煥彬","中央周刊","1947","第9卷 第47期","9-10","南京"
"友聲：厭聽老調重調","邱敬宜 薛","中央周刊","1947","第9卷 第49期","4","南京"
"如此“解放”人民：鬥爭，你的就是我的：[畫圖]","王順元","中央周刊","1947","第9卷 第51期","20","南京"
"天風海濤樓劄記：四，黄山絕頂觀日華","伯商","中央周刊","1947","第9卷 第51期","26","南京"
"本刊專訪：對日和約問題面面觀","晴先 丁昌 昌","中央周刊","1947","第9卷 第50期","15-16","南京"
"批評之批評：蛙有四目的变化病論","洪汶","中央周刊","1947","第9卷 第50期","17-18","南京"
"一週時事述評：共黨軍事上之末日","厚安","中央周刊","1947","第9卷 第9期","19","南京"
"古寺","柳人","中央周刊","1947","第9卷 第35-36期","33","南京"
"安定民生在救濟粮荒","葛之莖","中央周刊","1947","第9卷 第35-36期","9-13","南京"
"印度獨立的前後","陳鍾浩","中央周刊","1947","第9卷 第35-36期","14-17，13","南京"
"印度之禍：階級制度（生活雜誌）","丁望","中央周刊","1947","第9卷 第35-36期","15-17","南京"
"中國與印度","（印）尼赫魯 梓英","中央周刊","1947","第9卷 第35-36期","18-20，24","南京"
"人的尊嚴","高邁","中央周刊","1947","第9卷 第2期","18","南京"
"蘇聯政治局巨頭塑像（下）","君衡","中央周刊","1947","第9卷 第2期","9-12，27","南京"
"論清儒","錢穆","中央周刊","1947","第9卷 第3期","5-7，3","南京"
"中國知識份子的時代使命──為農工服務","崔以寬","中央周刊","1947","第9卷 第19期","18-19","南京"
"三民主義與世界和平","林景亮","中央周刊","1947","第9卷 第30期","15","南京"
"一週時事述評：五國和約簽字","厚安","中央周刊","1947","第9卷 第9期","19-20","南京"
"社論：反對干涉中國內政","蔣","中央周刊","1947","第9卷 第10期","1","南京"
"一週時事述評：朝鮮的前途","厚安","中央周刊","1947","第9卷 第10期","13，27","南京"
"一週時事述評：莫斯科會議的前夕","厚安","中央周刊","1947","第9卷 第10期","27","南京"
"一週時事述評：英印問題大進展","厚安","中央周刊","1947","第9卷 第10期","27","南京"
"評“經濟緊急措施方案”","鄭德璋","中央周刊","1947","第9卷 第10期","14-17","南京"
"美國的離婚問題","得之","中央周刊","1947","第9卷 第10期","16-17","南京"
"世界性的房荒","無爲","中央周刊","1947","第9卷 第10期","18","南京"
"名著連載：木十字架（三）","徐仲年","中央周刊","1947","第9卷 第10期","19-21","南京"
"華萊士的政治理想（附圖）","王遂今","中央周刊","1947","第9卷 第19期","23-25","南京"
"名著連載：康熙帝傳（續完）","白晉 林植","中央周刊","1947","第9卷 第48期","21-24","南京"
"從“建立大別山根據地”幻滅說起，獨眼賊空作一場秋夢，西峽口軍民合作建殊勳","炎留","中央周刊","1947","第9卷 第52期","7","南京"
"批評之批評：與大公報論新聞編排與標題","小可","中央周刊","1947","第9卷 第52期","19-20","南京"
"批評之批評：盜亦有道","洪汶","中央周刊","1947","第9卷 第52期","20","南京"
"批評之批評：吳恩裕的見解","洪汶","中央周刊","1947","第9卷 第52期","20","南京"
"國際論衡選萃（自十二月九日至十二月十五日）：中國之民主與反民主","君羊","中央周刊","1947","第9卷 第52期","21","南京"
"國際周觀：遠東問題次要嗎（附圖）","周酉村","中央周刊","1947","第9卷 第45期","3-4，7","南京"
"介紹苏联特輯：我在鐵幕後的生活","Orlana Atklnson 華夏","中央周刊","1947","第9卷 第13期","2-9","南京"
"西伯利亞旅途","（美）Richard E. Lauterbach 梓英","中央周刊","1947","第9卷 第13期","8-15","南京"
"美蘇闗係的永久危機","W.H. Chamberliu 華子明","中央周刊","1947","第9卷 第46期","6-8","南京"
"國際論衡選萃（十月十五日至十一月二十五日）：國際政治問題是複雜而動蕩的歷史通論中的一環……","君羊","中央周刊","1947","第9卷 第49期","24-26","南京"
"漫畫之頁：但願不會如此：[漫畫多幅]","黃聖","中央周刊","1947","第9卷 第49期","32","南京"
"漫畫之頁：約翰夫人說：“啊！我在紐約住了五十五年也沒曾見過這類兩頭一樣形式的汽車！”","王達富","中央周刊","1947","第9卷 第49期","32","南京"
"漫畫之頁：兩種性質：[漫畫多幅]","宣相權","中央周刊","1947","第9卷 第49期","32","南京"
"新共產國際組織之檢討","陳鍾浩","中央周刊","1947","第9卷 第45期","5-7","南京"
"快樂之谷（四續）","Louis Bromfield 蔣炳賢","中央周刊","1947","第9卷 第10期","22-23","南京"
"天南地北：故都印象","蕭雪笠","中央周刊","1947","第9卷 第10期","24-26","南京"
"學宮側寫：介紹國立安徽大學","金田","中央周刊","1947","第9卷 第10期","25-26","南京"
"囘鄕論國事：二月十八日在合肥安徽省府歡迎會演講","張治中 汝賢","中央周刊","1947","第9卷 第10期","2","南京"
"美蘇関係總論（三）：下篇：“美國怎麼辦”？","（美）J. F. Dulles 汪叔棣","中央周刊","1947","第9卷 第10期","3-7","南京"
"文与藝：琴姑","丁伯騮","中央周刊","1947","第9卷 第49期","33-35","南京"
"友聲：民盟該不該解散","王亦仁","中央周刊","1947","第9卷 第49期","4","南京"
"今日的中國農村：獲獎徵文之一","甘韻聲","中央周刊","1947","第9卷 第42-43期","19-24","南京"
"名著連載：康熙帝傳（十六）","白晉 林植","中央周刊","1947","第9卷 第38期","24-26","南京"
"對日和約問題：對日和約的全面檢討","劉光災","中央周刊","1947","第9卷 第38期","3-9","南京"
"徐州近貌","曹精一","中央周刊","1947","第9卷 第38期","25-26","南京"
"對日和約問題：對日和約的核心問題","宋越倫","中央周刊","1947","第9卷 第38期","7-9","南京"
"對日和約問題：對日和約應有的對策","陳安仁","中央周刊","1947","第9卷 第38期","9-10","南京"
"演孔子大同學說實義","趙琛","中央周刊","1947","第9卷 第38期","10","南京"
"匪情透視：所謂秋季女參軍，無非在驅民以死……","余遂初","中央周刊","1947","第9卷 第39期","25-27","南京"
"苏联外交与朝鮮：蘇聯外交政策探源：南下政策，東進計劃，大斯拉天主義","何若鈞","中央周刊","1947","第9卷 第40期","3-6","南京"
"民選专輯：爲大選客問","陳言","中央周刊","1947","第9卷 第40期","26-27","南京"
"民選专輯：選舉進程","丁乃","中央周刊","1947","第9卷 第40期","27","南京"
"苏联外交与朝鮮：美國怎樣彌補在朝鮮鑄成的錯誤","Manuel Z. Olbes 伍煥彬","中央周刊","1947","第9卷 第40期","5-6","南京"
"苏联外交与朝鮮：論朝鮮問題","喩智微","中央周刊","1947","第9卷 第40期","7-11","南京"
"苏联外交与朝鮮：蘇聯對和平的威脅：關於“伊里奇”駛滬并拒絕開放大連","周酉村","中央周刊","1947","第9卷 第40期","9-11","南京"
"蘇聯外交與朝鮮：蘇聯的間諜網（一）","（美）李卻特·罕許 陸九公","中央周刊","1947","第9卷 第40期","12-14","南京"
"天問九重天考（中）（附圖）","蘇雪林","中央周刊","1947","第9卷 第35-36期","23-24","南京"
"陳顧遠教授执教：廿五週年紀念：信仰，治學，處世，立身（於八月四日慶祝會致詞）","陳顧遠","中央周刊","1947","第9卷 第35-36期","25-27","南京"
"顧遠先生執教廿五年南京慶祝會記","楊寳垣","中央周刊","1947","第9卷 第35-36期","27，29","南京"
"論戲劇的人生觀","張文伯","中央周刊","1947","第9卷 第35-36期","28-29","南京"
"顧遠先生二三事","李傳梓","中央周刊","1947","第9卷 第35-36期","30","南京"
"新年隨筆：我今後打算研究什麼學術","羅根澤","中央周刊","1947","第9卷 第1期","2","南京"
"從特權之統治轉向到民主之統治","陳安仁","中央周刊","1947","第9卷 第4期","18-20","南京"
"自由主義在中國之前途","君衡","中央周刊","1947","第9卷 第4期","17-19","南京"
"學宮側寫：國立政治大學的過去現在和將來","林深元","中央周刊","1947","第9卷 第31期","24-25","南京"
"美國與歐洲：假使我是美國人","邱吉爾 丁望","中央周刊","1947","第9卷 第31期","3-9","南京"
"美國怎樣打擊共產主義","胡佛","中央周刊","1947","第9卷 第31期","5-7","南京"
"木十字架（六）","徐仲年","中央周刊","1947","第9卷 第46期","22-24","南京"
"共匪的冬學運動","路青","中央周刊","1947","第9卷 第46期","24","南京"
"名著連載：康熙帝傳（十七）","白晉 林植","中央周刊","1947","第9卷 第46期","25-27","南京"
"一週時事述評：對日和約的檢討","厚安","中央周刊","1947","第9卷 第33期","18","南京"
"一週時事述評：印尼事件與華僑","厚安","中央周刊","1947","第9卷 第33期","18","南京"
"社論：論宣傳","印","中央周刊","1947","第9卷 第34期","2","南京"
"如機之翼：[畫圖]","韋宗","中央周刊","1947","第9卷 第34期","21","南京"
"中國農業機械化之可能與農業經營制度之配合問題","李國桓","中央周刊","1947","第9卷 第34期","10-13","南京"
"當前中國移民及墾殖問題","趙葵蓀","中央周刊","1947","第9卷 第34期","12-14，25","南京"
"改善墾荒辦法管見","葛之莖","中央周刊","1947","第9卷 第34期","15-17","南京"
"蘇俄真相","（英）福列達·尤特麗 林植","中央周刊","1947","第9卷 第19期","20-26","南京"
"法國政局剖視","君衡","中央周刊","1947","第9卷 第31期","7-10","南京"
"德國問題之商榷","ALLEU W. Dulles 抱璞","中央周刊","1947","第9卷 第31期","11-15","南京"
"從官僚之政治轉向到官能之政治","陳安仁","中央周刊","1947","第9卷 第31期","15-16","南京"
"土耳其與希臘──一個問題的兩面","Barnet Nover 寗孝懃","中央周刊","1947","第9卷 第31期","17","南京"
"此次與上次","Frederick Lewis Alleu 梓英","中央周刊","1947","第9卷 第31期","18-19","南京"
"一週時事述評：動員與行憲的關聯","厚安","中央周刊","1947","第9卷 第31期","20-21","南京"
"一週時事述評：世界局勢鳥瞰","厚安","中央周刊","1947","第9卷 第32期","17","南京"
"科學小品：動物對於科學的貢獻","陳邦傑","中央周刊","1947","第9卷 第32期","18-20","南京"
"社論：烽火話邊情","季","中央周刊","1947","第9卷 第32期","2","南京"
"海南建省之國防意義","宋瑞楠","中央周刊","1947","第9卷 第32期","21-23","南京"
"學宮側寫：中央大學概觀","南宮遙","中央周刊","1947","第9卷 第32期","24-25","南京"
"名著連載：康熙帝傳（十三）","白晉 林植","中央周刊","1947","第9卷 第32期","26","南京"
"全國總動員的時代背景與運用","劉光炎","中央周刊","1947","第9卷 第32期","3-7","南京"
"我不願孩子們在蘇聯長大","（英）Nina I. Alexeier 彭斐","中央周刊","1947","第9卷 第32期","11-14","南京"
"現階段我國新聞紙及雜誌出版概况","王鍾琴","中央周刊","1947","第9卷 第32期","14-15","南京"
"一週時事述評：魏德邁將軍來華","厚安","中央周刊","1947","第9卷 第32期","16","南京"
"一週時事述評：財部之重要措施","厚安","中央周刊","1947","第9卷 第32期","16-17","南京"
"法國的政治危機","（美）蒲立德 高桂泉","中央周刊","1947","第9卷 第47期","6-8，13","南京"
"一週時事述評：全國文化界戡亂之表示","厚安","中央周刊","1947","第9卷 第32期","17","南京"
"社論：瞭解·互助，曾進中美友誼","薛","中央周刊","1947","第9卷 第33期","2","南京"
"逐一摧毁：[漫畫]","衛奇","中央周刊","1947","第9卷 第33期","17","南京"
"社會主義的將來：論態度與理想","Granville Hicks 鄭學稼","中央周刊","1947","第9卷 第33期","3-8","南京"
"教育論壇：普及幼稚教育及保姆訓練問題","劉兆吉","中央周刊","1947","第9卷 第33期","9-12","南京"
"名著連載：康熙帝傳（八）","白晉 林植","中央周刊","1947","第9卷 第2期","26","南京"
"論宋學產生之背景","許毓峯","中央周刊","1947","第9卷 第7期","15-17，26","南京"
"談“反省”","林深元","中央周刊","1947","第9卷 第20期","15-16","南京"
"友聲：我們被挾制","大器","中央周刊","1947","第9卷 第49期","4","南京"
"國际周觀：美苏關係的益形尖銳（附圖）","周酉村","中央周刊","1947","第9卷 第44期","3-4","南京"
"友聲：政治重於軍事","丁重行","中央周刊","1947","第9卷 第50期","3","南京"
"友聲：民主第一課","余一塵","中央周刊","1947","第9卷 第50期","3","南京"
"友聲：將中國比英美","張洪如","中央周刊","1947","第9卷 第50期","3","南京"
"舊金山會議展望：未來國際和平機構的兩種積極使命","孫科 印","中央周刊","1945","第7卷 第13-14期","1","重庆"
"世界一月：（一）召開聯合國會議","新命","中央周刊","1945","第7卷 第13-14期","18","重庆"
"經濟建設：開發西北芻議","徐寶理","中央周刊","1945","第7卷 第49-50期","9-14","重庆"
"重慶的廣播電台","吴育英","中央周刊","1945","第7卷 第40期","20，12","重庆"
"海外通訊：海上的旅行","建人","中央周刊","1945","第7卷 第32-33期","15-17","重庆"
"勝利中的新問題與新任務","張文伯 蔣","中央周刊","1945","第7卷 第34-35期","1-4","重庆"
"國際形勢與中國外交政策","胡秋原 蔣","中央周刊","1945","第7卷 第29期","1-4","重庆"
"舊金山會議的精神","陳鍾浩","中央周刊","1945","第7卷 第29期","4-6","重庆"
"軍事第一·生產為先","翁文灝","中央周刊","1945","第7卷 第2期","3","重庆"
"戰時生產局的任務","彭學沛","中央周刊","1945","第7卷 第2期","4","重庆"
"戰時通貨與金融問題：評伍啓元等五教授對於物優問題之再度呼籲","丘斌存","中央周刊","1945","第7卷 第2期","5-8","重庆"
"中國需要何種民主政治","葉靑","中央周刊","1945","第7卷 第2期","8-10","重庆"
"國際文絜：今日中國","賽珍珠 陳加","中央周刊","1945","第7卷 第2期","10","重庆"
"國際文絜：報道自由展望","古柏 恆","中央周刊","1945","第7卷 第2期","11","重庆"
"肅清戰時生產的道路：宣告投機性高利金融資本和暴利商業資本的死刑","王新命 蔣","中央周刊","1945","第7卷 第2期","1-3","重庆"
"皖北的新聞事業","右民","中央周刊","1945","第7卷 第2期","13-14","重庆"
"珍貴的友情：（一）啓者：茲由郵局匯上國幣壹萬元……","宋興幾 華聚六 楊育良","中央周刊","1945","第7卷 第2期","14-15","重庆"
"訂刋勞軍的先聲：澤錕先生：你眞熱心……","文伯","中央周刊","1945","第7卷 第2期","15","重庆"
"革命故事：槍聲替代了送歲的爆竹：洪全福倪映典起義經過紀實","伯僑","中央周刊","1945","第7卷 第2期","12-13","重庆"
"珍貴的友情：（一）敬啓者：近閱貴刊四十七八期首頁登載徵求十萬基本訂戶一則爰爲響應……","雷鳳池 楊桂香 崔潔民","中央周刊","1945","第7卷 第3期","15","重庆"
"珍貴的友情：訂刋勞軍","張樹楠","中央周刊","1945","第7卷 第3期","15","重庆"
"國民黨何以未完成民主政治","葉靑","中央周刊","1945","第7卷 第3期","5-8","重庆"
"抗建工作的一大敵人","蕭孝嶸","中央周刊","1945","第7卷 第3期","6","重庆"
"國際文絜：英社會保險大臣威廉裘威特爵士","Stantey Barnes 胡春冰","中央周刊","1945","第7卷 第3期","7","重庆"
"國際文絜：遠東的未來世界：兩洋作戰打日本","Mewhinnie 胡春冰","中央周刊","1945","第7卷 第3期","8-9","重庆"
"美國人的性格","陳銓","中央周刊","1945","第7卷 第3期","9","重庆"
"中國教育之改革：介紹陳著“中國教育改革之途徑”","詹文滸","中央周刊","1945","第7卷 第3期","10-12","重庆"
"革命故事：四十二年前的智識青年從軍運動（未完）","許師愼","中央周刊","1945","第7卷 第3期","12-14","重庆"
"假如我是你，假如你是他","馮玉祥 元璧 楊__","中央周刊","1945","第7卷 第4-5期","1-2","重庆"
"世界戰局的前瞻","李翼民","中央周刊","1945","第7卷 第3期","3-4","重庆"
"革命故事：四十二年前的智識青年從軍運動","許師愼","中央周刊","1945","第7卷 第4-5期","20-22","重庆"
"美日戰略總檢討與太平洋新攻勢","郭壽生","中央周刊","1945","第7卷 第4-5期","3-5","重庆"
"戰後處置日本問題","黃義本","中央周刊","1945","第7卷 第4-5期","6-7","重庆"
"美國的前方與後方：一月十八日在陪都靑年館講","于斌 右民","中央周刊","1945","第7卷 第4-5期","8-9","重庆"
"滇西前緣的男女俘虜","彭河清","中央周刊","1945","第7卷 第4-5期","18-21","重庆"
"國民黨員奮起之時","胡秋原 韋","中央周刊","1945","第7卷 第6-7期","1-2","重庆"
"東北的資源","德炎","中央周刊","1945","第7卷 第6-7期","17","重庆"
"本黨中南美洲黨務之發創","周雍能","中央周刊","1945","第7卷 第6-7期","18","重庆"
"友誼","__塞魯","中央周刊","1945","第7卷 第6-7期","19","重庆"
"革命故事：民初的國民獻金運動","許師愼","中央周刊","1945","第7卷 第6-7期","20-22","重庆"
"防禦及攻擊之兵力與性能","克年席夫 裘維瑛","中央周刊","1945","第7卷 第4-5期","11-13","重庆"
"友聲：國民黨幫了倒忙？","盧鏡","中央周刊","1947","第9卷 第50期","3","南京"
"史揣克的謬論與日本賠償問題","張雲夫","中央周刊","1947","第9卷 第50期","4-5","南京"
"談對日和約","陶希聖","中央周刊","1947","第9卷 第50期","6","南京"
"友聲：向工礦人員致敬","許亦潔 印","中央周刊","1947","第9卷 第51期","3","南京"
"各國政黨介紹：英國底政黨","寧孝懃","中央周刊","1947","第9卷 第34期","18-20","南京"
"社論：為印度獨立歡呼！","韋","中央周刊","1947","第9卷 第35-36期","2","南京"
"從傅作義談起","一禾","中央周刊","1947","第9卷 第51期","11","南京"
"友聲：快開徵建國特捐！","若愚 蔣","中央周刊","1947","第9卷 第52期","3","南京"
"正人心","王丹岑","中央周刊","1947","第9卷 第20期","12-14","南京"
"關於我國目前中學生程度低落問題","林振文","中央周刊","1947","第9卷 第33期","11-13","南京"
"教育的統整性","張天樂","中央周刊","1947","第9卷 第33期","13-15","南京"
"從文化演進之分立主義轉向到文化演進之均衡主義","陳安仁","中央周刊","1947","第9卷 第33期","15-16","南京"
"一週時事述評：關於北塔山事件","厚安","中央周刊","1947","第9卷 第33期","17-18","南京"
"國際論衡選萃（自十二月九日至十二月十五日）：對日和約之謎","君羊","中央周刊","1947","第9卷 第52期","21-22","南京"
"國際論衡選萃（自十二月九日至十二月十五日）：援華不容再緩了！","君羊","中央周刊","1947","第9卷 第52期","22","南京"
"天風海濤樓劄記：一，旅行之樂趣","伯商","中央周刊","1947","第9卷 第52期","23","南京"
"天風海濤樓劄記：二，海上情調","伯商","中央周刊","1947","第9卷 第52期","23","南京"
"天風海濤樓劄記：三，異邦情調","伯商","中央周刊","1947","第9卷 第52期","23","南京"
"本刊专訪：經濟上應有新措施","淵如","中央周刊","1947","第9卷 第51期","13-15","南京"
"從縮小省區到内政改革","晴先 丁昌","中央周刊","1947","第9卷 第51期","16-18","南京"
"友聲：誠摯的感謝","魯德安","中央周刊","1947","第9卷 第52期","3","南京"
"天風海濤樓劄記：四，懷念故國","伯商","中央周刊","1947","第9卷 第52期","23-24","南京"
"天風海濤樓劄記：五，行役之苦","伯商","中央周刊","1947","第9卷 第52期","24","南京"
"梅隱盦譚脞","厚菴","中央周刊","1947","第9卷 第52期","25-26","南京"
"友聲：學生愛好本刊","壬又安","中央周刊","1947","第9卷 第52期","3","南京"
"幾個重要敎育問題之檢討","程其保","中央周刊","1947","第9卷 第52期","4-6","南京"
"論南京市政建設","張文伯","中央周刊","1947","第9卷 第33期","25-26","南京"
"友聲：給金融管理局","黃明安","中央周刊","1947","第9卷 第52期","3","南京"
"土地政策與國家建設配合問題","湯惠蓀 馬義","中央周刊","1947","第9卷 第25期","9，16","南京"
"名人傳記：主席怎樣待人接物","蔣星德","中央周刊","1947","第9卷 第52期","8-10","南京"
"新年在美國","得之","中央周刊","1947","第9卷 第7期","25","南京"
"中國人眼中的日本問題","劉光炎","中央周刊","1947","第9卷 第23期","3-7","南京"
"橋：這輛破汽車已經在重慶抗過八年戰……","王丹","中央周刊","1947","第9卷 第44期","26","南京"
"吾國改革幣料的條件","趙蘭坪","中央周刊","1947","第9卷 第50期","7-9，6","南京"
"民選專輯：選政花絮：京市選舉事務所候選人登記期內門可羅雀……","知今","中央周刊","1947","第9卷 第41期","27","南京"
"秋季始業談讀書：解除中學生苦悶的藥方","林振文","中央周刊","1947","第9卷 第41期","4-6","南京"
"秋季始業談讀書：讀書要有目的有方法","陈重寅","中央周刊","1947","第9卷 第41期","6-7","南京"
"秋季始業談讀書：研讀社會學或其他科學文獻之方法","孫本文","中央周刊","1947","第9卷 第41期","7-10","南京"
"秋季始業談讀書：科學研究法","葛之莖","中央周刊","1947","第9卷 第41期","9-14","南京"
"秋季始業談讀書：秋天始業談讀書","徐元璞","中央周刊","1947","第9卷 第41期","13-14","南京"
"秋季始業談讀書：善讀書者必善抄書","毛起鵕","中央周刊","1947","第9卷 第41期","15-17","南京"
"當前剿匪軍事内幕的析解","炎留","中央周刊","1947","第9卷 第50期","10","南京"
"與“國訊”旬刊論中共的土地政策","梁銘（艹汸）","中央周刊","1947","第9卷 第50期","11-12","南京"
"羅大使談中印合作","楊力","中央周刊","1947","第9卷 第50期","13","南京"
"天風海濤樓劄記：三，金頂佛燈","伯商","中央周刊","1947","第9卷 第51期","26","南京"
"敬告海外僑胞","劉維熾","中央周刊","1947","第9卷 第27-28期","18","南京"
"世界大勢與中國","劉光炎","中央周刊","1947","第9卷 第27-28期","19-24","南京"
"四川省選縣户口普查報告述評","梁遠","中央周刊","1947","第9卷 第21-22期","25-28","南京"
"對於人口局之期望","謝子英","中央周刊","1947","第9卷 第21-22期","28-30","南京"
"闡揚主義：[題詞]","王世杰","中央周刊","1947","第9卷 第1期","3","南京"
"共匪有言論自由嗎","知白","中央周刊","1948","第10卷 第2期","14","南京"
"論經濟上的“自由競爭”","胡次威","中央周刊","1948","第10卷 第45期","2-3","南京"
"友聲：豪華飛快車應立卽停駛","王一民 韋","中央周刊","1948","第10卷 第42期","1","南京"
"游英美加拿大雜記（三）","杜維濤","中央周刊","1948","第10卷 第45期","13","南京"
"總統先世考","蔣星德","中央周刊","1948","第10卷 第45期","4","南京"
"俄國集團暴露弱點","新","中央周刊","1948","第10卷 第44期","5-6","南京"
"森園詩話（二）","史大木","中央周刊","1948","第10卷 第45期","13","南京"
"憲政與先例","戇生 季","中央周刊","1948","第10卷 第20期","1，3","南京"
"亞洲的冷戰","君羊","中央周刊","1948","第10卷 第33期","3-4","南京"
"批評之批評：請看民主人士對九龍事件的言論","劉三","中央周刊","1948","第10卷 第6期","17-18","南京"
"批評之批評：中間路線與亡國路線","王武","中央周刊","1948","第10卷 第6期","18","南京"
"本刋專訪：立委論憲政","丁昌","中央周刊","1948","第10卷 第20期","9-10","南京"
"論陳公洽主浙新政","張明烈","中央周刊","1948","第10卷 第42期","6-7","南京"
"友聲：六十書懷：用漁秋柳韻：[詩詞]","張客公","中央周刊","1948","第10卷 第45期","4","南京"
"友聲：杭州暮秋","沈霞冰","中央周刊","1948","第10卷 第45期","5","南京"
"名人傳記：主席的先知與遠見","星德","中央周刊","1948","第10卷 第7-8期","8-9","南京"
"批評之批評：讀“國民黨和中國的現狀”以後","曾笑余","中央周刊","1948","第10卷 第46期","9-10","南京"
"美蘇將一戰嗎？（原載美生活畫報）","惶生","中央周刊","1948","第10卷 第20期","4-6","南京"
"宛西的地方自治","王文治","中央周刊","1948","第10卷 第20期","7-8","南京"
"友聲：張客公先生六十書懷","客公","中央周刊","1948","第10卷 第45期","4","南京"
"友聲：天氣不正冷飲不潔，衞生當局應多檢查","劉廣雲","中央周刊","1948","第10卷 第33期","14","南京"
"友聲：蕭一山先生函","一山 芝","中央周刊","1948","第10卷 第36期","1","南京"
"美蘇“冷戰”在德國","陳鍾浩","中央周刊","1948","第10卷 第33期","2","南京"
"天風海濤樓劄記：一、初唐詩之色彩","伯商","中央周刊","1948","第10卷 第41期","10","南京"
"梅隱盦谭脞：武漢三鎭，鮮宴游棲息之所……","厚菴","中央周刊","1948","第10卷 第41期","11-12","南京"
"友聲：郵局的好辦法，其他機關應該照辦","陳小英","中央周刊","1948","第10卷 第33期","14","南京"
"狄托事件的分析","吉爾伯特","中央周刊","1948","第10卷 第33期","3","南京"
"友声：物價漲不得了，有辦法拿出來","何偉成","中央周刊","1948","第10卷 第12期","20","南京"
"腐蝕文化的資本主義和官僚主義","胡一貫","中央周刊","1948","第10卷 第46期","2","南京"
"“中外文化資料供應合作社”","胡煥庸","中央周刊","1948","第10卷 第42期","8","南京"
"批評之批評：滑稽的行為與尷尬的命運","王耑","中央周刊","1948","第10卷 第20期","11-12","南京"
"友聲：京滬滬杭兩路價漲得太凶了","黃維安","中央周刊","1948","第10卷 第33期","14","南京"
"台灣通訊：美麗的屏東","研微","中央周刊","1948","第10卷 第46期","8，3","南京"
"批評之批評：論“人心思變”","陳辭","中央周刊","1948","第10卷 第35期","8","南京"
"批評之批評：吞吞吐吐之類","馮宦","中央周刊","1948","第10卷 第35期","8","南京"
"樓桐孫答問：一、應如何更有效的管製特價……","樓桐孫","中央周刊","1948","第10卷 第41期","8","南京"
"本刋专訪：戡亂中酌敎育","丁昌","中央周刊","1948","第10卷 第5期","17-18","南京"
"民衆自衛武力的建立","戇生","中央周刊","1948","第10卷 第12期","2-3，7","南京"
"漫話美援","劉光炎","中央周刊","1948","第10卷 第12期","4","南京"
"友聲：大學試題不合理，一個中學生的呼籲","黃__明","中央周刊","1948","第10卷 第30期","1","南京"
"友聲：趕快改革幣制","黃安民","中央周刊","1948","第10卷 第30期","1","南京"
"目前的地方政治","戇生","中央周刊","1948","第10卷 第2期","5-6","南京"
"書評：慢談思想學說且先通達文理：評侯外廬近代中國思想學說史","繆鳳林","中央周刊","1948","第10卷 第2期","7-9，12","南京"
"美游心影","王祖祥","中央周刊","1948","第10卷 第2期","10","南京"
"名人傳記：蔣主席的嗜好","蔣星德","中央周刊","1948","第10卷 第2期","11-12","南京"
"友聲：九龍同胞悽慘，政府態度如何","王禮明 季","中央周刊","1948","第10卷 第3期","1","南京"
"批評之批評：賣身投靠者的旅港五論","元君","中央周刊","1948","第10卷 第3期","12-13","南京"
"批評之批評：請教“南北極”的論士","劉三","中央周刊","1948","第10卷 第3期","13","南京"
"國際論衡選萃（由三十七年一月一日至一月七日）：（由三十七年一月一日至一月七日）：中國憲政民主前途","君羊","中央周刊","1948","第10卷 第3期","15","南京"
"國際論衡選萃（由三十七年一月一日至一月七日）：防制共產毒流糜爛亞洲","君羊","中央周刊","1948","第10卷 第3期","15","南京"
"批評之批評：“路是没有了”麽？","廬山","中央周刊","1948","第10卷 第1期","18","南京"
"國際論衡選萃（自十二月十六日至二十二日）：中國之進步與自力更生","君羊","中央周刊","1948","第10卷 第1期","19","南京"
"國際論衡選萃（自十二月十六日至二十二日）：共產國際導演下之中共","君羊","中央周刊","1948","第10卷 第1期","19","南京"
"國際論衡選萃（自十二月十六日至二十二日）：軍事援華不容再緩","君羊","中央周刊","1948","第10卷 第1期","19","南京"
"國際論衡選萃（自十二月十六日至二十二日）：日本可以改造麽？","君羊","中央周刊","1948","第10卷 第1期","19","南京"
"天風海濤樓劄記：一，各省人物及其個性","伯商","中央周刊","1948","第10卷 第1期","20-21","南京"
"論國民黨的改造","崔書琴 芝","中央周刊","1948","第10卷 第33期","1","南京"
"批評之批評：讀“逆流與合流”","高峯","中央周刊","1948","第10卷 第33期","8","南京"
"國際論衡選萃：一、中國革新運動之展望","君羊","中央周刊","1948","第10卷 第33期","9","南京"
"國際論衡選萃：二、美國對華政策的新轉向","君羊","中央周刊","1948","第10卷 第33期","9","南京"
"國際論衡選萃：三、反美扶日運動式怎樣發生的？","君羊","中央周刊","1948","第10卷 第33期","9","南京"
"天風海濤樓劄記：一，乾嘉時鹽商之富、二，莫高窟……","伯商","中央周刊","1948","第10卷 第33期","10-11","南京"
"座談中國土地問題（民國三十七年三月九日）：應提出“限田政策”，把農民組織起來","王耑 丁昌","中央周刊","1948","第10卷 第12期","5","南京"
"世界新聞自由的基準","謝然之 芝","中央周刊","1948","第10卷 第13期","2-3","南京"
"國際論衡選萃（由三十七年一月廿三日至一月三十日）：援華所以自救","君羊","中央周刊","1948","第10卷 第5期","19","南京"
"天風海濤樓劄記：佳楹聯（續前期）、故都話舊","伯商","中央周刊","1948","第10卷 第5期","20-21","南京"
"座談中國土地問題（民國三十七年三月九日）：政策下鄕往往變質，一個矛盾的問題","曾資生 王耑 丁昌","中央周刊","1948","第10卷 第12期","5","南京"
"座談中國土地問題：兼論中國土地改革方案（三十六年三月十六日）：土地改革的目的應該是化小生產爲大生產","湯惠蓀 王耑 丁昌","中央周刊","1948","第10卷 第13期","10","南京"
"座談中國土地問題：兼論中國土地改革方案（三十六年三月十六日）：目前已到“亂”的程度應該快刀斬亂蔴","黄通 王耑 丁昌","中央周刊","1948","第10卷 第13期","10","南京"
"國際論衡選萃（由七月十八日至廿五日）：三、中國與亞洲各國","君羊","中央周刊","1948","第10卷 第30期","9","南京"
"天風海濤樓箚記：（一）游牧民族之建築藝術、（二）西突厥可汗之王庭……","伯商","中央周刊","1948","第10卷 第30期","10-11","南京"
"梅隱盦譚脞：王雪艇先生，自任外長後……","厚菴","中央周刊","1948","第10卷 第30期","12-13","南京"
"的港糾紛與義國大選","周酉村","中央周刊","1948","第10卷 第16期","7-8","南京"
"座談中國土地問題：兼論中國土地改革方案（三十六年三月十六日）：“土地法大綱”檢討並論我們自己的弱點","吴文暉 王耑 丁昌","中央周刊","1948","第10卷 第13期","10-11","南京"
"座談中國土地問題：兼論中國土地改革方案（三十六年三月十六日）：民生主義的對象我們以前竟没有把握住","翁之鏞 王耑 丁昌","中央周刊","1948","第10卷 第13期","11","南京"
"座談中國土地問題：兼論中國土地改革方案（三十六年三月十六日）：解决問題要慎重攷慮","吳雲端 王耑 丁昌","中央周刊","1948","第10卷 第13期","11","南京"
"座談中國土地問題：兼論中國土地改革方案（三十六年三月十六日）：解决土地問題經濟制度也要改革","陳漢平 王耑 丁昌","中央周刊","1948","第10卷 第13期","11","南京"
"座談中國土地問題：兼論中國土地改革方案（三十六年三月十六日）：金融資本不清除去問題永遠解决不了","蕭錚 王耑 丁昌","中央周刊","1948","第10卷 第13期","12","南京"
"我的預言","蕭作梁","中央周刊","1948","第10卷 第4期","7-8","南京"
"友聲：共匪殺人放火，算是甚麽解放","何清山 印","中央周刊","1948","第10卷 第5期","1","南京"
"九龍問題的正視","陳鍾浩","中央周刊","1948","第10卷 第5期","13","南京"
"國際論衡選萃（由三十七年一月廿三日至一月三十日）：正視中國","君羊","中央周刊","1948","第10卷 第5期","19","南京"
"國際論衡選萃（由三十七年一月廿三日至一月三十日）：美國能忽視亞洲嗎？","君羊","中央周刊","1948","第10卷 第5期","19","南京"
"友聲：日本賠償物品不要胡亂糟塌","黃越","中央周刊","1948","第10卷 第5期","1","南京"
"國際論衡選萃（由三十七年一月廿三日至一月三十日）：幫兇豈能托庇異國！","君羊","中央周刊","1948","第10卷 第5期","19","南京"
"總體戰的財政意義","馬大英","中央周刊","1948","第10卷 第30期","3-4","南京"
"座談中國土地問題（民國三十七年三月九日）：政府顯然做得太少社會覺悟也太不夠，必須發爲一種運動造成一種力量","張丕介 王耑 丁昌","中央周刊","1948","第10卷 第12期","5","南京"
"關於周鯁生胡適之的論戰：歷史是否重演闗鍵繫於蘇聯","胡煥庸","中央周刊","1948","第10卷 第9期","17","南京"
"漫畵之頁：物價漲風、敎他怎樣讀下去？：[畫圖二幅]","黃墅","中央周刊","1948","第10卷 第9期","18","南京"
"漫畵之頁：脫手而去，望塵莫及！：[畫圖]","黃墅","中央周刊","1948","第10卷 第9期","18","南京"
"漫畵之頁：請走後門：[畫圖]","黃墅","中央周刊","1948","第10卷 第9期","18","南京"
"國際論衡選萃（由三十七年二月廿二日至二月廿九日）：一、蔣主席的偉大","君羊","中央周刊","1948","第10卷 第9期","19","南京"
"國際論衡選萃（由三十七年二月廿二日至二月廿九日）：二、揭穿共匪的畫皮","君羊","中央周刊","1948","第10卷 第9期","19","南京"
"國際論衡選萃（由三十七年二月廿二日至二月廿九日）：三、援華如何才能有效","君羊","中央周刊","1948","第10卷 第9期","19","南京"
"天風海濤樓劄記：一．探尋世界第一高峯、二．河源……","伯商","中央周刊","1948","第10卷 第9期","20-21","南京"
"梅隱盦譚脞：舊京風物，極耐尋味……","厚菴","中央周刊","1948","第10卷 第9期","22-23","南京"
"九龍事件與中英邦交","周子亞","中央周刊","1948","第10卷 第9期","3-5","南京"
"印度命運面臨抉擇","項孔言","中央周刊","1948","第10卷 第9期","6-7","南京"
"經濟危難中的一顆明星：論花沙布代紡代織政策","淵如","中央周刊","1948","第10卷 第3期","7","南京"
"病態的美國社會","恕人","中央周刊","1948","第10卷 第3期","8","南京"
"國際論衡選萃（由七月十八日至廿五日）：二、美對華政策真相如此？！","君羊","中央周刊","1948","第10卷 第30期","9","南京"
"國際論衡選萃（由七月廿六日至八月八日）：三，赤色毒燄，瀰满遠東","君羊","中央周刊","1948","第10卷 第31-32期","11","南京"
"天風海濤樓劄記：一，討官僚資本之絕妙檄文、二，人才濟濟之中央銀行……","伯商","中央周刊","1948","第10卷 第31-32期","12-13","南京"
"梅隱盦譚脞：江南名宿錢名山先生……","厚菴","中央周刊","1948","第10卷 第31-32期","14-15","南京"
"友聲（作者來函）：本刊友聲乃讀者投書性質……","黃通","中央周刊","1948","第10卷 第31-32期","16","南京"
"友聲：闗於石達開的遺詩，羅鴻濤先生的來信","羅鴻濤","中央周刊","1948","第10卷 第31-32期","16","南京"
"國際論衡選萃（由五月二日至五月九日）：中緬關係新展望","君羊","中央周刊","1948","第10卷 第19期","13","南京"
"梅隱盦谭脞：森小園語（史大木）","厚菴","中央周刊","1948","第10卷 第20期","16-17","南京"
"路過家中","曾耀","中央周刊","1948","第10卷 第20期","18","南京"
"國際論衡選萃（由五月十七日至二十三日）：展望中國的局勢","君羊","中央周刊","1948","第10卷 第21期","11","南京"
"國際論衡選萃（由五月十七日至二十三日）：援華的眞諦","君羊","中央周刊","1948","第10卷 第21期","11","南京"
"國際論衡選萃（由五月十七日至二十三日）：美國遠東政策往那裏走","君羊","中央周刊","1948","第10卷 第21期","11","南京"
"天風海濤樓劄記：一、安南書錄，二、啓禎兩朝遺詩……","伯商","中央周刊","1948","第10卷 第21期","12-13","南京"
"梅隐盦谭脞：文字因緣至少偶然……","厚菴","中央周刊","1948","第10卷 第21期","14","南京"
"巴山蜀水吟：（一）探禹穴，（二）都江堰與靈崖山……","蔣一安","中央周刊","1948","第10卷 第21期","15-16","南京"
"友聲：濱湖水漲民命堪虞，有關機關應速注意","王維禎","中央周刊","1948","第10卷 第21期","17","南京"
"蘇聯在中東擴大紅色前哨","中杜","中央周刊","1948","第10卷 第21期","4","南京"
"衡陽二三事：糾紛：專員、糧官、妓女","由之","中央周刊","1948","第10卷 第21期","5-6","南京"
"友聲：共匪無惡不作，鬼神也要鬥爭","黃海臣 蔣","中央周刊","1948","第10卷 第4期","1","南京"
"正視當前收購國棉問題：棉農的利益决不容忽視的","沈文輔","中央周刊","1948","第10卷 第4期","9-10","南京"
"批評之批評：譚譚新民報","劉三","中央周刊","1948","第10卷 第4期","11-12","南京"
"批評之批評：如此希望","小可","中央周刊","1948","第10卷 第4期","12","南京"
"要怎樣才能渡過難闗","劉令琛","中央周刊","1948","第10卷 第30期","2，4","南京"
"半日閒客答問","光炎","中央周刊","1948","第10卷 第31-32期","4-5","南京"
"南共的被整肅與巴爾幹前途","周酉衬","中央周刊","1948","第10卷 第31-32期","6-8","南京"
"天風海濤樓劄記：一，國軍入越受降、二，黑旗軍","伯商","中央周刊","1948","第10卷 第11期","14-15","南京"
"梅隱盦譚脞：寺僧勢利，到處皆然主……","厚菴","中央周刊","1948","第10卷 第11期","16-17","南京"
"本刊專訪：戰士們的心曲：燕趙豪傑","李雲","中央周刊","1948","第10卷 第4期","13-14","南京"
"批評之批評：洋鬼子的荒謬“觀察”","馬良","中央周刊","1948","第10卷 第21期","9-10","南京"
"國際論衡選萃（由三十七年一月十六日至一月廿二日）：中國在邁進中","君羊","中央周刊","1948","第10卷 第4期","19","南京"
"國際論衡選萃（由三十七年一月十六日至一月廿二日）：中國──亞洲的防共堡壘","君羊","中央周刊","1948","第10卷 第4期","19","南京"
"國際論衡選萃（由三十七年一月十六日至一月廿二日）：援華的具體行動","君羊","中央周刊","1948","第10卷 第4期","19","南京"
"天風海濤樓劄記：一、佳楹聯","伯商","中央周刊","1948","第10卷 第4期","20-21","南京"
"天風海濤樓劄記：一、倮儸羣相：余由樂西公路入康……（附照片）","伯商","中央周刊","1948","第10卷 第19期","14-15","南京"
"實行“備現”建立幣制稳定基礎","林霖","中央周刊","1948","第10卷 第10期","6-7","南京"
"評中共“中國土地大綱”","李國桓","中央周刊","1948","第10卷 第10期","8-10","南京"
"批評之批評：與林煥平論對日和會問題","楊柳","中央周刊","1948","第10卷 第10期","15","南京"
"批評之批評：匪徒的欺騙與誣蔑","王耑","中央周刊","1948","第10卷 第10期","15-16","南京"
"批評之批評：土地的掠奪者","王武","中央周刊","1948","第10卷 第10期","16","南京"
"國際論衡選萃（由三十七年二月廿九日至三月七日）：一、莫斯科指使下的共匪暴行","君羊","中央周刊","1948","第10卷 第10期","17","南京"
"蔣主席要把中國建成怎樣一個國家","星德","中央周刊","1948","第10卷 第14期","8-9","南京"
"國際論衡選萃（由三十七年二月廿九日至三月七日）：二、、轉形期國的中美闗係","君羊","中央周刊","1948","第10卷 第10期","17","南京"
"國際論衡選萃（由三十七年二月廿九日至三月七日）：三、對華政策與對華認識","君羊","中央周刊","1948","第10卷 第10期","17","南京"
"天風海涛楼劄記","伯商","中央周刊","1948","第10卷 第10期","18-19","南京"
"友聲：總統就職典禮，應有熱烈慶祝","黄若川","中央周刊","1948","第10卷 第19期","1","南京"
"梅隱盦譚脞：森園小語史大木","厚菴","中央周刊","1948","第10卷 第19期","16-17","南京"
"又看了一册指鹿爲馬的史著：略評翦伯贊中國史綱第二卷秦漢史","繆鳳林","中央周刊","1948","第10卷 第19期","2-5","南京"
"國際論衡選萃（由五月十日至五月十六日）：軍事援助翁強大中國要圖","君羊","中央周刊","1948","第10卷 第20期","13","南京"
"國際論衡選萃（由五月十日至五月十六日）：重建日本之謎？","君羊","中央周刊","1948","第10卷 第20期","13","南京"
"國際論衡選萃（由五月十日至五月十六日）：中國的政治一新人物","君羊","中央周刊","1948","第10卷 第20期","13","南京"
"天風海涛楼劄记：國幣與越幣之戰爭","伯商","中央周刊","1948","第10卷 第20期","14-15","南京"
"事在人爲的廣東省政","茜子","中央周刊","1948","第10卷 第10期","11-12","南京"
"國際論衡選萃（由三十七年三月八日至三月十四日）：一、共黨摧殘亞洲文明","君羊","中央周刊","1948","第10卷 第11期","13","南京"
"國際論衡選萃（由三十七年三月八日至三月十四日）：二、麥克阿瑟與中國","君羊","中央周刊","1948","第10卷 第11期","13","南京"
"國際論衡選萃（由三十七年三月八日至三月十四日）：三、美國對華政策向那裏走","君羊","中央周刊","1948","第10卷 第11期","13","南京"
"國際論衡選萃（由三十七年一月一日至一月七日）：幫兇者的當頭棒喝","君羊","中央周刊","1948","第10卷 第3期","15","南京"
"國際論衡選萃（由三十七年一月一日至一月七日）：軍事援華是為上策","君羊","中央周刊","1948","第10卷 第3期","15","南京"
"友聲：負黨國厚恩，李濟琛該通緝","楊本堅","中央周刊","1948","第10卷 第3期","1","南京"
"天風海濤樓劄記：一，唐詩中之自然主義、二，英雄本色與名士風流","伯商","中央周刊","1948","第10卷 第3期","16-17","南京"
"梅隱盦譚脞：詩以言志，亦以記實……","厚菴","中央周刊","1948","第10卷 第3期","18-19","南京"
"義兒","徐仲年","中央周刊","1948","第10卷 第3期","20-21","南京"
"友聲：物價不得了","超嵐","中央周刊","1948","第10卷 第3期","1","南京"
"社會思想紛爭的焦點是什麽：對於自由問題的一個透視","邵鶴亭","中央周刊","1948","第10卷 第3期","3-4","南京"
"新年看世局","周酉村","中央周刊","1948","第10卷 第3期","5-6","南京"
"友聲：登陸艇完全賣黑票漢口沙市間行路難","瑞茜","中央周刊","1948","第10卷 第11期","1","南京"
"戰後巴爾幹局勢的發展","周酉村","中央周刊","1948","第10卷 第11期","3-6，10","南京"
"座譚中國土地問題（民國三十七年三月九日）：中國土地問題的勱因","張丕介 王耑 丁昌","中央周刊","1948","第10卷 第11期","7","南京"
"本刊特載：國大代表的讜論：簡代表語重心長答復本刊幾個問題","簡樸頓","中央周刊","1948","第10卷 第14期","13","南京"
"本刊特載：國大代表的讜論：我參加行憲國大的幾點意見","馬驥","中央周刊","1948","第10卷 第14期","13-14","南京"
"本刊特載：國大代表的讜論：總統副總統應公開表示政見選民希望政府全面革新","吳其玉","中央周刊","1948","第10卷 第14期","14","南京"
"本刊特載：國大代表的讜論：對本屆總統副人選的我見","葉光","中央周刊","1948","第10卷 第14期","14-15","南京"
"批評之批評：為何反對縮小省區：戳穿大公報的鬼胎","廬山","中央周刊","1948","第10卷 第2期","20","南京"
"友聲：我們要安靜地讀書","胡志全","中央周刊","1948","第10卷 第2期","1","南京"
"批評之批評：人口學者之讕言","小鳳","中央周刊","1948","第10卷 第34期","6","南京"
"天風海濤樓箚記：（一）文字中之至性、（二）阮籍詩憂思之深……","伯商","中央周刊","1948","第10卷 第29期","11-12","南京"
"友聲：急切等待着改革","王義 薛","中央周刊","1948","第10卷 第34期","1","南京"
"批評之批評：“知識份子的路”？","向陽","中央周刊","1948","第10卷 第34期","6","南京"
"友聲：經濟方案秘密洩露，政府應該注意查究","黄眞炎 芝","中央周刊","1948","第10卷 第35期","1","南京"
"座談中國土地問題：兼論中國土地改革方案（三十六年三月十六日）：已到了生死存亡關頭必須造成一種改革力量","劉光炎 王耑 丁昌","中央周刊","1948","第10卷 第13期","12","南京"
"國際論衡選萃（由三十七年三月十四日至三月二十一日）：美國對華政策往那裏去","君羊","中央周刊","1948","第10卷 第13期","13","南京"
"國際論衡選萃（由三十七年三月十四日至三月二十一日）：中國的光明面與黑暗面","君羊","中央周刊","1948","第10卷 第13期","13","南京"
"國際論衡選萃（由三十七年三月十四日至三月二十一日）：援華理應齊頭並進","君羊","中央周刊","1948","第10卷 第13期","13","南京"
"友聲：捐出六月補發薪水，希望富豪激發天良","張傳區 蔣","中央周刊","1948","第10卷 第29期","1","南京"
"敎育問題座談會（紀錄一）（七月五日）","丁昌","中央周刊","1948","第10卷 第29期","6-7","南京"
"批評之批評：讀大公報“由新民報停刋談出版法”後","李薇","中央周刊","1948","第10卷 第29期","8","南京"
"批評之批評：所謂“人性的呼喚”","小鳳","中央周刊","1948","第10卷 第29期","8","南京"
"國際論衡選萃（由七月十二日至十八日）：一、中國之巨大潛力","君羊","中央周刊","1948","第10卷 第29期","9","南京"
"國際論衡選粹（自八月十五日至二十二日）：三、中國與日本","君羊","中央周刊","1948","第10卷 第34期","7","南京"
"天風海濤樓劄記：一，蒙古舊都和林、二，中國史籍中闗於和林之記載……","伯商","中央周刊","1948","第10卷 第34期","10-11","南京"
"梅隱盦譚脞：詩為個人情懷之抒寫……","厚菴","中央周刊","1948","第10卷 第34期","12-13","南京"
"友聲：望商人自動跌價，亂漲决不能賺錢","陳一民","中央周刊","1948","第10卷 第34期","1","南京"
"作者來函：朱伯商先生兩函……","伯商 胡次威 崔書琴","中央周刊","1948","第10卷 第34期","1","南京"
"舉世瞩目的韓國問題","張道行","中央周刊","1948","第10卷 第34期","2-3","南京"
"國際論衡選萃（由七月十二日至十八日）：二、大量援華卽可實現","君羊","中央周刊","1948","第10卷 第29期","9","南京"
"國際論衡選萃（由七月十二日至十八日）：三、亞洲在危急狀態中","君羊","中央周刊","1948","第10卷 第29期","9","南京"
"國際論衡選粹（自八月十五日至二十二日）：一、中國之新希望","君羊","中央周刊","1948","第10卷 第34期","7","南京"
"國際論衡選粹（自八月十五日至二十二日）：二、蘇聯在中國的德政？","君羊","中央周刊","1948","第10卷 第34期","7","南京"
"走馬看衡陽","由元","中央周刊","1948","第10卷 第19期","9-10","南京"
"華北剿匪新形勢","友松","中央周刊","1948","第10卷 第1期","11","南京"
"友聲：我們何妨也試一下","伍奎 印","中央周刊","1948","第10卷 第2期","1","南京"
"批評之批評：哀陳嘉庚","田虎","中央周刊","1948","第10卷 第5期","15","南京"
"批評之批評：郭沬若離開了上海","劉三","中央周刊","1948","第10卷 第5期","15-16","南京"
"論解散日本財閥問題","張雲夫","中央周刊","1948","第10卷 第1期","9-10","南京"
"本刊專訪：海外代表話僑情","丁昌","中央周刊","1948","第10卷 第19期","7-8","南京"
"批評之批評：“反常”“不合理”的理論","秦瓊","中央周刊","1948","第10卷 第12期","9-10","南京"
"批評之批評：不要夾在縫裏打冷捶","王耑","中央周刊","1948","第10卷 第12期","10","南京"
"梅隱盦譚脞：京中景物……","厚菴","中央周刊","1948","第10卷 第29期","13-14","南京"
"友聲：物資到那里去了？","丁治安","中央周刊","1948","第10卷 第29期","1","南京"
"友聲：大快人心的事","劉承厚","中央周刊","1948","第10卷 第29期","1","南京"
"友聲：考大學沒有信心","吳志暉","中央周刊","1948","第10卷 第29期","1","南京"
"行憲後的內政部","贛生","中央周刊","1948","第10卷 第29期","2-3","南京"
"評山西的新政：政策與措施的分別（附書法）","金東平","中央周刊","1948","第10卷 第29期","3-4","南京"
"國際論衡選萃（由七月十八日至廿五日）：一、亞洲在赤色恐怖中","君羊","中央周刊","1948","第10卷 第30期","9","南京"
"評山西的新政","金東平","中央周刊","1948","第10卷 第33期","5-6","南京"
"天風海涛楼劄记：一，兵書峽、二，陽雲臺……","伯商","中央周刊","1948","第10卷 第12期","11-12","南京"
"梅隱盦谭脞：市廛多豪俠尚義之士……","厚菴","中央周刊","1948","第10卷 第12期","13-14","南京"
"友聲：小百姓的迷惑","馬驥超","中央周刊","1948","第10卷 第18期","1","南京"
"友聲：嗚呼，如此配售！","王志德","中央周刊","1948","第10卷 第18期","1","南京"
"論民主與選舉","胡一貫","中央周刊","1948","第10卷 第18期","3","南京"
"對當前棉貸問題之感想","沈文輔","中央周刊","1948","第10卷 第18期","4-6","南京"
"蘇聯見聞","康雷克(Alexander Kendrick) 惶生","中央周刊","1948","第10卷 第18期","7-8","南京"
"友聲：有志青年蒙寃，希望當局昭雪","王可曾 蔣","中央周刊","1948","第10卷 第19期","1","南京"
"批評之批評：斥無恥的陳嘉庚","孫泰","中央周刊","1948","第10卷 第19期","11","南京"
"批評之批評：荒謬絕倫的賣國言論","楊柳","中央周刊","1948","第10卷 第19期","11-12","南京"
"國際論衡選萃（由五月二日至五月九日）：蔣主席與中國民主憲政","君羊","中央周刊","1948","第10卷 第19期","13","南京"
"國際論衡選萃（由五月二日至五月九日）：李宗仁是中國理想的副總統","君羊","中央周刊","1948","第10卷 第19期","13","南京"
"國際論衡選萃（由五月二日至五月九日）：新局勢新方策","君羊","中央周刊","1948","第10卷 第19期","13","南京"
"梅隱盦譚脞","厚菴","中央周刊","1948","第10卷 第2期","24-25","南京"
"倫敦的一個夜宴","皎雲","中央周刊","1948","第10卷 第2期","26-27，12","南京"
"友聲：展開年節節約獻金勞軍運動","華遜","中央周刊","1948","第10卷 第2期","1","南京"
"一九四七年的美蘇外交戰","崔書琴","中央周刊","1948","第10卷 第2期","3-4","南京"
"梅隱盦譚脞","厚菴","中央周刊","1948","第10卷 第1期","22-23","南京"
"漫畫之頁：癡人之聯想","王達富","中央周刊","1948","第10卷 第1期","24","南京"
"漫畫之頁：新年雜寫","黄墅","中央周刊","1948","第10卷 第1期","24","南京"
"漫畫之頁：假如禽獸征服人類：[畫圖多幅]","黑流","中央周刊","1948","第10卷 第1期","24","南京"
"中國憲政的演變","吳之椿","中央周刊","1948","第10卷 第1期","6-7","南京"
"論政務官的地位與條件","張金鑑","中央周刊","1948","第10卷 第1期","7-8","南京"
"國際論衡選萃（由十二月廿三日至十二月卅一日）：照妖鏡下的共匪及其幫兇","君羊","中央周刊","1948","第10卷 第2期","21","南京"
"國際論衡選萃（由十二月廿三日至十二月卅一日）：援華臨决定階段","君羊","中央周刊","1948","第10卷 第2期","21","南京"
"國際論衡選萃（由十二月廿三日至十二月卅一日）：美國對華政策的新方向","君羊","中央周刊","1948","第10卷 第2期","21","南京"
"國際論衡選萃（由十二月廿三日至十二月卅一日）：正視中國問題","君羊","中央周刊","1948","第10卷 第2期","21","南京"
"前進文化人：[畫圖多幅]","林圭","中央周刊","1948","第10卷 第2期","22","南京"
"天風海濤樓劄記","伯商","中央周刊","1948","第10卷 第2期","23","南京"
"批評之批評：不法團體的荒謬宣言","王耑","中央周刊","1948","第10卷 第7-8期","11","南京"
"本刋專訪：當前學運的剖析與對策：一羣正義的大學生談當前學運","劉光炎 趙華炳 史錫思","中央周刊","1948","第10卷 第7-8期","13-14","南京"
"國際論衡選萃（由三十七年二月八日至二月廿一日）：赤色鐵蹄下的中國","君羊","中央周刊","1948","第10卷 第7-8期","16","南京"
"國際論衡選萃（由三十七年二月八日至二月廿一日）：東北問題不容忽視","君羊","中央周刊","1948","第10卷 第7-8期","16","南京"
"友聲：請發助學公債幫助清寒同學","彥青","中央周刊","1948","第10卷 第7-8期","2","南京"
"國際論衡選萃（由三十七年二月八日至二月廿一日）：美國之聲能向左轉嗎？","君羊","中央周刊","1948","第10卷 第7-8期","16","南京"
"梅隱盦谭脞：以口授撰文……","厚菴","中央周刊","1948","第10卷 第7-8期","19-20","南京"
"北窗麈話","光炎","中央周刊","1948","第10卷 第35期","3-4","南京"
"友聲：民食問題嚴重糧政當局無能","胡惠吾","中央周刊","1948","第10卷 第10期","1","南京"
"梅隱盦谭脞：抗戰已成陳蹟……","厚菴","中央周刊","1948","第10卷 第10期","20-21","南京"
"友聲：救濟特捐若要辦好勸告之外還須嚴法","何慕榮","中央周刊","1948","第10卷 第10期","1","南京"
"競選歸來","程天放","中央周刊","1948","第10卷 第10期","4-5，23","南京"
"梅隱盦譚脞：林損公鐸，爲才士……","厚菴","中央周刊","1948","第10卷 第4期","22-23","南京"
"梅隱盦譚脞：共黨之氣焰，已屆盛極必衰之境……","厚菴","中央周刊","1948","第10卷 第33期","12-13","南京"
"友聲：我們是獨立的國家，不准外國流氓亂撞","蔣","中央周刊","1948","第10卷 第15期","1","南京"
"國法與黨紀","龍大均","中央周刊","1948","第10卷 第20期","2-3","南京"
"改革幣制的過渡辦法","周作仁","中央周刊","1948","第10卷 第4期","3-4","南京"
"世界一月：今年是决定的一年……（附圖）","新命","中央周刊","1945","第7卷 第4-5期","14-19","重庆"
"名著提要：希臘精神的特性（徵文之一）：林文司東：希臘精神及其涵義","蔣炳賢","中央周刊","1945","第7卷 第1期","17-22","重庆"
"民主政治底本質及其類型","葉靑","中央周刊","1945","第7卷 第1期","7-10","重庆"
"將才與個性","布爾 趙銘","中央周刊","1945","第7卷 第1期","11-12","重庆"
"國際文絜：德國人民的心情","胡春冰","中央周刊","1945","第7卷 第1期","13-14","重庆"
"國際文絜：日本的夢想","Kenneth de Coorcy 胡春冰","中央周刊","1945","第7卷 第1期","14","重庆"
"國際文絜：對華的正常態度（生活畫報）","貞恆","中央周刊","1945","第7卷 第1期","15","重庆"
"如何肅清貪污（知行學社座談會）","趙毅甫","中央周刊","1945","第7卷 第27期","8-11","重庆"
"特寫：狂歡之夜","楊槐","中央周刊","1945","第7卷 第34-35期","15-16","重庆"
"論復員工作","黄義本","中央周刊","1945","第7卷 第26期","8-9","重庆"
"海外通訊：去國行（四）","建人","中央周刊","1945","第7卷 第26期","9-10","重庆"
"青年信箱：答蔡壽君關於莊子的質疑","新命","中央周刊","1945","第7卷 第26期","14","重庆"
"論中國社會的結構","鄭學稼 韋","中央周刊","1945","第7卷 第27期","1-4","重庆"
"日軍漸退戰略與馬來半島","寧墨公","中央周刊","1945","第7卷 第27期","5","重庆"
"勝利聲中談復員：復員工作富有戰鬥性","朱斆春","中央周刊","1945","第7卷 第34-35期","9","重庆"
"勝利聲中談復員：復員並非下江人還鄉之謂","徐蘇靈","中央周刊","1945","第7卷 第34-35期","9","重庆"
"由老壯思想到道教","錢穆","中央周刊","1945","第7卷 第23-24期","7-9","重庆"
"書報春秋：讀陝北歸來答客問（張文伯著）","黃義本","中央周刊","1945","第7卷 第23-24期","16-17","重庆"
"闗於隆中對策及其他：讀了張__先生的“讀諸葛亮新論後”以後","蔣君章","中央周刊","1945","第7卷 第25期","10-12","重庆"
"海外通訉：去國行（三）","建人","中央周刊","1945","第7卷 第25期","13-14","重庆"
"魏晉玄學與南渡清談","錢穆 印","中央周刊","1945","第7卷 第26期","1-3","重庆"
"現階段的遠東戰局","郭壽生","中央周刊","1945","第7卷 第26期","4-7","重庆"
"漢代政制概略","曾資生","中央周刊","1945","第7卷 第26期","7-8","重庆"
"收復區工作：怎樣重建収復區行政工作","周冠羣","中央周刊","1945","第7卷 第39-40期","10-15","重庆"
"命運新解","陳雪屏","中央周刊","1945","第7卷 第39-40期","13-15","重庆"
"海外通信：去國行（一）","建人","中央周刊","1945","第7卷 第15-16期","15-18","重庆"
"世界一月：C．舊金山會議","王新命","中央周刊","1945","第7卷 第21-22期","22","重庆"
"世界一月：D．中國大事","王新命","中央周刊","1945","第7卷 第21-22期","22-23","重庆"
"陜北歸來答客問再版序","張文伯","中央周刊","1945","第7卷 第29期","11","重庆"
"一九四四年的美國出版界","趙銘","中央周刊","1945","第7卷 第15-16期","18-21","重庆"
"中國學術思想史之分期","錢穆 韋","中央周刊","1945","第7卷 第17期","1-2","重庆"
"珍貴的友情：（一）中周執事先生明鑒：貴刊持論正確……","米希然 高雲雲 萬昭__","中央周刊","1945","第7卷 第17期","14","重庆"
"五五憲草檢討之收獲","孫科 印","中央周刊","1945","第7卷 第18期","1-3","重庆"
"美國專欄作家","湯德臣","中央周刊","1945","第7卷 第18期","3-7","重庆"
"羅斯福逝世與美國國政","鄭學稼","中央周刊","1945","第7卷 第18期","4-6","重庆"
"希特勒的幻滅","錢納水","中央周刊","1945","第7卷 第18期","7-9","重庆"
"世界一月：A．亞洲戰事：（一）大陸之戰……","王新命","中央周刊","1945","第7卷 第21-22期","19-21","重庆"
"世界一月：B．歐洲戰事：（一）柏林之戰……","王新命","中央周刊","1945","第7卷 第21-22期","21-22","重庆"
"今日中國言論界的病態","殷海光","中央周刊","1948","第10卷 第4期","5-6","南京"
"政黨應有的風格","曾資生","中央周刊","1948","第10卷 第35期","2","南京"
"梅隱盦谭脞：曾__樸__海花中詩句……","厚菴","中央周刊","1948","第10卷 第45期","11-12","南京"
"現代青年心理的改造","曹增之","中央周刊","1948","第10卷 第46期","6-8","南京"
"友聲：春節後物價飛漲請政府趕快防止","黃傳忠 韋","中央周刊","1948","第10卷 第7-8期","2","南京"
"批評之批評：自由主義者的臉譜","冷波","中央周刊","1948","第10卷 第7-8期","10-11","南京"
"前期革命底完成","葉青","中央周刊","1948","第10卷 第46期","4-5","南京"
"友聲：拘捕職業學生當局負有責任","劉佐華 芝","中央周刊","1948","第10卷 第30期","1","南京"
"批評之批評：大胆的武斷","小鳳","中央周刊","1948","第10卷 第30期","8","南京"
"大別山戰地見聞","漆敬堯","中央周刊","1948","第10卷 第17期","6","南京"
"四國會談的擱淺","周酉村","中央周刊","1948","第10卷 第40期","2-3","南京"
"隱伏在改幣政策後的魔影","光炎","中央周刊","1948","第10卷 第40期","4-5","南京"
"友聲：越南華僑林蔚民來函，指摘高棉領事館","林蔚民","中央周刊","1948","第10卷 第36期","1，10","南京"
"閒話匪軍","馮雲","中央周刊","1948","第10卷 第37期","4-5","南京"
"國際論衡選萃（三十七年四月十二日至十八日）：切勿低估中國民族潛力","君羊","中央周刊","1948","第10卷 第16期","17","南京"
"天風海濤樓劄記：一、鎭江金山寺刼火、二、積石山之神祕","伯商","中央周刊","1948","第10卷 第16期","18-19","南京"
"天風海濤樓劄記：德皇家研究院之“蒙古古蹟圖考”（附圖）","伯商","中央周刊","1948","第10卷 第35期","9-10","南京"
"梅隱盦譚脞：王陸一先生己作古人，清才絕俗……","厚菴","中央周刊","1948","第10卷 第35期","11-12","南京"
"國際論衡選萃（自十月十八日至十月廿四日）：一、加強援華，挽救危局","君羊","中央周刊","1948","第10卷 第43期","11","南京"
"國際論衡選萃（自十月十八日至十月廿四日）：二、中國局勢的新轉捩","君羊","中央周刊","1948","第10卷 第43期","11","南京"
"國際論衡選萃（自十月十八日至十月廿四日）：三、中日關係與美日之間","君羊","中央周刊","1948","第10卷 第43期","11","南京"
"批評之批評：爲逃港的“文匯報”覺迷","光炎","中央周刊","1948","第10卷 第43期","12-13","南京"
"批評之批評：與王芸生先生論曾國藩","王德亮","中央周刊","1948","第10卷 第40期","7-8","南京"
"國民黨改造論","蔣君章 韋","中央周刊","1948","第10卷 第41期","2-3","南京"
"友聲：胡一貫先生函：光炎兄：承囑爲文言節約……","一貫","中央周刊","1948","第10卷 第41期","13","南京"
"友聲：青年讀者投稿本刊極表歡迎","劉兼農","中央周刊","1948","第10卷 第41期","13","南京"
"友聲：留美同學來函：論美國之危機","魯儒林","中央周刊","1948","第10卷 第41期","13","南京"
"行節約別公私","胡一貫","中央周刊","1948","第10卷 第41期","4-5","南京"
"國際論衡選萃（自十月十日至十月十七日）：一、中國與亞洲","君羊","中央周刊","1948","第10卷 第42期","11","南京"
"梅隱盦譚脞：吾國地大，而交通又多阻……","厚巷","中央周刊","1948","第10卷 第15期","20-21","南京"
"美國外交政策的運用（附表）","周子亞","中央周刊","1948","第10卷 第15期","3-5","南京"
"外論選譯：美國對華政策的無效","奥特萊(FREDA UTLEY)","中央周刊","1948","第10卷 第15期","7-8","南京"
"國際論衡選萃（三十七年四月十二日至十八日）：中國行憲大總統人選","君羊","中央周刊","1948","第10卷 第16期","17","南京"
"國際論衡選萃（三十七年四月十二日至十八日）：軍事援華之偉大價值","君羊","中央周刊","1948","第10卷 第16期","17","南京"
"友声：邵力子先生函：光炎同學兄惠鑒……","邵力子 季","中央周刊","1948","第10卷 第38-39期","1","南京"
"從“停止土地改革”論共黨政策","丁昌","中央周刊","1948","第10卷 第38-39期","6-7","南京"
"批評之批評：蓋棺論馮玉祥","陳辭","中央周刊","1948","第10卷 第38-39期","10","南京"
"天風海濤樓劄記：一、詐馬宴","伯商","中央周刊","1948","第10卷 第38-39期","14","南京"
"本刊專輯：各界名流論勤儉建國運動","何應欽 陳立夫 黃少谷","中央周刊","1948","第10卷 第43期","8-10","南京"
"友聲：建康路的祕密","王一成","中央周刊","1948","第10卷 第44期","1","南京"
"友聲：亟需安定市場","李安民","中央周刊","1948","第10卷 第44期","1","南京"
"知識分子亟需體認國家底危機","殷海光","中央周刊","1948","第10卷 第44期","2","南京"
"建立世界反共統一戰線，撲滅新侵略戰爭的火燄！","韋","中央周刊","1948","第10卷 第45期","1，9","南京"
"批評之批評：剿匪戡亂是為了實現民族主義","高峯","中央周刊","1948","第10卷 第45期","8","南京"
"國際論衡選萃：一、何為有效援華方式？","君羊","中央周刊","1948","第10卷 第45期","9","南京"
"國際論衡選萃：二、亞洲與中國","君羊","中央周刊","1948","第10卷 第45期","9","南京"
"天風海涛楼劄记：一，巴黎羅佛宮、二，藝術史上之環寳……","伯商","中央周刊","1948","第10卷 第45期","10","南京"
"國際論衡選萃（自十月十日至十月十七日）：二、美國對華亟應有所作為","君羊","中央周刊","1948","第10卷 第42期","11","南京"
"國際論衡選萃（自十月十日至十月十七日）：三、蔣經國的評價","君羊","中央周刊","1948","第10卷 第42期","11","南京"
"天風海濤樓劄記：一、余所見之世外桃源，二、晚唐詩之纖麗","伯商","中央周刊","1948","第10卷 第42期","12","南京"
"友聲：立監委與政府間要和衷共濟","孫德志","中央周刊","1948","第10卷 第42期","1","南京"
"梅隱盦谭脞：民族間之隔閡……","厚菴","中央周刊","1948","第10卷 第42期","13-14","南京"
"友聲：一個士兵的信：呼籲改善生活","潘棠","中央周刊","1948","第10卷 第42期","1","南京"
"梅隱盫譚脞（續）","厚菴","中央周刊","1948","第10卷 第16期","20-21","南京"
"中學敎育往何處去","陳友松 芝","中央周刊","1948","第10卷 第21期","1-2","南京"
"國際論衡選粹（三十七年四月十九日至二十五日）：日本復興歟？侵略復活歟？","君羊","中央周刊","1948","第10卷 第17期","15","南京"
"梅隱盦谭脞：美有同袍會Freternity之組織……","厚菴","中央周刊","1948","第10卷 第43期","14","南京"
"友聲：謝德剛同志來函：敬啓者：不讀中周……","謝德剛","中央周刊","1948","第10卷 第42期","1","南京"
"東北戰場與整個戰局","李士英","中央周刊","1948","第10卷 第42期","2-3","南京"
"對今後學風的希望","陳東原","中央周刊","1948","第10卷 第42期","4-5","南京"
"友聲：何必悲觀沮喪多難目可興邦","孫文星 芝","中央周刊","1948","第10卷 第43期","1","南京"
"友聲：主席榮膺首任總統，是國運更新的良機","黃如歧 薛","中央周刊","1948","第10卷 第17期","1","南京"
"批評之批評：休矣，郭沬若的魔笛！","秦瓊","中央周刊","1948","第10卷 第17期","13","南京"
"批評之批評：自由主義者的抉擇","楊柳","中央周刊","1948","第10卷 第17期","13-14","南京"
"國際論衡選粹（三十七年四月十九日至二十五日）：中國之新戰略與新形勢","君羊","中央周刊","1948","第10卷 第17期","15","南京"
"國際論衡選粹（三十七年四月十九日至二十五日）：認識中國與支援中國","君羊","中央周刊","1948","第10卷 第17期","15","南京"
"國際論衡選粹（三十七年四月十九日至二十五日）：中國憲政民主能失去堅强領導中心嗎？","君羊","中央周刊","1948","第10卷 第17期","15","南京"
"批評之批評：卑劣的政治把戲：斥所謂新政治協商會議","秦瓊","中央周刊","1948","第10卷 第20期","12","南京"
"游英美坎拿大雜記（中篇）","杜維濤","中央周刊","1948","第10卷 第43期","15-16","南京"
"友聲：奸商囤貨不售應予重懲","李之成","中央周刊","1948","第10卷 第43期","1","南京"
"友聲：西裝店的“法律：豈有此理","王化一","中央周刊","1948","第10卷 第43期","1","南京"
"節約運動的我見","胡次威","中央周刊","1948","第10卷 第43期","2-3","南京"
"聯合國會議中的柏林問題","周酉村","中央周刊","1948","第10卷 第43期","4-6","南京"
"友聲：任卓宣先生函","任卓宣 芝","中央周刊","1948","第10卷 第44期","1","南京"
"國際論衡選萃（自九月二十日至九月二十六日）：二、中國新幣制會成功嗎？","君羊","中央周刊","1948","第10卷 第38-39期","13","南京"
"漫畵之頁：“漲”字下面的犧牲者：[畫圖]","黃墅","中央周刊","1948","第10卷 第9期","18","南京"
"批評之批評：與“世界知識”論第三次世界大戰","劉三","中央周刊","1948","第10卷 第1期","17","南京"
"批評之批評：反革命和通儒","洪汶","中央周刊","1948","第10卷 第1期","17-18","南京"
"鎭江二三事","雲客","中央周刊","1948","第10卷 第35期","13-14","南京"
"國際論衡選萃（自八月廿九日至九月五日）：一、中國革新之途徑","君羊","中央周刊","1948","第10卷 第36期","11","南京"
"國際論衡選萃（自八月廿九日至九月五日）：二、美援救助了中國","君羊","中央周刊","1948","第10卷 第36期","11","南京"
"國際論衡選萃（自八月廿九日至九月五日）：三、“敵乎？友乎？”","君羊","中央周刊","1948","第10卷 第36期","11","南京"
"我國爲什麽要籌辦戶口普查？","張澤仁","中央周刊","1948","第10卷 第19期","6，15","南京"
"批評之批評：爲什麽反對蔣經國打虎","孫志平","中央周刊","1948","第10卷 第41期","9，12","南京"
"本刊專訪：戰士們的心曲：蘇北戰士與幾位大兵的一行談","楊嘉","中央周刊","1948","第10卷 第4期","15","南京"
"本刊专访：戰士們的心曲：江漢之間訪戰士","陸廉","中央周刊","1948","第10卷 第4期","16","南京"
"座譚中國土地問題：揭開既得權利者的幕衣","王耑 丁昌","中央周刊","1948","第10卷 第11期","10","南京"
"批評之批評：自由主義不容曲解","易卯","中央周刊","1948","第10卷 第11期","11","南京"
"批評之批評：中國社經會不必闢謠","明乙","中央周刊","1948","第10卷 第11期","11-12","南京"
"情的幻滅（短篇創作）","晴雪","中央周刊","1948","第10卷 第17期","20","南京"
"外資合作問題","高叔康","中央周刊","1948","第10卷 第17期","3","南京"
"紙上談兵：訪某權威軍事評論家","丁昌","中央周刊","1948","第10卷 第4期","16","南京"
"揭開鐵幕話蘇俄：某教教授旅蘇六載歸來談","田虎","中央周刊","1948","第10卷 第4期","17-18","南京"
"湖南防匪三部曲","饒廸華","中央周刊","1948","第10卷 第29期","5","南京"
"總統職權之研究","孔嘉","中央周刊","1948","第10卷 第17期","4-5","南京"
"友聲：一讀者朂勉新聞界","劉正民","中央周刊","1948","第10卷 第35期","1","南京"
"友聲：加強東北軍事消弭放棄讕言","王景__","中央周刊","1948","第10卷 第9期","1","南京"
"周鯁生胡適兩先生論戰文章讀後感","孔嘉","中央周刊","1948","第10卷 第14期","10-11","南京"
"友聲：國家興亡匹夫有責，文書上士陳述竟見","陳貴雲 韋","中央周刊","1948","第10卷 第46期","1","南京"
"青年問題之癥結","樊德芬","中央周刊","1948","第10卷 第36期","2-6","南京"
"多腦河上的浪濤","周酉村","中央周刊","1948","第10卷 第36期","4-6","南京"
"本刊特載：國大代表的讜論：中國的出路","胡煥庸","中央周刊","1948","第10卷 第14期","15","南京"
"本刊特載：國大代表的讜論：鐵路工人的疾苦","李振和","中央周刊","1948","第10卷 第14期","15","南京"
"國際論衡選萃（由三十七年三月二十九日至四月四日）：揭開中國歷史新頁","君羊","中央周刊","1948","第10卷 第14期","17","南京"
"國際論衡選萃（由三十七年三月二十九日至四月四日）：搶救中國保衛亞洲","君羊","中央周刊","1948","第10卷 第14期","17","南京"
"天風海涛楼劄记：一，樓名緣起、二，快事……","伯商","中央周刊","1948","第10卷 第14期","18-19","南京"
"國際論衡選萃（由三十七年三月二十九日至四月四日）：馬歇爾對華政策的價新評","君羊","中央周刊","1948","第10卷 第14期","17","南京"
"梅隱盦谭脞：曹汝霖有女……","厚菴","中央周刊","1948","第10卷 第14期","20-21","南京"
"友聲：搗亂份子被捕後工廠裏安靜多了","王安民","中央周刊","1948","第10卷 第14期","1","南京"
"貝文與英國外交","連士升","中央周刊","1948","第10卷 第14期","3，11","南京"
"國際論衡選萃（由七月五日至十一日）：二、美國人的中國觀","君羊","中央周刊","1948","第10卷 第28期","11","南京"
"國際論衡選萃（由七月五日至十一日）：三、亞洲侵略者的眞面目","君羊","中央周刊","1948","第10卷 第28期","11","南京"
"天風海濤樓箚記：（一）越南遜王保大、（二）羅浮之大胡蝶……","伯商","中央周刊","1948","第10卷 第28期","12-13","南京"
"梅隱盦譚脞：物價飛漲……","厚菴","中央周刊","1948","第10卷 第28期","14","南京"
"批評之批評：曲解歷史的罪惡","楊柳","中央周刊","1948","第10卷 第24-25期","9-10","南京"
"梅隱盦譚脞：人世窮通……","厚菴","中央周刊","1948","第10卷 第26期","12-13","南京"
"友聲：國營事業標售時，不要闗着門進行","黃鏗然","中央周刊","1948","第10卷 第16期","1","南京"
"物價的過去現在與將來","趙蘭坪","中央周刊","1948","第10卷 第16期","3-6，19","南京"
"批評之批評：民主運動中的逆流","楊柳","中央周刊","1948","第10卷 第15期","16","南京"
"國際論衡選萃（三十七年四月五日至十一日）：認識中國支援遠東防共堡壘","君羊","中央周刊","1948","第10卷 第15期","17","南京"
"國際論衡選萃（三十七年四月五日至十一日）：美國輿論怎樣看反華運動","君羊","中央周刊","1948","第10卷 第15期","17","南京"
"國際論衡選萃（三十七年四月五日至十一日）：美國對華政策的新轉捩","君羊","中央周刊","1948","第10卷 第15期","17","南京"
"友聲：自顧尚且不暇，雜糧何爲輸日","黄馥","中央周刊","1948","第10卷 第15期","1","南京"
"國際論衡選萃（三十七年四月五日至十一日）：搶救亞洲赤禍","君羊","中央周刊","1948","第10卷 第15期","17","南京"
"國際論衡選萃（自九月二十日至九月二十六日）：三、中日關係的新轉捩","君羊","中央周刊","1948","第10卷 第38-39期","13","南京"
"梅隱盦谭脞：偶讀史，見傳載王陽明先生幼時……","厚菴","中央周刊","1948","第10卷 第38-39期","15-16","南京"
"友声：任卓宣先生函：光炎我兄：久未與中央周刊寫稿……","任卓宣","中央周刊","1948","第10卷 第38-39期","1","南京"
"國際論衡選萃（由七月廿六日至八月八日）：一，自助與美援","君羊","中央周刊","1948","第10卷 第31-32期","11","南京"
"國際論衡選萃（由七月廿六日至八月八日）：二，中國與其鄰邦","君羊","中央周刊","1948","第10卷 第31-32期","11","南京"
"立法委員待遇問題","戇生","中央周刊","1948","第10卷 第26期","2","南京"
"由蘇聯憲法看蘇聯的國家政策","張六師","中央周刊","1948","第10卷 第26期","3-4","南京"
"報告軍事上兩傑作","炎留","中央周刊","1948","第10卷 第26期","5","南京"
"不堪囘首的世界第一銻鑛：湖南新化錫鑛山冷落了！","張弓","中央周刊","1948","第10卷 第26期","6-7","南京"
"批評之批評：答新民報副刋謝默依先生","明乙","中央周刊","1948","第10卷 第26期","8","南京"
"衡陽二三事：戲院、報舘鬥法","由之","中央周刊","1948","第10卷 第21期","6","南京"
"友聲：一位學生家長談整頓學風令","何煒 印","中央周刊","1948","第10卷 第9期","1","南京"
"批評之批評：爲“羣衆周刋”狂吠事慰問大公報","明乙","中央周刊","1948","第10卷 第9期","9-10","南京"
"批評之批評：其言乖謬其心可誅：評張奚若敎授的“看法”","王武","中央周刊","1948","第10卷 第9期","10","南京"
"友声：孫文明先生函：光炎吾兄大鑒：日前應允限期交卷……","孫文明","中央周刊","1948","第10卷 第38-39期","1","南京"
"友声：吳瑞章先生函：厚菴先生道鑒……","吳端章","中央周刊","1948","第10卷 第38-39期","1","南京"
"憲政時期的政黨政治","孫文明","中央周刊","1948","第10卷 第38-39期","2-4","南京"
"友聲：交通當局聽者","楊毓安 韋","中央周刊","1948","第10卷 第1期","5","南京"
"友声：沈從文先生函：光炎先生：惠書拜悉……","沈從文","中央周刊","1948","第10卷 第38-39期","1","南京"
"友声：劉迺誠先生函：光炎先生道席：兩奉手敎……","劉迺誠","中央周刊","1948","第10卷 第38-39期","1","南京"
"悼貝奈斯","葉青","中央周刊","1948","第10卷 第38-39期","5","南京"
"友聲：國行職員的良心話","芝","中央周刊","1948","第10卷 第40期","1","南京"
"國際論衡選萃（自九月二十七日至十月三日）：一、展望中國新改革運動","君羊","中央周刊","1948","第10卷 第40期","9","南京"
"國際論衡選萃（自九月二十七日至十月三日）：二、中國為遠東安定鎖鑰","君羊","中央周刊","1948","第10卷 第40期","9","南京"
"國際論衡選萃（自九月二十七日至十月三日）：三、中國與日衣","君羊","中央周刊","1948","第10卷 第40期","9","南京"
"天風海濤樓劄記：一、清初之塞宴四事，二、嘉州之勝","伯商","中央周刊","1948","第10卷 第40期","10","南京"
"梅隱盦谭脞：人耐急智，每以解决其困難……","厚菴","中央周刊","1948","第10卷 第40期","11-12","南京"
"友聲：滇南讀者来函願為本刊服務","王一定","中央周刊","1948","第10卷 第40期","1","南京"
"天風海濤樓劄記：一，和林之形勝、二，元之上都……","伯商","中央周刊","1948","第10卷 第36期","12","南京"
"友聲：吴斐丹先生函","吳斐丹","中央周刊","1948","第10卷 第36期","1","南京"
"梅隱盦譚脞：吾國拳技，亦似醫理，有所謂内外功之別……","厚菴","中央周刊","1948","第10卷 第36期","13-14","南京"
"友聲：董霖先生函","董霖","中央周刊","1948","第10卷 第36期","1","南京"
"天風海涛楼劄记：一，文藝復興時代之名畫、二，天時地利人和……","伯商","中央周刊","1948","第10卷 第46期","11-12","南京"
"梅隱盦谭脞：今日而迥憶抗戰時之生活……","厚菴","中央周刊","1948","第10卷 第46期","13","南京"
"友聲：取締黃色畫刊節制白報紙","沈苗發","中央周刊","1948","第10卷 第46期","1","南京"
"友聲：繆秒杰改名：讀者如是說","居孝然","中央周刊","1948","第10卷 第46期","1","南京"
"批評之批評：論日本復興問題","楊柳","中央周刊","1948","第10卷 第13期","7","南京"
"批評之批評：忠告·惡詈，反宣傳","王耑","中央周刊","1948","第10卷 第13期","7-8","南京"
"揭開它的僞裝顯露它的眞相（下）：評范文瀾等中國通史簡編","繆鳳林","中央周刊","1948","第10卷 第14期","5-7","南京"
"我對當前時局之認識和主張（三月二十六日）","顧毓琇 樊德芬 左克恭","中央周刊","1948","第10卷 第15期","11-13","南京"
"批評之批評：如此這般的郭沬若","田虎","中央周刊","1948","第10卷 第15期","15-16","南京"
"座談中國土地問題：兼論中國土地改革方案（三十六年三月十六日）：解决土地問題不能再用迂迴的方法了","蕭錚 王耑 丁昌","中央周刊","1948","第10卷 第13期","9-10","南京"
"友聲：船票價格又大漲旅客哀呼行不得","姚敏 韋","中央周刊","1948","第10卷 第14期","1","南京"
"美國讓中國落入共產黨之手的重大錯誤","奥特萊","中央周刊","1948","第10卷 第15期","9-10","南京"
"批評之批評：與大公報再談標題做法","明乙","中央周刊","1948","第10卷 第2期","19-20","南京"
"座譚中國土地問題（民國三十七年三月九日）：政府對土地政策之實施（附題詞）","湯惠蓀 王耑 丁昌","中央周刊","1948","第10卷 第11期","8-9","南京"
"座譚中國土地問題：士地金融政策實施的狀况","黃通 王耑 丁昌","中央周刊","1948","第10卷 第11期","9","南京"
"座譚中國土地問題：誰在阻撓土地政策","王耑 丁昌","中央周刊","1948","第10卷 第11期","10","南京"
"天下事：與虎謀皮的救濟特捐","季","中央周刊","1948","第10卷 第12期","1","南京"
"座譚中國土地問題（民國三十七年三月九日）：揭開中共土地政策之謎","徐佛觀 王耑 丁昌","中央周刊","1948","第10卷 第11期","7-8","南京"
"座談中國土地問題（民國三十七年三月九日）：中國民主的兩個基本條件","王耑 丁昌","中央周刊","1948","第10卷 第12期","6","南京"
"靜静的倫敦","徐鍾珮","中央周刊","1948","第10卷 第12期","7","南京"
"座譚中國土地問題：從學術立場上談土地问題","萬國鼎 王耑 丁昌","中央周刊","1948","第10卷 第11期","9-10","南京"
"座談中國土地問題（民國三十七年三月九日）：黨需要改革才能進行土地改革","萬國鼎 王耑 丁昌","中央周刊","1948","第10卷 第12期","6","南京"
"座談中國土地問題（民國三十七年三月九日）：三個問題的基本觀念","李白虹 王耑 丁昌","中央周刊","1948","第10卷 第12期","6","南京"
"批評之批評：劉不同譁衆取寵","陳辭","中央周刊","1948","第10卷 第36期","9-10","南京"
"座談中國土地問題（民國三十七年三月九日）：傅作義“戰士授田”激發了戡亂士氣","徐佛觀 王耑 丁昌","中央周刊","1948","第10卷 第12期","6","南京"
"國際論衡選萃（由三十七年三月十四日至三月二十一）：二，正視麥帥援華主張","君羊","中央周刊","1948","第10卷 第12期","8","南京"
"友聲：各地同學請注意，不要被共匪利用","印","中央周刊","1948","第10卷 第16期","1","南京"
"座談中國土地問題（民國三十七年三月九日）：免於恐懼之自由免於匱乏之自由","李白虹 王耑 丁昌","中央周刊","1948","第10卷 第12期","6","南京"
"座談中國土地問題（民國三十七年三月九日）：强調農民組織汝關土改成敗","曾資生 王耑 丁昌","中央周刊","1948","第10卷 第12期","6","南京"
"座談中國土地問題（民國三十七年三月九日）：不要掛羊頭賣狗肉必須剷除土勢力","王耑 丁昌","中央周刊","1948","第10卷 第12期","6","南京"
"國際論衡選萃（由三十七年三月十四日至三月二十一）：一，軍事與經濟援華的平行論","君羊","中央周刊","1948","第10卷 第12期","8","南京"
"狄托事件的分析（未完）","吉爾伯特(Rodneg Gilbert)","中央周刊","1948","第10卷 第30期","5","南京"
"批評之批評：為日本復興問題答周建人先生","楊柳","中央周刊","1948","第10卷 第30期","8","南京"
"論中美關係","程天放 蔣","中央周刊","1948","第10卷 第31-32期","1-3，7","南京"
"批評之批評：儲安平的“噱頭”","小鳳","中央周刊","1948","第10卷 第31-32期","10","南京"
"批評之批評：陳嘉庚的囈語","陳辭","中央周刊","1948","第10卷 第31-32期","10","南京"
"友聲：一個家長的呼籲，望當局重視教育","任尚星","中央周刊","1948","第10卷 第35期","1","南京"
"座談中國土地問題：兼論中國土地改革方案（三十六年三月十六日）：解决土地問題不可再拖，要有全面性統一性政策","張肇融 王耑 丁昌","中央周刊","1948","第10卷 第13期","11-12","南京"
"友聲：研究機構爭搶美援，讀者來函表示痛心","胡滌民 芝","中央周刊","1948","第10卷 第37期","1","南京"
"批評之批評：評“北大座談會”","益毅","中央周刊","1948","第10卷 第37期","7-8","南京"
"華北長城傅作義將軍","馬達","中央周刊","1948","第10卷 第16期","10","南京"
"天風海濤樓箚記：一、擺夷、二、浴女圖……（附照片）","伯商","中央周刊","1948","第10卷 第15期","18-19","南京"
"友聲：國家銀行不應規避艱險","王雨時","中央周刊","1948","第10卷 第7-8期","2","南京"
"從土地問題看當前禍亂的因果","張丕介","中央周刊","1948","第10卷 第7-8期","3-4","南京"
"天風海濤樓劄记：明十三陵及景泰帝（續完）、一．中國經濟學社……","伯商","中央周刊","1948","第10卷 第7-8期","17-18","南京"
"在國會中的美國援外計劃","陳鍾浩","中央周刊","1948","第10卷 第7-8期","5-4","南京"
"歲尾年頭看美國","任儒一","中央周刊","1948","第10卷 第7-8期","6-7","南京"
"關於周鯁生胡適之的論戰：歷史要重演嗎？","周鯁生","中央周刊","1948","第10卷 第9期","11-12","南京"
"關於周鯁生胡適之的論戰：國際形势裏的兩個問題：給周鯁生先生的一封信","胡適","中央周刊","1948","第10卷 第9期","12-13","南京"
"國際論衡選萃（三十七年四月廿六日至五月二日）：向民主政治邁進中的新中國","君羊","中央周刊","1948","第10卷 第18期","13","南京"
"國際論衡選萃（三十七年四月廿六日至五月二日）：援華行動具體化","君羊","中央周刊","1948","第10卷 第18期","13","南京"
"國際論衡選萃（三十七年四月廿六日至五月二日）：中國局勢之正確評價","君羊","中央周刊","1948","第10卷 第18期","13","南京"
"天風海濤樓箚記：一、倮儸族：余奉使西昌，嘗深入北山夷區，所見所聞……（附照片）","伯商","中央周刊","1948","第10卷 第18期","14-15","南京"
"梅隱盦谭脞：王祖祥君，爲語其箇人旅行經歷兩事工","厚菴","中央周刊","1948","第10卷 第18期","16-17","南京"
"國際論衡選萃（由六月二十日至二十七日）：美援與中國","君羊","中央周刊","1948","第10卷 第26期","9","南京"
"國際論衡選萃（由六月二十日至二十七日）：亞洲侵略新姿態","君羊","中央周刊","1948","第10卷 第26期","9","南京"
"友聲：共匪不該轟炸嗎？","韋","中央周刊","1948","第10卷 第27期","1","南京"
"國際論衡選萃（自九月六日至十二日）：一、中國幣制改革之新展望","君羊","中央周刊","1948","第10卷 第37期","9","南京"
"國際論衡選萃（自九月六日至十二日）：二、美國對外政策錯誤的根源","君羊","中央周刊","1948","第10卷 第37期","9","南京"
"國際論衡選萃（自九月六日至十二日）：三、日本侵華的果實","君羊","中央周刊","1948","第10卷 第37期","9","南京"
"天風海濤樓劄記：一．懷念朱自清、二、金陵山水最佳之處","伯商","中央周刊","1948","第10卷 第37期","10","南京"
"梅隱盦谭脞：滬市民政局長張曉崧君，出身黃浦……","厚菴","中央周刊","1948","第10卷 第37期","11-12","南京"
"友聲：要看公正的言論","趙昇俠","中央周刊","1948","第10卷 第37期","1","南京"
"改造黨務意見","劉振東","中央周刊","1948","第10卷 第37期","2-3","南京"
"梅隱盦谭脞：張恨水先生以撰啼笑姻緣馳名……","厚菴","中央周刊","1948","第10卷 第17期","18-19","南京"
"國際論衡選萃（由六月二十八日至七月四日）：據轉中國局勢之樞紐","君羊","中央周刊","1948","第10卷 第27期","11","南京"
"國際論衡選萃（由六月二十八日至七月四日）：中國敵視日本嗎？","君羊","中央周刊","1948","第10卷 第27期","11","南京"
"國際論衡選萃（由六月二十八日至七月四日）：赤色魔手伸向亞洲","君羊","中央周刊","1948","第10卷 第27期","11","南京"
"友聲：漲風現已稍停，快謀根本平掙","王影柳","中央周刊","1948","第10卷 第27期","1","南京"
"天風海涛楼箚记：（一）武侯寨與孟獲城、（二）五月渡瀘……","伯商","中央周刊","1948","第10卷 第27期","12-13","南京"
"梅隐廬谭脞：古諺指人之不知警惕……","厚菴","中央周刊","1948","第10卷 第27期","14-15","南京"
"蘇聯弱點的自我暴露","許華茲(Harsy Shwartz) 惶生","中央周刊","1948","第10卷 第21期","3，16","南京"
"本刊專訪：立委論憲政（二）","丁昌","中央周刊","1948","第10卷 第21期","7-8","南京"
"批評之批評：咀咒會傷害嗎？","筱西","中央周刊","1948","第10卷 第21期","9","南京"
"友聲：更正：光炎吾兄大鑒：久日未見……","徐佛觀","中央周刊","1948","第10卷 第23期","1","南京"
"友聲：蔣勻田主皖乎","程以德 芝","中央周刊","1948","第10卷 第18期","1","南京"
"批評之批評：為現階段國際形勢質左派論客郭沬若","楊柳","中央周刊","1948","第10卷 第18期","11-12","南京"
"本刊特稿：國大代表的讜論：我們要做些什麽？對國民大會應有的認識與態度","張鳳翔 李上林 許有恆","中央周刊","1948","第10卷 第17期","7-11","南京"
"國際論衡選萃（由五月二十四日至三十日）：美國遠東貿易政策","君羊","中央周刊","1948","第10卷 第22期","11","南京"
"天風海濤樓劄記：（三）天文數字（本節續上劄）……","伯商","中央周刊","1948","第10卷 第22期","12-13","南京"
"梅隱盦譚脞：湖山春游，以玉皇山最令人留戀……","厚菴","中央周刊","1948","第10卷 第22期","14-15","南京"
"湖上","匀濃","中央周刊","1948","第10卷 第22期","16-17","南京"
"天下事：欣聞翁文灝先生組閣","蔣","中央周刊","1948","第10卷 第22期","1","南京"
"國際論衡選萃（由五月二十四日至三十日）：展望中國新局勢","君羊","中央周刊","1948","第10卷 第22期","11","南京"
"國際論衡選萃（由五月二十四日至三十日）：誰是遠東的侵略者","君羊","中央周刊","1948","第10卷 第22期","11","南京"
"國際論衡選萃（由五月二十四日至三十日）：中國人民亟待堅定信念","君羊","中央周刊","1948","第10卷 第22期","11","南京"
"美國對日政策平議","劉光炎","中央周刊","1948","第10卷 第23期","2-4","南京"
"批評之批評：章伯鈞、沈鈞儒、王立明的荒謬“看法”","何爲","中央周刊","1948","第10卷 第42期","9-10","南京"
"國際論衡選萃（由五月三十一日至六月六日）：新中國新政治","君羊","中央周刊","1948","第10卷 第23期","11","南京"
"國際論衡選萃（由五月三十一日至六月六日）：中國在進步中","君羊","中央周刊","1948","第10卷 第23期","11","南京"
"國際論衡選萃（由五月三十一日至六月六日）：新內閣新人物","君羊","中央周刊","1948","第10卷 第23期","11","南京"
"友聲：物價威脅人民生活， 政府應速採取措施","芝","中央周刊","1948","第10卷 第24-25期","1","南京"
"天風海濤樓劄記：一、明代北京宮闕之盛，二、九重城闕","伯商","中央周刊","1948","第10卷 第24-25期","12-13","南京"
"梅隱盦谭脞：余曾於“談叢”中屢涉及星相之術……","厚菴","中央周刊","1948","第10卷 第24-25期","14-15","南京"
"友聲：勝利以後困苦至今：湘一女讀者發哀吟","程白琳","中央周刊","1948","第10卷 第24-25期","1","南京"
"法律與變化的國際政治","周子亞","中央周刊","1948","第10卷 第24-25期","3-4","南京"
"辯論美國對日政策（本刋特稿）","劉光炎 曾資生","中央周刊","1948","第10卷 第24-25期","5-8","南京"
"批評之批評：費正清不必費心","燃犀","中央周刊","1948","第10卷 第24-25期","9","南京"
"天風海涛楼劄记：越南之象羣、象陣……（附照片）","伯商","中央周刊","1948","第10卷 第17期","16-17","南京"
"友聲：公用事業浪費太大，政府不必加以補貼","王郭如英","中央周刊","1948","第10卷 第17期","1","南京"
"友聲：不要肥了米商瘦了我們！","黃以安","中央周刊","1948","第10卷 第9期","1","南京"
"關於周鯁生胡適之的論戰：同意周鯁生看法，胡適之有“恐蘇病”","李大德","中央周刊","1948","第10卷 第9期","16","南京"
"關於周鯁生胡適之的論戰：彼亦一是非，比亦一是非","胡格非","中央周刊","1948","第10卷 第9期","16","南京"
"關於周鯁生胡適之的論戰：外交上無道義可言，是非應由雙方負責","謝鈞祖","中央周刊","1948","第10卷 第9期","16-17","南京"
"國際論衡選萃（自十月二十五日至十月卅一日）：二、亞洲恐怖集團在擴展中","君羊","中央周刊","1948","第10卷 第44期","7","南京"
"關於周鯁生胡適之的論戰：我們能夠和蘇聯談和平嗎？","劉厚菴","中央周刊","1948","第10卷 第9期","14-15","南京"
"關於周鯁生胡適之的論戰：不同情美國扶植日本，希望蘇聯放棄侵略企圖","周酉村","中央周刊","1948","第10卷 第9期","15","南京"
"關於周鯁生胡適之的論戰：我贊成周先生的看法","龔琴予","中央周刊","1948","第10卷 第9期","16","南京"
"關於周鯁生胡適之的論戰：周胡兩先生看法不同各有疑慮","劉靜文","中央周刊","1948","第10卷 第9期","17","南京"
"友聲：糾正兩個惡劣作風","王維魯","中央周刊","1948","第10卷 第27期","1","南京"
"美國援華的一波三拆","周酉村","中央周刊","1948","第10卷 第27期","2-3","南京"
"蘇聯新聞內幕：編輯生命毫無保障","徐世廉","中央周刊","1948","第10卷 第27期","7-8","南京"
"國際論衡選萃（自十月二十五日至十月卅一日）：三、援華焉用遲疑？","君羊","中央周刊","1948","第10卷 第44期","7","南京"
"友聲：蔣星德先生函","蔣最德","中央周刊","1948","第10卷 第44期","1","南京"
"批評之批評：“蘇聯有沒有原子彈”？","孫志平","中央周刊","1948","第10卷 第44期","8","南京"
"天風海濤樓劄記：一，飛渡阿爾卑斯山、二，雅典……","伯商","中央周刊","1948","第10卷 第44期","9","南京"
"梅隱盦谭脞：伯商先生海外歸，爲言法蘭西近狀……","厚菴","中央周刊","1948","第10卷 第44期","10-11","南京"
"游英美坎拿大雜記（二）","杜維濤","中央周刊","1948","第10卷 第44期","12","南京"
"森園詩話","史大木","中央周刊","1948","第10卷 第44期","12","南京"
"友聲：吴伯新先生函","吳伯新","中央周刊","1948","第10卷 第44期","1","南京"
"友聲：史天行先生函","史天行","中央周刊","1948","第10卷 第44期","1","南京"
"友聲：胡次威先生函","胡次威","中央周刊","1948","第10卷 第44期","1","南京"
"批評之批評：職業宣傳家口中的“光明”","陳辭","中央周刊","1948","第10卷 第27期","9","南京"
"當前兩大課題","胡一貫 芝","中央周刊","1948","第10卷 第28期","1-3","南京"
"第三次世界大戰的戰略：在努力窒息蘇聯的工業","念慈","中央周刊","1948","第10卷 第28期","7","南京"
"本刋專訪：我們的看法：訪幾位關心時局者","曲直生 潘昌猷 戴問梅","中央周刊","1948","第10卷 第28期","8-9","南京"
"批評之批評：讀“中學生”美國冷戰的敗績","明厂","中央周刊","1948","第10卷 第28期","10，6","南京"
"美蘇能妥協嗎？","周酉村","中央周刊","1948","第10卷 第22期","2-3","南京"
"國際論衡選萃（由六月七日至二十日）：中國之新內閣","君羊","中央周刊","1948","第10卷 第24-25期","11","南京"
"國際論衡選萃（自十月二十五日至十月卅一日）：一、拯救中國危局","君羊","中央周刊","1948","第10卷 第44期","7","南京"
"透視五月學潮","馮雲","中央周刊","1948","第10卷 第22期","4，17","南京"
"鄂北的一顆明星：康澤將軍","胡儉","中央周刊","1948","第10卷 第22期","5","南京"
"今日江蘇","雲客","中央周刊","1948","第10卷 第22期","6，3","南京"
"批評之批評：口拙心黑的“權威政論家”","何豪","中央周刊","1948","第10卷 第22期","9-10","南京"
"批評之批評：賣身投靠者的胡說","王維","中央周刊","1948","第10卷 第22期","10","南京"
"友聲：安徽全椒一位讀者痛陳征糧舞弊情形","劉慰民 芝","中央周刊","1948","第10卷 第23期","1","南京"
"天風海濤樓劄記：一、名利中人之座右銘，二、讀萬卷書午萬里路……","伯商","中央周刊","1948","第10卷 第23期","12-13","南京"
"梅隐盦谭脞：友人有新從蘇聯歸者……","厚菴","中央周刊","1948","第10卷 第23期","14-15","南京"
"友聲：政府應採有力措施，加緊徵收救濟特捐","蔣","中央周刊","1948","第10卷 第26期","1","南京"
"國際論衡選萃（由六月二十日至二十七日）：扶日運動的反響","君羊","中央周刊","1948","第10卷 第26期","9","南京"
"天風海濤樓箚記：（一）黃山虬松、（二）廬山娑羅寶樹……","伯商","中央周刊","1948","第10卷 第26期","10-11","南京"
"國際論衡選萃（由六月七日至二十日）：美國對外政策重心應置於中國","君羊","中央周刊","1948","第10卷 第24-25期","11","南京"
"國際論衡選萃（自九月二十日至九月二十六日）：一、中國政治的正確途徑","君羊","中央周刊","1948","第10卷 第38-39期","13","南京"
"本刊特載：國大代表的讜論：對未來意政的展望","葉松坡","中央周刊","1948","第10卷 第14期","16","南京"
"國際論衡選萃（由七月五日至十一日）：一、美兩黨援華態度的對比","君羊","中央周刊","1948","第10卷 第28期","11","南京"
"本刊專訪：戰士們的心曲：山樂健兒譚匪情","陳茵","中央周刊","1948","第10卷 第4期","14-15","南京"
"友聲：中國剿共是爲世界美國應予軍事援助","蔣","中央周刊","1948","第10卷 第11期","1","南京"
"國際論衡選萃（由三十七年三月十四日至三月二十一日）：正視亞洲新形勢","君羊","中央周刊","1948","第10卷 第13期","13","南京"
"天風海濤樓劄記：海防之役（續完）、趙南奇奔異草","伯商","中央周刊","1948","第10卷 第13期","14-15","南京"
"梅隱盦谭脞：前非長者中患失眠症者……","厚菴","中央周刊","1948","第10卷 第13期","16-17","南京"
"友聲：請安頓將士粗屬以鎭定戰區人心","王化成","中央周刊","1948","第10卷 第13期","21","南京"
"友聲：競選費用應有限制拿出正民主風度","袁世儀","中央周刊","1948","第10卷 第13期","21","南京"
"友聲：粉誶共匪“懷柔”整飭團隊紀律","王同仁","中央周刊","1948","第10卷 第13期","21","南京"
"從美蘇對立看國際局勢","劉迺誠","中央周刊","1948","第10卷 第13期","4-6","南京"
"太原行","金東平","中央周刊","1948","第10卷 第28期","4-6","南京"
"漫畵之頁：多多益善：[畫圖]","黃墅","中央周刊","1948","第10卷 第9期","18","南京"
"梅隱盦譚脞：名戲劇家洪深氏……","厚菴","中央周刊","1948","第10卷 第5期","22-23","南京"
"漫畵之頁：自趨滅亡：[畫圖]","鄭重","中央周刊","1948","第10卷 第5期","24","南京"
"漫畵之頁：精彩表演：[畫圖]","黃墅","中央周刊","1948","第10卷 第5期","24","南京"
"漫畵之頁：黃匪的“民主”：[畫圖]","林圭","中央周刊","1948","第10卷 第5期","24","南京"
"漫畵之頁：請投她一票：[畫圖]","宋平","中央周刊","1948","第10卷 第5期","24","南京"
"友聲：當舖利息要低典期不能縮短","黃春富 廖樂鄰 黃大貴","中央周刊","1948","第10卷 第5期","1","南京"
"邊疆問題與邊疆敎育","程其保","中央周刊","1948","第10卷 第5期","3-4","南京"
"地方自治的檢討","戇生","中央周刊","1948","第10卷 第5期","5-6，8","南京"
"國父與蔣主席","星德","中央周刊","1948","第10卷 第5期","7-8","南京"
"書評：揭開它的僞装顯露它的眞相（上）：評范文瀾等中國通史簡編","繆鳳林","中央周刊","1948","第10卷 第5期","9-12","南京"
"友聲：爭取房客福利，依法檢舉房東","王榮進 李有福 孫起龍","中央周刊","1948","第10卷 第6期","1","南京"
"國際論衡選萃（由三十七年二月一日至二月七日）：一、中國戡亂必勝的保證","君羊","中央周刊","1948","第10卷 第6期","19","南京"
"國際論衡選萃（由三十七年二月一日至二月七日）：二、外人眼中的九龍問題","君羊","中央周刊","1948","第10卷 第6期","19","南京"
"友聲：用革命性行動壓平陰關物價","徐志高","中央周刊","1948","第10卷 第6期","1","南京"
"國際論衡選萃（由三十七年二月一日至二月七日）：三、美國對華應有所作爲了","君羊","中央周刊","1948","第10卷 第6期","19","南京"
"天風海濤樓劄記：故都話舊（續完）、二、明十三陵及景泰帝陵","伯商","中央周刊","1948","第10卷 第6期","20-21","南京"
"梅隱盦譚脞：我國教會學校……","厚菴","中央周刊","1948","第10卷 第6期","22-23","南京"
"歐局的進入新時代：闗於英外相貝文的籲請建立西歐聯盟","周酉村","中央周刊","1948","第10卷 第6期","2-3","南京"
"由裁員說到建立人事制度","戇生","中央周刊","1948","第10卷 第6期","4-5","南京"
"獠牙露出來了","景朱","中央周刊","1948","第10卷 第6期","6-8","南京"
"批評之批評：泰晤士報的稚氣","劉三","中央周刊","1948","第10卷 第9期","9","南京"
"友聲：成立物價管制機構用辣手去對付奸商","韋","中央周刊","1948","第10卷 第10期","1","南京"
"世界一月：E．歐洲政局","王新命","中央周刊","1945","第7卷 第21-22期","23","重庆"
"如何處置僞組織人員","林彬","中央周刊","1945","第7卷 第37-38期","7-8","重庆"
"海外通訊：去國行（二）","建人","中央周刊","1945","第7卷 第19-20期","20-21","重庆"
"世界一月：（二）亞洲之戰：丙、琉球之戰：琉球之戰……（附圖）","新命","中央周刊","1945","第7卷 第13-14期","20","重庆"
"世界一月：（二）亞洲之戰：丁、倭强佔越南","新命","中央周刊","1945","第7卷 第13-14期","20","重庆"
"世界一月：（二）亞洲之戰：甲、大陸之戰：本月倭寇在東南方面已因我軍之不斷反攻……","新命","中央周刊","1945","第7卷 第13-14期","18-19","重庆"
"重慶雜寫（一）","黃洛","中央周刊","1945","第7卷 第39-40期","16-19","重庆"
"論人生修養","陳健夫","中央周刊","1945","第7卷 第19-20期","16-19","重庆"
"社論：提防謡言攻勢","文伯 印","中央周刊","1945","第7卷 第45期","1","重庆"
"建都問題與中山先生的遺教","崔書琴","中央周刊","1945","第7卷 第18期","12-15","重庆"
"對於中國司法之意見","海密爾克 陳漢清","中央周刊","1945","第7卷 第27期","6","重庆"
"改定中國譯名議","張忠建","中央周刊","1945","第7卷 第27期","7","重庆"
"經濟建設：中國經濟建設的途徑","甘乃先 右民","中央周刊","1945","第7卷 第30-31期","5-6","重庆"
"詩的哲學","蔣炳賢","中央周刊","1945","第7卷 第32-33期","7-10","重庆"
"勝利聲中談復員：復員的困難不下于作戰","陳箇民","中央周刊","1945","第7卷 第34-35期","8","重庆"
"勝利聲中談復員：官辦報紙的作風必須改變","馬星野","中央周刊","1945","第7卷 第34-35期","8","重庆"
"勝利聲中談復員：予應得報酬者以報酬","王新命","中央周刊","1945","第7卷 第34-35期","8-9","重庆"
"勝利聲中談復員：漢奸不可縱容","錢納水","中央周刊","1945","第7卷 第34-35期","9","重庆"
"勝利聲中談復員：復員即是動員","胡春冰","中央周刊","1945","第7卷 第34-35期","9","重庆"
"建國之路：建國成功之階","吳鐵城 芝","中央周刊","1945","第7卷 第36期","1-2","重庆"
"建國之路：建設東北與建設中國","邵冲霄","中央周刊","1945","第7卷 第36期","3","重庆"
"建國之路：論戰後工業建設","李翼民","中央周刊","1945","第7卷 第36期","4-6","重庆"
"建國之路：日本投降和中國經濟建設","蔣君章","中央周刊","1945","第7卷 第36期","4-6","重庆"
"宋代政制概略","曾資生","中央周刊","1945","第7卷 第36期","7-9","重庆"
"我國戰時經濟的認識","趙蘭坪 守仁","中央周刊","1945","第7卷 第30-31期","6-8","重庆"
"論土地資金化與工業化問題之不可分","畢醒魂","中央周刊","1945","第7卷 第30-31期","7-11","重庆"
"你何等偉大：讀台爾·卡乃基“歐美名人傳”後戲作","葉行","中央周刊","1945","第7卷 第30-31期","11-17","重庆"
"革命史話：閒話西湖白雲庵","伯僑","中央周刊","1945","第7卷 第30-31期","12-13","重庆"
"書報春秋：介紹一部趣味化的“刑法”（徐石松著）","王良嘉","中央周刊","1945","第7卷 第30-31期","14","重庆"
"日本投降了","張文伯 韋","中央周刊","1945","第7卷 第32-33期","1","重庆"
"佛學之中國化","錢穆","中央周刊","1945","第7卷 第32-33期","2-6","重庆"
"讀三國水滸與西遊（李辰冬著）","王集叢","中央周刊","1945","第7卷 第32-33期","4-5","重庆"
"如何處置日本","蔣炳賢","中央周刊","1945","第7卷 第34-35期","10-11","重庆"
"新型的武器：原子彈","寧墨公","中央周刊","1945","第7卷 第34-35期","12-16","重庆"
"抗戰難與勝利，建國__待努力：[題詞]","馬元__","中央周刊","1945","第7卷 第34-35期","18","重庆"
"中國戰區日軍投降簽字經過紀實","趙樸","中央周刊","1945","第7卷 第40期","19-20","重庆"
"勝利聲中談復員：懲奸條例必須切實執行","洪鈞培","中央周刊","1945","第7卷 第34-35期","9","重庆"
"聞日寇投降抒感：[詩詞]","王齡希","中央周刊","1945","第7卷 第34-35期","19","重庆"
"勝利還都口號","李翼民","中央周刊","1945","第7卷 第34-35期","20","重庆"
"抗戰教訓與建國要領：大家拿出良心來！腦筋來！力量來！","粟顯運","中央周刊","1945","第7卷 第34-35期","5-8","重庆"
"勝利聲中談復員：乍樣懲治漢奸","馬超俊","中央周刊","1945","第7卷 第34-35期","8","重庆"
"中國民主統一運動的演進","張文伯 芝","中央周刊","1945","第7卷 第23-24期","1-2","重庆"
"建軍篇","成惕軒","中央周刊","1945","第7卷 第23-24期","22","重庆"
"實施中心縣制與完成他方自治","于彥勝","中央周刊","1945","第7卷 第23-24期","3-5","重庆"
"由歐洲流民問題想到國內戰區的救濟準備","李翼民","中央周刊","1945","第7卷 第23-24期","6-7","重庆"
"巴黎和會與國際委託治理制度：德國殖民地的處置與委託制度的由來","黃正銘","中央周刊","1945","第7卷 第21-22期","3-5","重庆"
"思想研究：論封建社會","鄭學稼","中央周刊","1945","第7卷 第21-22期","5-9","重庆"
"東漢以下宗教思想之復活（附圖）","錢穆","中央周刊","1945","第7卷 第21-22期","9-10","重庆"
"民主主義與三民主義","葉青","中央周刊","1945","第7卷 第21-22期","11-14","重庆"
"在虹口監獄中（下）","吳約翰","中央周刊","1945","第7卷 第21-22期","13-23","重庆"
"靑年思想問題管見","蕭公權","中央周刊","1945","第7卷 第21-22期","15","重庆"
"文學與偏見","Richard D. Moalar 蔣炳賢","中央周刊","1945","第7卷 第21-22期","16-18","重庆"
"戰時國內移民問題","陳達","中央周刊","1945","第7卷 第17期","6-7","重庆"
"五外長會議的第一階段","錢納水","中央周刊","1945","第7卷 第37-38期","9-10","重庆"
"社論：民主辦偽","陳銘","中央周刊","1945","第7卷 第45期","2","重庆"
"書報春秋：“巴山蜀水”讀後","張勉","中央周刊","1945","第7卷 第37-38期","14-16","重庆"
"批判“孔墨的批判”","陸復初","中央周刊","1945","第7卷 第23-24期","10-13","重庆"
"遊甘泉：[詩詞]","居正","中央周刊","1945","第7卷 第34-35期","16","重庆"
"八年以來：血的囘憶（上）","上官青","中央周刊","1945","第7卷 第45期","9-14","重庆"
"聯合國會址應設何處","江煜 蔣","中央周刊","1945","第7卷 第46期","1-2，10","重庆"
"國際聯盟與新的世界和平機構之比較觀：三月十六日應中國國聯同志會在中央團部講","顧維鈞 右民 韋","中央周刊","1945","第7卷 第11-12期","1-2","重庆"
"英國文學的特性","B. Ifor Evans 蔣炳賢","中央周刊","1945","第7卷 第11-12期","14-15","重庆"
"戰時生活一頁","大海","中央周刊","1946","第8卷 第7期","12-13","南京"
"教師節特輯：孔子的現實主義","譚戒父","中央周刊","1946","第8卷 第32期","11-12","南京"
"給青年朋友的信：一份見面禮","方素","中央周刊","1946","第8卷 第19期","12","南京"
"書報春秋：評金毓黻著“中國史學史”","陳定閎","中央周刊","1946","第8卷 第43期","17","南京"
"弦歌聲裏：警校的復員","張耀祖","中央周刊","1946","第8卷 第12期","17","南京"
"美國現代音樂三傑","式如","中央周刊","1946","第8卷 第15期","10-12","南京"
"醫藥新獻：鏈球菌滅星","唐達聰","中央周刊","1946","第8卷 第16期","13-14","南京"
"怎樣解救當前的經濟危機","曹鍾麟","中央周刊","1946","第8卷 第28期","8-11","南京"
"國內外大事：美國對蘇之期待","劉光炎","中央周刊","1946","第8卷 第29期","2","南京"
"學宮側寫：新興的鄉村建設學院","沙丘","中央周刊","1946","第8卷 第9期","17","南京"
"社論：國民大會展望","文伯 印","中央周刊","1946","第8卷 第45-46期","1","南京"
"國內外一周間：國共談判的前瞻","劉光炎","中央周刊","1946","第8卷 第43期","2","南京"
"國內外大事：共產黨國威脅首都","劉光炎","中央周刊","1946","第8卷 第28期","4","南京"
"論美國的世界政策","肯耐狄 趙天崗","中央周刊","1946","第8卷 第28期","5-7","南京"
"被遺忘的一角","获河","中央周刊","1946","第8卷 第28期","7","南京"
"天南地北：新生中的西南","梁筱中","中央周刊","1946","第8卷 第2-3期","24-25","南京"
"夜郎新景","李存傑","中央周刊","1946","第8卷 第2-3期","25-26","南京"
"伊克昭盟的啦嘛廟會","陶川","中央周刊","1946","第8卷 第2-3期","26","南京"
"主人翁應有的認識和覺悟","鐃雲普","中央周刊","1946","第7卷 第51-52期","15-16","南京"
"幣原内閣會完成牠的任務嗎？","鄭學稼","中央周刊","1946","第8卷 第2-3期","3-5","南京"
"弦歌聲裏：復蘇中的湖北教育","錦棠","中央周刊","1946","第8卷 第12期","17-18","南京"
"七日漫談：伊朗問題與三強關係：伊朗國內外的複雜情勢……","平","中央周刊","1946","第8卷 第12期","18-19","南京"
"青春常住","唐達聰","中央周刊","1946","第8卷 第15期","10","南京"
"天南地北：蘇北近情","金重","中央周刊","1946","第8卷 第16期","15-16","南京"
"國內外大事：美新大使發表","劉光炎","中央周刊","1946","第8卷 第27期","3","南京"
"國內外大事：國共談判的前途","劉光炎","中央周刊","1946","第8卷 第27期","3","南京"
"國內外大事：金融上的波瀾","劉光炎","中央周刊","1946","第8卷 第27期","3","南京"
"社論：時局的發展","印","中央周刊","1946","第8卷 第28期","1，19","南京"
"時中的主義·時中的制度","劉士篤","中央周刊","1946","第8卷 第29期","5-7","南京"
"國內外一周間：史達林之美蘇關係論","劉光炎","中央周刊","1946","第8卷 第43期","3-4","南京"
"遵義話別","張其昀","中央周刊","1946","第8卷 第19期","13","南京"
"上吉山典樂记（三）","盧__野","中央周刊","1946","第8卷 第19期","14-15","南京"
"弦歌聲裏：北碚春景：復旦大學近事","梅郎","中央周刊","1946","第8卷 第12期","15","南京"
"弦歌聲裏：讀書的問題：南京漫筆之五","海嘯","中央周刊","1946","第8卷 第12期","16-17","南京"
"弦歌聲裏：新人訓練在廣東","段德澍","中央周刊","1946","第8卷 第12期","14","南京"
"第四屆徵文拔萃之五：我理想中的新大學","鄭日升","中央周刊","1946","第8卷 第11期","9-10","南京"
"台灣歸來（四）","劉光炎","中央周刊","1946","第8卷 第49期","15-17","南京"
"名著連載：康熙帝傳（六）","白晉 林植","中央周刊","1946","第8卷 第49期","18-19","南京"
"社論：國軍收復長春以後","印","中央周刊","1946","第8卷 第20期","1","南京"
"社論：激盪中的蘇伊之爭","文伯 韋","中央周刊","1946","第8卷 第13期","1","南京"
"市區交通線：南京漫筆之六","海嘯","中央周刊","1946","第8卷 第13期","14-15","南京"
"中國的民族與中國的語文（下）","司徒凡操","中央周刊","1946","第8卷 第13期","16-17","南京"
"棉花與桐油","易水","中央周刊","1946","第8卷 第29期","1，3","南京"
"關於癆病的四項新發現","得之","中央周刊","1946","第8卷 第29期","16","南京"
"中美國情的比較觀","曹增之","中央周刊","1946","第8卷 第29期","14-16","南京"
"最近獨立的菲列濱共和國（上）","蔣君章","中央周刊","1946","第8卷 第26期","5-8","南京"
"天南地北：蘇北之春：春風中的冬令救濟","錢塘江","中央周刊","1946","第8卷 第13期","10-11","南京"
"學宮側寫：浙大重臨天堂","法朱","中央周刊","1946","第8卷 第9期","17-18","南京"
"宋明理學之總評__","錢穆","中央周刊","1946","第8卷 第28期","12-14","南京"
"給青年朋友的信：“專”與“博”","方素","中央周刊","1946","第8卷 第33期","13-14，17","南京"
"國內外大事：英國向美大借款之意義","劉光炎","中央周刊","1946","第8卷 第29期","2","南京"
"國內外大事週覽：美國國見紛歧與遠東","劉光炎","中央周刊","1946","第8卷 第36期","2","南京"
"國內外一周間：蔣主席台灣之行","劉光炎","中央周刊","1946","第8卷 第43期","4，19","南京"
"新聞以外：信不信由你","方舟","中央周刊","1946","第8卷 第34期","4","南京"
"伊朗問題的由來","錢振先","中央周刊","1946","第8卷 第13期","4-5","南京"
"上吉山典樂記（二）","盧__野","中央周刊","1946","第8卷 第18期","10-12","南京"
"天南地北：長安文訊：文化的危機、教育的低落","張馳","中央周刊","1946","第8卷 第7期","16","南京"
"上吉山典樂記（七）","盧冀野","中央周刊","1946","第8卷 第23期","18-19","南京"
"自由主義的悲劇","阿索浦兄弟 得之","中央周刊","1946","第8卷 第23期","2-3","南京"
"教學生活的囘顧","秦楚","中央周刊","1946","第8卷 第32期","12-14","南京"
"恭述國父廣州蒙難經過及感想","鄒魯","中央周刊","1946","第8卷 第22期","7-9","南京"
"青誠記遊","曾正權","中央周刊","1946","第8卷 第32期","16-18","南京"
"黔靈朝山記","趙捷民","中央周刊","1946","第8卷 第32期","18","南京"
"從中國社會史說到現實的中國政治（上）","毛起__","中央周刊","1946","第8卷 第33期","5-8","南京"
"天南地北：戰後紐約（海外通訊）","得之","中央周刊","1946","第7卷 第51-52期","12-13","南京"
"七日漫談：救荒與節約","和","中央周刊","1946","第8卷 第18期","18","南京"
"七日漫談：請從禁舞始","炎","中央周刊","1946","第8卷 第18期","18","南京"
"爲建國而展開節約運動","庸園","中央周刊","1946","第8卷 第18期","2","南京"
"南京的經濟建設問題（下）","李清悚","中央周刊","1946","第8卷 第19期","7-8","南京"
"崩潰中的上海","王新命","中央周刊","1946","第8卷 第22期","3-4","南京"
"天南地北：中共在蘇北的罪行","張德培","中央周刊","1946","第7卷 第51-52期","14","南京"
"新世界心理建設的起點","鄭萬川","中央周刊","1946","第8卷 第13期","3-4","南京"
"談美","蔣炳賢","中央周刊","1945","第7卷 第28期","9","重庆"
"論土地資金化與工業化問題之不可分","羅醒魂","中央周刊","1945","第7卷 第40期","9-12","重庆"
"書報春秋：評“印緬隨軍記”","盛之","中央周刊","1945","第7卷 第43-44期","21-23","重庆"
"邊疆研究：邊疆自治問題檢討","鍾呂恩","中央周刊","1945","第7卷 第43-44期","5-7","重庆"
"政治的革新","李宗黃","中央周刊","1945","第7卷 第28期","8","重庆"
"天南地北：記瀘縣雨壇鄉第一次民選","王申叔","中央周刊","1945","第7卷 第37-38期","17","重庆"
"元代政制慨略","曾資生","中央周刊","1945","第7卷 第43-44期","20-21","重庆"
"歐洲政治糾紛及其解决","錢納水 蔣","中央周刊","1945","第7卷 第3期","1-2","重庆"
"民主自由與道德","袁公為","中央周刊","1945","第7卷 第19-20期","9-10","重庆"
"本刋第四届暑期寫作獎金徵文辦法","蔣","中央周刊","1945","第7卷 第25期","0","重庆"
"唐代政制概略","曾資生","中央周刊","1945","第7卷 第40期","13-15","重庆"
"經濟·生活：恢復國民購買力的途徑","程啟鈞","中央周刊","1945","第7卷 第46期","7-10","重庆"
"特寫：還鄕前奏","洪濤","中央周刊","1945","第7卷 第37-38期","17-21","重庆"
"論資本主義","鄭學稼","中央周刊","1945","第7卷 第25期","1-3","重庆"
"國防心理","蔡樂生 右民","中央周刊","1945","第7卷 第25期","4-5","重庆"
"佛教之傳入與通佛之爭","錢穆","中央周刊","1945","第7卷 第28期","5-7","重庆"
"邊疆研究：泛談邊疆","陳國鈞","中央周刊","1945","第7卷 第43-44期","7-11","重庆"
"如何擇妻：一封可以公開的信","味橄","中央周刊","1945","第7卷 第29期","10-11","重庆"
"我國戰時經濟的認識","趙蘭坪 守仁","中央周刊","1945","第7卷 第40期","8-10","重庆"
"論心理重建","李安宅","中央周刊","1945","第7卷 第19-20期","6-8","重庆"
"戰時法國青年的生活","葉理夫","中央周刊","1945","第7卷 第11-12期","10-11","重庆"
"海外通訉：去國行（五）","建人","中央周刊","1945","第7卷 第28期","10-13","重庆"
"抗戰勝利感想","汪叔棣","中央周刊","1945","第7卷 第37-38期","5-6","重庆"
"文人無行（附圖）","英","中央周刊","1945","第7卷 第40期","17","重庆"
"我們應該提出的重要戰犯","龔德柏","中央周刊","1945","第7卷 第40期","18，22","重庆"
"經濟·生活：如何扶養生產資金？","尚林","中央周刊","1945","第7卷 第46期","11-12","重庆"
"世界和平與中國復興","蔣君章","中央周刊","1945","第7卷 第39-40期","2-7","重庆"
"世界一月：（一）舊金山會議、（二）大陸之戰……","新命","中央周刊","1945","第7卷 第27期","13-15","重庆"
"論中蘇外交闗係","邵力子 右民 蔣","中央周刊","1945","第7卷 第28期","1-3","重庆"
"美軍怎樣進攻日本","龔德柏","中央周刊","1945","第7卷 第28期","3-5","重庆"
"過烏稍嶺即事","居正","中央周刊","1945","第7卷 第34-35期","16","重庆"
"公里戰勝：[題詞二首]","馬超俊","中央周刊","1945","第7卷 第34-35期","2","重庆"
"確立今後青年運動的方針","何成濬","中央周刊","1945","第7卷 第19-20期","14-15","重庆"
"由軍歌說起","馬葉","中央周刊","1945","第7卷 第10期","12","重庆"
"在虹口監獄中（上）","吳約翰","中央周刊","1945","第7卷 第19-20期","15-23","重庆"
"書報春秋：讀“諸葛亮新論”後","張勉","中央周刊","1945","第7卷 第25期","8-11","重庆"
"徐州城外：蘇魯邊區的游擊生活（戰地報告）","楊槐","中央周刊","1945","第7卷 第8-9期","14-17","重庆"
"革命故事：紀念令節在二月","許師愼","中央周刊","1945","第7卷 第8-9期","18-19","重庆"
"世界一月：甲、亞洲：（一）東南之戰：本月東南戰事……","新命","中央周刊","1945","第7卷 第8-9期","20","重庆"
"中共問題的解决途徑","張文伯 印","中央周刊","1945","第7卷 第10期","1-3","重庆"
"舊金山會議的使命：清算支配國際關係的强權政治","錢納水","中央周刊","1945","第7卷 第10期","3-5","重庆"
"民主政治與致黨制度","葉青","中央周刊","1945","第7卷 第10期","5-7","重庆"
"編者小言：今年眞是决定之年……",NA,"中央周刊","1945","第7卷 第6-7期","10","重庆"
"本刋訂刋勞軍第四次公告",NA,"中央周刊","1945","第7卷 第11-12期","23","重庆"
"編者小言：近月來我們有件極不愉快也是萬分拘謹的事……",NA,"中央周刊","1945","第7卷 第11-12期","11","重庆"
"國際文絜：英國戰後經濟的過渡時期（財政新聞）",NA,"中央周刊","1945","第7卷 第8-9期","13","重庆"
"受降記（上）（本刊特輯）",NA,"中央周刊","1945","第7卷 第36期","11-15","重庆"
"（江浙區）董景梅：[照片]",NA,"中央周刊","1946","第8卷 第36期","19","南京"
"（江浙區）吳以作：[照片]",NA,"中央周刊","1946","第8卷 第36期","19","南京"
"第七區主任：龔顧天：[照片]",NA,"中央周刊","1946","第8卷 第29期","19","南京"
"新聞以外：女人與錢",NA,"中央周刊","1946","第8卷 第33期","2","南京"
"新聞以外：集體自殺的方法",NA,"中央周刊","1946","第8卷 第33期","2","南京"
"新聞以外：記者遺憾",NA,"中央周刊","1946","第8卷 第33期","2","南京"
"新聞以外：陰間一幕",NA,"中央周刊","1946","第8卷 第33期","3，18","南京"
"上海區：湯豪：[照片]",NA,"中央周刊","1946","第8卷 第29期","19","南京"
"寂寞的夏壩，冷落的華西壩",NA,"中央周刊","1946","第8卷 第36期","18","南京"
"（杭紹區主任）葉__華：[照片]",NA,"中央周刊","1946","第8卷 第24期","18","南京"
"半年的聯合國（本刊特輯）",NA,"中央周刊","1946","第8卷 第22期","5-6","南京"
"所望於首屆國民大會者",NA,"中央周刊","1946","第8卷 第45-46期","2-3","南京"
"柏林滄桑",NA,"中央周刊","1946","第8卷 第31期","13","南京"
"政府的要求！人民的期望！",NA,"中央周刊","1946","第8卷 第31期","2","南京"
"羅隆基的尾巴相",NA,"中央周刊","1946","第8卷 第31期","2","南京"
"政治協商會議的經過",NA,"中央周刊","1946","第8卷 第5期","8-12","南京"
"一週時事：伊甯事件及其解决",NA,"中央周刊","1946","第8卷 第23期","10","南京"
"黃景梅：[照片]",NA,"中央周刊","1946","第8卷 第6期","19","南京"
"曹振羣：[照片]",NA,"中央周刊","1946","第8卷 第6期","19","南京"
"葉頌華：[照片]",NA,"中央周刊","1946","第8卷 第6期","19","南京"
"七日漫話：好的開始",NA,"中央周刊","1946","第8卷 第47-48期","7","南京"
"一週時事：義大利共和",NA,"中央周刊","1946","第8卷 第23期","11","南京"
"二中全會與國民參政會",NA,"中央周刊","1946","第8卷 第14期","10-13","南京"
"曹振羣：[照片]",NA,"中央周刊","1946","第8卷 第5期","19","南京"
"黃景梅：[照片]",NA,"中央周刊","1946","第8卷 第5期","19","南京"
"鄭益清（主任）：[照片]",NA,"中央周刊","1946","第8卷 第5期","19","南京"
"曹可嶽：[照片]",NA,"中央周刊","1946","第8卷 第5期","19","南京"
"竇獬：[照片]",NA,"中央周刊","1946","第8卷 第5期","19","南京"
"葉頌華：[照片]",NA,"中央周刊","1946","第8卷 第5期","19","南京"
"應如汀：[照片]",NA,"中央周刊","1946","第8卷 第5期","19","南京"
"龔順天：[照片]",NA,"中央周刊","1946","第8卷 第5期","19","南京"
"美國“社會學校”的實驗：使學生認識社會，在工作前卽參與社會活動",NA,"中央周刊","1946","第8卷 第32期","14","南京"
"七日漫談：東北的星星之火",NA,"中央周刊","1946","第8卷 第14期","18-19","南京"
"上海區：周夢恩：[照片]",NA,"中央周刊","1946","第8卷 第29期","19","南京"
"延期八天（輿論輯要）（本刊特輯）",NA,"中央周刊","1946","第8卷 第24期","10-11","南京"
"（江甯區主任）曹可嶽：[照片]",NA,"中央周刊","1946","第8卷 第24期","18","南京"
"聯合國的誕生",NA,"中央周刊","1946","第8卷 第7期","5-8","南京"
"市政民主之例（美國新聞處編譯）",NA,"中央周刊","1946","第8卷 第32期","7","南京"
"新聞以外：依法保障",NA,"中央周刊","1946","第8卷 第33期","3","南京"
"高空對飛行員的影響",NA,"中央周刊","1946","第8卷 第7期","9-11","南京"
"曹可嶽：[照片]",NA,"中央周刊","1946","第8卷 第6期","19","南京"
"一九四五年英國的海外貿易",NA,"中央周刊","1946","第8卷 第2-3期","8","南京"
"一週時事：祝青年軍復員",NA,"中央周刊","1946","第8卷 第22期","15","南京"
"一週時事：調整待遇與平抑物價",NA,"中央周刊","1946","第8卷 第22期","15-16","南京"
"新聞以外：如此婚姻",NA,"中央周刊","1946","第8卷 第33期","3","南京"
"新聞以外：尚未證實的消息",NA,"中央周刊","1946","第8卷 第33期","3","南京"
"成都報業",NA,"中央周刊","1946","第8卷 第33期","15","南京"
"一週時事述評：印度問題之檢討",NA,"中央周刊","1946","第8卷 第51-52期","18","南京"
"一週時事述評：美國對華政策之正義聲明",NA,"中央周刊","1946","第8卷 第51-52期","18","南京"
"一週時事述評：外長會議結果圓滿",NA,"中央周刊","1946","第8卷 第51-52期","18，14","南京"
"編者的話：本刊第八卷，到這一期合刊爲止……",NA,"中央周刊","1946","第8卷 第51-52期","27","南京"
"杭紹區主任：葉頌華：[照片]",NA,"中央周刊","1946","第8卷 第29期","19","南京"
"一週時事述評：政院對生產事業之協助",NA,"中央周刊","1946","第8卷 第51-52期","17-18","南京"
"一週時事述評：裁軍會議的歷程",NA,"中央周刊","1946","第8卷 第51-52期","18","南京"
"七日漫談：從“乞巧”到“參政”：由三八節想起",NA,"中央周刊","1946","第8卷 第9期","19","南京"
"一週時事述評：英美對德佔領區經濟協定",NA,"中央周刊","1946","第8卷 第50期","12","南京"
"新聞以外：中共應用名詞簡釋",NA,"中央周刊","1946","第8卷 第32期","4","南京"
"一週時事述評：國大進入審議過程",NA,"中央周刊","1946","第8卷 第51-52期","16-17","南京"
"一週時事述評：共黨的狡詐企圖",NA,"中央周刊","1946","第8卷 第51-52期","17","南京"
"給實業家的報償",NA,"中央周刊","1946","第8卷 第27期","1","南京"
"讀者之友社：由渝遷滬復業",NA,"中央周刊","1946","第8卷 第30期","19","南京"
"（琴大區主任）董景梅：[照片]",NA,"中央周刊","1946","第8卷 第7期","18","南京"
"（副主任）曹振羣：[照片]",NA,"中央周刊","1946","第8卷 第7期","18","南京"
"（奉南川區主任）厲如汀：[照片]",NA,"中央周刊","1946","第8卷 第7期","18","南京"
"政治協商會議的收穫",NA,"中央周刊","1946","第8卷 第6期","9-14","南京"
"（粤港區）湯治：[照片]",NA,"中央周刊","1946","第8卷 第36期","19","南京"
"美國報紙的銷數（美國新聞處編譯）",NA,"中央周刊","1946","第8卷 第33期","11","南京"
"一週時事：外長會議復會",NA,"中央周刊","1946","第8卷 第23期","10","南京"
"應如汀：[照片]",NA,"中央周刊","1946","第8卷 第6期","19","南京"
"龔順天：[照片]",NA,"中央周刊","1946","第8卷 第6期","19","南京"
"鄭益清（主任）：[照片]",NA,"中央周刊","1946","第8卷 第6期","19","南京"
"中國該怎樣救濟？",NA,"中央周刊","1946","第7卷 第51-52期","23-25","南京"
"馬歇爾與遠東",NA,"中央周刊","1946","第7卷 第51-52期","5","南京"
"一週時事：金元與外交",NA,"中央周刊","1946","第8卷 第21期","9","南京"
"一週時事：美國罷工浪潮",NA,"中央周刊","1946","第8卷 第21期","9","南京"
"一週時事：細菌武器與“飛翼”飛機",NA,"中央周刊","1946","第8卷 第21期","9-10","南京"
"主任：鄭益清：[照片]",NA,"中央周刊","1946","第8卷 第29期","19","南京"
"（台灣區）林斯奇：[照片]",NA,"中央周刊","1946","第8卷 第36期","19","南京"
"新聞以外：自殺的幸與不幸：[詩歌]",NA,"中央周刊","1946","第8卷 第32期","3-4","南京"
"黔靈山紀遊",NA,"中央周刊","1946","第8卷 第11期","13-15","南京"
"編者小言：本刊自本期起，内容將力求革新……",NA,"中央周刊","1946","第8卷 第8期","20","南京"
"台灣歸來",NA,"中央周刊","1946","第8卷 第45-46期","0，12-14","南京"
"一週時事：坦其隆慘案",NA,"中央周刊","1946","第8卷 第23期","10","南京"
"（主任）鄭益清：[照片]",NA,"中央周刊","1946","第8卷 第24期","18","南京"
"（琴太區主任）董景梅：[照片]",NA,"中央周刊","1946","第8卷 第24期","18","南京"
"編者小言：最近我們曾發出兩項文件……",NA,"中央周刊","1946","第8卷 第21期","16","南京"
"一九四五年的總結",NA,"中央周刊","1946","第8卷 第1期","21-22","南京"
"青年信箱：關於減租的租率規定問題",NA,"中央周刊","1946","第8卷 第20期","15","南京"
"新聞以外：但願不如所料：[詩歌]",NA,"中央周刊","1946","第8卷 第32期","2-3","南京"
"（江浙區）竇獬：[照片]",NA,"中央周刊","1946","第8卷 第36期","19","南京"
"（江浙區）戴順天：[照片]",NA,"中央周刊","1946","第8卷 第36期","19","南京"
"新聞以外：毛澤東的預言",NA,"中央周刊","1946","第8卷 第32期","2","南京"
"新聞以外：民主花瓶及其他",NA,"中央周刊","1946","第8卷 第32期","2","南京"
"（上海區）湯豪：[照片]",NA,"中央周刊","1946","第8卷 第24期","18","南京"
"七日漫話：冬的威脅",NA,"中央周刊","1946","第8卷 第47-48期","7-8","南京"
"讀者之友社新書目錄",NA,"中央周刊","1946","第8卷 第47-48期","27","南京"
"民主談屑：民主，本來是人類社會生活政治生活一段……",NA,"中央周刊","1946","第8卷 第37期","11-12","南京"
"中周信箱：飛機廠工人李伯興的來信",NA,"中央周刊","1946","第8卷 第37期","12，19","南京"
"編者小言：决定一個刊物的好壞……",NA,"中央周刊","1946","第8卷 第20期","9","南京"
"四國外長會議的波折（本刊特輯）",NA,"中央周刊","1946","第8卷 第20期","10-11","南京"
"一週時事：日本吉田內閣",NA,"中央周刊","1946","第8卷 第20期","12","南京"
"一週時事：西拇拉會議失敗後的印度",NA,"中央周刊","1946","第8卷 第20期","12","南京"
"一週時事：日本的新生",NA,"中央周刊","1946","第8卷 第21期","10","南京"
"本刊徵稿簡則",NA,"中央周刊","1945","第7卷 第39-40期","19","重庆"
"編者小言：本刊來京出版……",NA,"中央周刊","1945","第7卷 第45期","8","重庆"
"书报春秋：印緬之征戰",NA,"中央周刊","1945","第7卷 第47-48期","19","重庆"
"一週時事：轉呈活躍的東北",NA,"中央周刊","1946","第8卷 第21期","10","南京"
"一週時事：和平判談之門",NA,"中央周刊","1946","第8卷 第21期","10","南京"
"一週時事述評：美英建軍事聯盟呼？",NA,"中央周刊","1946","第8卷 第50期","12","南京"
"本刋十大徵文揭曉：本刊爲提高讀者寫作熱忱……",NA,"中央周刊","1946","第8卷 第38期","10","南京"
"社論：國大召開前的時局",NA,"中央周刊","1946","第8卷 第43期","1","南京"
"為三千萬災胞呼籲",NA,"中央周刊","1946","第8卷 第25期","3","南京"
"半年間大事記一月一日，英暹簽訂和約……（本刊特輯）",NA,"中央周刊","1946","第8卷 第25期","17-18","南京"
"上海區：吳以作：[照片]",NA,"中央周刊","1946","第8卷 第29期","19","南京"
"（武漢區）趙毅之：[照片]",NA,"中央周刊","1946","第8卷 第36期","19","南京"
"編者小言：本刊自去年十月還都復刊以來……",NA,"中央周刊","1946","第8卷 第19期","3","南京"
"一週時事：美蘇之間：自巴黎外長會議結束後……",NA,"中央周刊","1946","第8卷 第21期","9","南京"
"（鎭常區主任）竇獬：[照片]",NA,"中央周刊","1946","第8卷 第7期","18","南京"
"（江甯區主任）曹可獄：[照片]",NA,"中央周刊","1946","第8卷 第7期","18","南京"
"（甯七區主任）龔順天：[照片]",NA,"中央周刊","1946","第8卷 第7期","18","南京"
"巴勒斯坦事件背景",NA,"中央周刊","1946","第8卷 第1期","20","南京"
"文化圈內：沙原小簡",NA,"中央周刊","1946","第8卷 第17期","13-14","南京"
"讀報偶拾：“英帝國主義”？",NA,"中央周刊","1946","第8卷 第36期","16","南京"
"本刊十大徵文",NA,"中央周刊","1946","第8卷 第27期","7","南京"
"一週時事述評：國大制憲的面面觀",NA,"中央周刊","1946","第8卷 第50期","13-14","南京"
"一週時事述評：共產黨之新姿態",NA,"中央周刊","1946","第8卷 第50期","14","南京"
"一週時事述評：中國對裁軍的意見與影響",NA,"中央周刊","1946","第8卷 第50期","14，12","南京"
"（南京區）樂友松：[照片]",NA,"中央周刊","1946","第8卷 第36期","19","南京"
"（上海區）王福祥：[照片]",NA,"中央周刊","1946","第8卷 第36期","19","南京"
"（江浙區）葉頌華：[照片]",NA,"中央周刊","1946","第8卷 第36期","19","南京"
"一週時事：纏綿已久的伊朗問題",NA,"中央周刊","1946","第8卷 第20期","13","南京"
"一週時事：國軍收復長春",NA,"中央周刊","1946","第8卷 第20期","13","南京"
"馬歇爾將軍軼事",NA,"中央周刊","1946","第8卷 第1期","5","南京"
"重慶市理髮業商、職業會為爭取社會平等第一次宣言",NA,"中央周刊","1946","第8卷 第23期","11","南京"
"新聞以外：也許是杞憂",NA,"中央周刊","1946","第8卷 第34期","3","南京"
"新聞以外：永遠談判協商",NA,"中央周刊","1946","第8卷 第34期","3","南京"
"（主任）鄭益清：[照片]",NA,"中央周刊","1946","第8卷 第7期","18","南京"
"鎭常區主任：寶青：[照片]",NA,"中央周刊","1946","第8卷 第29期","19","南京"
"（杭紹區主任）__頌華：[照片]",NA,"中央周刊","1946","第8卷 第7期","18","南京"
"新聞以外：名言與現實",NA,"中央周刊","1946","第8卷 第34期","3-4","南京"
"奉南川區主任：應如汀：[照片]",NA,"中央周刊","1946","第8卷 第29期","19","南京"
"副主任：曹振羣：[照片]",NA,"中央周刊","1946","第8卷 第29期","19","南京"
"琴太區主任：董景梅：[照片]",NA,"中央周刊","1946","第8卷 第29期","19","南京"
"（江浙區）湯豪：[照片]",NA,"中央周刊","1946","第8卷 第36期","19","南京"
"（上海區）夏鑄九：[照片]",NA,"中央周刊","1946","第8卷 第36期","19","南京"
"（安徽區）周謙：[照片]",NA,"中央周刊","1946","第8卷 第36期","19","南京"
"天下事：貪污的下落",NA,"中央周刊","1947","第9卷 第50期","14","南京"
"共匪六殺令：共匪山東軍區司令部與僞省政府……",NA,"中央周刊","1947","第9卷 第40期","21","南京"
"九月的漲風：[漫畫]",NA,"中央周刊","1947","第9卷 第40期","22","南京"
"一週時事述評：英蘇諒解前途",NA,"中央周刊","1947","第9卷 第4期","15","南京"
"一週時事述評：接收大連問題的檢討",NA,"中央周刊","1947","第9卷 第4期","15-16","南京"
"一週時事述評：美國國會開會與世界大局",NA,"中央周刊","1947","第9卷 第2期","16","南京"
"一週時事述評：美國對韓國問題的建議",NA,"中央周刊","1947","第9卷 第45期","20","南京"
"天下事：建國特捐不能再緩",NA,"中央周刊","1947","第9卷 第50期","14","南京"
"資料專頁：黃金外幣買賣處罰條例審查通過",NA,"中央周刊","1947","第9卷 第49期","37","南京"
"天下事：靠謊話生活的人",NA,"中央周刊","1947","第9卷 第50期","14","南京"
"一週時事述評：關於和平談判",NA,"中央周刊","1947","第9卷 第4期","16","南京"
"天下事：同日寇一樣犯了估計錯誤的病",NA,"中央周刊","1947","第9卷 第50期","14","南京"
"天下事：敬慰建國中的鬥士",NA,"中央周刊","1947","第9卷 第50期","14","南京"
"天下事：財富與良心",NA,"中央周刊","1947","第9卷 第50期","14","南京"
"從政協商會議到國民大會",NA,"中央周刊","1947","第9卷 第1期","22-24","南京"
"資料專頁：美英之反響",NA,"中央周刊","1947","第9卷 第49期","37","南京"
"天下事：三一減租",NA,"中央周刊","1947","第9卷 第50期","14","南京"
"越南沒有和平",NA,"中央周刊","1947","第9卷 第33期","23-25","南京"
"一週時事述評：民主憲法公佈以後",NA,"中央周刊","1947","第9卷 第2期","16-17","南京"
"一週時事述評：政府改組問題",NA,"中央周刊","1947","第9卷 第2期","17","南京"
"本社外勤業務員一覽表",NA,"中央周刊","1947","第9卷 第42-43期","25","南京"
"一週時事述評：共軍補給生命線割斷",NA,"中央周刊","1947","第9卷 第42-43期","32","南京"
"讀者之友社叢書劉士篤著新中國憲法論",NA,"中央周刊","1947","第9卷 第23期","26","南京"
"一週時事述評：學潮之真相、參政會大會召開、國際大勢縱覽",NA,"中央周刊","1947","第9卷 第23期","12-13","南京"
"天下事：闗於美援",NA,"中央周刊","1947","第9卷 第49期","15","南京"
"一週時事述評：（一）共黨陰谋的總暴露",NA,"中央周刊","1947","第9卷 第20期","25-26","南京"
"一週時事述評：（二）台灣省府之改組",NA,"中央周刊","1947","第9卷 第20期","26","南京"
"一週時事述評：（三）外長會議為何失敗",NA,"中央周刊","1947","第9卷 第20期","26","南京"
"首都文化界五四座談會",NA,"中央周刊","1947","第9卷 第20期","27，20","南京"
"一週時事述評：剿匪軍事大捷",NA,"中央周刊","1947","第9卷 第21-22期","33-34","南京"
"一週時事述評：美對我貸款問題新開展",NA,"中央周刊","1947","第9卷 第21-22期","34","南京"
"一週時事述評：當前中國經濟財政政策之說明",NA,"中央周刊","1947","第9卷 第21-22期","34","南京"
"一週時事述評：加廢止對華移民化",NA,"中央周刊","1947","第9卷 第21-22期","34","南京"
"讀者之友社新書：劉士篤著新中國憲法論……",NA,"中央周刊","1947","第9卷 第4期","27","南京"
"一週時事述評：美國今後一年的大計",NA,"中央周刊","1947","第9卷 第4期","15","南京"
"一週時事述評：（一）全國總動員命令頒佈",NA,"中央周刊","1947","第9卷 第30期","16-17","南京"
"負責平準世界匯率的比人戈特",NA,"中央周刊","1947","第9卷 第4期","14","南京"
"一週時事述評：改組政府工作進行中",NA,"中央周刊","1947","第9卷 第4期","15","南京"
"一週時事述評：共黨竟拒絕和談",NA,"中央周刊","1947","第9卷 第5-6期","19-20","南京"
"一週時事述評：東北國軍空前大捷",NA,"中央周刊","1947","第9卷 第11期","27","南京"
"新聞快徵：馮玉祥正以瞞天昧地的言論……",NA,"中央周刊","1947","第9卷 第52期","7","南京"
"讀者之友社新書：陝北歸來答客問（張文伯著）",NA,"中央周刊","1947","第9卷 第11期","12","南京"
"編者的話：在上一期，我們曾預告讀者本刊將自九卷一期……",NA,"中央周刊","1947","第9卷 第1期","27","南京"
"本刊第四届暑期寫作獎金徵文辦法",NA,"中央周刊","1945","第7卷 第19-20期","21","重庆"
"編者小言：本刊爲中央所主辦……",NA,"中央周刊","1945","第7卷 第40期","22","重庆"
"珍貴的友情",NA,"中央周刊","1945","第7卷 第18期","15","重庆"
"編者小言：本期題材，有兩個重心……",NA,"中央周刊","1945","第7卷 第13-14期","21","重庆"
"中央周刊讀者之友社函購辦法",NA,"中央周刊","1945","第7卷 第13-14期","21","重庆"
"軍委會政治部來函：頃准貴社三月七日函……",NA,"中央周刊","1945","第7卷 第13-14期","23","重庆"
"編者小言：本黨六全代會使命重大……",NA,"中央周刊","1945","第7卷 第15-16期","6-7","重庆"
"新聞抉微：香港政府迫令我居民……",NA,"中央周刊","1947","第9卷 第51期","19","南京"
"一週時事述評：中國必需為對德和會决定之一員",NA,"中央周刊","1947","第9卷 第17期","19","南京"
"一週時事述評：這一聲明的態度，是值得重視的……",NA,"中央周刊","1947","第9卷 第17期","19","南京"
"一週時事述評：關於大連問題",NA,"中央周刊","1947","第9卷 第17期","19-20","南京"
"一週時事述評：三中全會重大决定",NA,"中央周刊","1947","第9卷 第14-15期","27-28","南京"
"一週時事述評：德國問題在其斯科會議中",NA,"中央周刊","1947","第9卷 第14-15期","28，34","南京"
"一週時事述評：為什廢民主邊疆建設在希土",NA,"中央周刊","1947","第9卷 第14-15期","34","南京"
"選政花絮：朋友信開玩笑說：反對學成本會計的人參加競選……",NA,"中央周刊","1947","第9卷 第41期","19","南京"
"—週時事述評：當前外交局勢檢討",NA,"中央周刊","1947","第9卷 第41期","22-23","南京"
"—週時事述評：剿匪軍事的進展（附圖）",NA,"中央周刊","1947","第9卷 第41期","23-24","南京"
"—週時事述評：關於對日和約的見解",NA,"中央周刊","1947","第9卷 第41期","24","南京"
"—週時事述評：公教人員待遇要調整",NA,"中央周刊","1947","第9卷 第41期","24","南京"
"友聲：青年之路",NA,"中央周刊","1947","第9卷 第49期","4","南京"
"一週時事述評：三中全會開幕",NA,"中央周刊","1947","第9卷 第13期","18","南京"
"一週時事述評：台灣事件平息",NA,"中央周刊","1947","第9卷 第13期","18","南京"
"資料專頁：聯大政委會工作結束獲致重要决議共九項",NA,"中央周刊","1947","第9卷 第49期","36-37","南京"
"資料專頁：巴勒斯坦分治美蘇全部協議",NA,"中央周刊","1947","第9卷 第49期","37","南京"
"一週時事述評：（一）蒲立特訪華觀感發表",NA,"中央周刊","1947","第9卷 第44期","23","南京"
"一週時事述評：（二）共匪攻勢及其前途",NA,"中央周刊","1947","第9卷 第44期","23","南京"
"一週時事述評：刨毁天祐垸問題",NA,"中央周刊","1947","第9卷 第37期","18-19","南京"
"南京市競選序幕",NA,"中央周刊","1947","第9卷 第38期","18","南京"
"一週時事述評：遠東基本教育會議開幕",NA,"中央周刊","1947","第9卷 第38期","22","南京"
"一週時事述評：中國當前問題正解",NA,"中央周刊","1947","第9卷 第38期","22-23","南京"
"一週時事述評：泛美聯防成功",NA,"中央周刊","1947","第9卷 第38期","23","南京"
"一週時事述評：（三）共產國際再度顯現",NA,"中央周刊","1947","第9卷 第44期","23-24","南京"
"一週時事述評：（四）國際間幾件大事",NA,"中央周刊","1947","第9卷 第44期","24","南京"
"一週時事述評：魏德邁特使離華",NA,"中央周刊","1947","第9卷 第37期","18","南京"
"一週時事述評：魏使報告不發表",NA,"中央周刊","1947","第9卷 第45期","20-21","南京"
"一週時事述評：國際近情：巴爾幹爭端之解决",NA,"中央周刊","1947","第9卷 第45期","21","南京"
"匪情透視：共匪各級幹部黨員意志根本動搖：共匪自己檢查之結果",NA,"中央周刊","1947","第9卷 第42-43期","32-33","南京"
"匪情透視：貪汚舞弊姦淫擄掠，“共匪沒有一個好人”",NA,"中央周刊","1947","第9卷 第42-43期","33-34","南京"
"匪情透視：外記者之報導：所謂“解放區”眞相",NA,"中央周刊","1947","第9卷 第42-43期","34","南京"
"一週時事述評：共黨聯絡人員撤退",NA,"中央周刊","1947","第9卷 第11期","25","南京"
"一週時事述評：行政院人事之更迭",NA,"中央周刊","1947","第9卷 第11期","25-26","南京"
"一週時事述評：金潮结果宣佈",NA,"中央周刊","1947","第9卷 第11期","26-27","南京"
"一週時事述評：黨團聯席會議的成就",NA,"中央周刊","1947","第9卷 第39期","25-27","南京"
"一週時事述評：二屆聯合國大會將開幕",NA,"中央周刊","1947","第9卷 第39期","27","南京"
"一週時事述評：列强角逐下的中東",NA,"中央周刊","1947","第9卷 第39期","27","南京"
"都城的畫面：街頭已見凍屍骨，亦有閒情選市花",NA,"中央周刊","1947","第9卷 第49期","11","南京"
"都城的畫面：戡亂遊行浩浩蕩蕩，投票演習眞假難分",NA,"中央周刊","1947","第9卷 第49期","11","南京"
"都城的畫面：新疆·歌舞團·兩個伊敏",NA,"中央周刊","1947","第9卷 第49期","11","南京"
"中央周刋社訂刋助學辦法",NA,"中央周刊","1947","第9卷 第7期","27","南京"
"新聞背後的新聞：中共中央近對宜傳工作指示如下……",NA,"中央周刊","1947","第9卷 第7期","10","南京"
"一週時事述評：軍調部美方人員撤退",NA,"中央周刊","1947","第9卷 第7期","13","南京"
"一週時事述評：政府改組進行中",NA,"中央周刊","1947","第9卷 第7期","13-14","南京"
"匪情透視：學校將開學醞釀陰謀",NA,"中央周刊","1947","第9卷 第40期","21","南京"
"一週時事述評：今日生產事業的難關",NA,"中央周刊","1947","第9卷 第1期","17","南京"
"一週時事述評：共黨叛亂行為的迎頭一擊",NA,"中央周刊","1947","第9卷 第7期","13","南京"
"匪情透視：震懾政府總動員令，共匪再作地下埋伏",NA,"中央周刊","1947","第9卷 第38期","21","南京"
"天下事：戡亂與行憲可並行乎？",NA,"中央周刊","1947","第9卷 第49期","15","南京"
"天下事：地方官的“權”與“責”",NA,"中央周刊","1947","第9卷 第49期","15-16","南京"
"天下事：選舉的話",NA,"中央周刊","1947","第9卷 第49期","16","南京"
"都城的畫面，機關風景線：內政部官舍冷如古宅，行政院傅達娓娓清談",NA,"中央周刊","1947","第9卷 第51期","18","南京"
"都城的畫面，機關風景線：戲院顧客少，豬肉議價多",NA,"中央周刊","1947","第9卷 第51期","18","南京"
"陳顧遠先生著作年表",NA,"中央周刊","1947","第9卷 第35-36期","32","南京"
"陳顧遠教授執二十五年紀念緣啓",NA,"中央周刊","1947","第9卷 第35-36期","33","南京"
"張澤仁談戶籍行政，人口普查不容再緩",NA,"中央周刊","1947","第9卷 第51期","19","南京"
"本刊專訪：探照燈下的共匪：共匪暴行新花樣：一串血淚織成的故事，女學生換軍火",NA,"中央周刊","1947","第9卷 第52期","14","南京"
"本刊專訪：共匪暴行新花樣：結婚燈籠",NA,"中央周刊","1947","第9卷 第52期","14-15","南京"
"本刊專訪：幾個軍民剿匪的鏡頭：李大個子的故事",NA,"中央周刊","1947","第9卷 第52期","18","南京"
"一週時事述評：（一）外滙結滙政策的改進",NA,"中央周刊","1947","第9卷 第35-36期","21-22","南京"
"一週時事述評：（二）本黨同志參加競選辦法公佈",NA,"中央周刊","1947","第9卷 第35-36期","22，34","南京"
"一週時事述評：（三）魯境共匪卽將全殲",NA,"中央周刊","1947","第9卷 第35-36期","34","南京"
"一週時事述評：對日貿易最近之發展",NA,"中央周刊","1947","第9卷 第37期","19","南京"
"一週時事述評：（二）剿匪軍事縱横談",NA,"中央周刊","1947","第9卷 第30期","17","南京"
"新聞抉微：羅志希大使使印最得意之一事……",NA,"中央周刊","1947","第9卷 第50期","19","南京"
"天下事：應向米蛀蟲開刀",NA,"中央周刊","1947","第9卷 第52期","13","南京"
"天下事：警告賣野人頭的馮玉祥",NA,"中央周刊","1947","第9卷 第52期","13","南京"
"匪情透視：共匪慘毒的“擦黑點”運動眞象",NA,"中央周刊","1947","第9卷 第45期","8-10","南京"
"天下事：都市建設",NA,"中央周刊","1947","第9卷 第49期","16","南京"
"一週時事述評：聯合國大會的成就",NA,"中央周刊","1947","第9卷 第1期","18","南京"
"一週時事述評：四國外長會議的成就",NA,"中央周刊","1947","第9卷 第1期","18","南京"
"一週時事述評：馬歇爾特使返國",NA,"中央周刊","1947","第9卷 第3期","16-17","南京"
"一週時事述評：馬歇爾任國務卿後",NA,"中央周刊","1947","第9卷 第5-6期","20-21","南京"
"匪情透視：“織布換米”“野菜充飢”：匪區災禍頻仍",NA,"中央周刊","1947","第9卷 第40期","20","南京"
"天下事：要公！要平！要生！要活！",NA,"中央周刊","1947","第9卷 第52期","13","南京"
"天下事：共匪軍情實話",NA,"中央周刊","1947","第9卷 第49期","15","南京"
"天下事：中國政府眞是無能嗎？",NA,"中央周刊","1947","第9卷 第49期","16","南京"
"天下事：共匪暴行的心理因素",NA,"中央周刊","1947","第9卷 第50期","14","南京"
"本刊專訪：共匪暴行新花樣：“澈底清算，澈底翻身，有寃報寃，有仇報仇！”",NA,"中央周刊","1947","第9卷 第52期","15","南京"
"本刊專訪：共匪暴行新花樣：仇恨的製造者（附照片）",NA,"中央周刊","1947","第9卷 第52期","15-16","南京"
"本刊專訪：共匪暴行新花樣：摔八層桌予",NA,"中央周刊","1947","第9卷 第52期","16","南京"
"本刊專訪：共匪暴行新花樣：放風箏",NA,"中央周刊","1947","第9卷 第52期","16","南京"
"本刊專訪：幾個軍民剿匪的鏡頭：它們代表着多少可歌可泣的英勇事蹟：困守危城五十五天榆林的一次被圍與解圍",NA,"中央周刊","1947","第9卷 第52期","16-17","南京"
"本刊專訪：幾個軍民剿匪的鏡頭：四百里以內無援軍，魯祟羲困守臨汾六個月，把陳賡趕下了豫西",NA,"中央周刊","1947","第9卷 第52期","17","南京"
"本刊專訪：幾個軍民剿匪的鏡頭：“蠻子”陳鉄漢",NA,"中央周刊","1947","第9卷 第52期","17","南京"
"本刊專訪：幾個軍民剿匪的鏡頭：華南匪情",NA,"中央周刊","1947","第9卷 第52期","17-18","南京"
"本刊專訪：幾個軍民剿匪的鏡頭：長距離的追擊下，劉伯誠最怕碰上“牛皮軍”",NA,"中央周刊","1947","第9卷 第52期","18","南京"
"天下事：民主的體認",NA,"中央周刊","1947","第9卷 第50期","14","南京"
"一週時事述評：莫斯科會議前的準備工作",NA,"中央周刊","1947","第9卷 第7期","14","南京"
"匪情透視：勾結外援狼狽為奸，又發現新證據",NA,"中央周刊","1947","第9卷 第41期","23-24","南京"
"都城的画面，藝林雜俎：米芾字軸標售三億元，蕭龍士殘荷神似齊璜",NA,"中央周刊","1947","第9卷 第52期","5","南京"
"都城的畫面，藝林雜俎：大鈔發行議論紛紛",NA,"中央周刊","1947","第9卷 第52期","5","南京"
"一週時事述評：援助希土與世和平",NA,"中央周刊","1947","第9卷 第13期","16-18","南京"
"一週時事述評：外長會議第一週之檢討",NA,"中央周刊","1947","第9卷 第13期","18","南京"
"一週時事述評：國際近情：法閣全體辭職",NA,"中央周刊","1947","第9卷 第45期","21","南京"
"一週時事述評：國際近情：日本野心之窺破",NA,"中央周刊","1947","第9卷 第45期","21","南京"
"新聞抉微：天驕的享受",NA,"中央周刊","1947","第9卷 第49期","33-34","南京"
"資料專頁：我照會美英蘇三國建議召開對日和約預備會議",NA,"中央周刊","1947","第9卷 第49期","36","南京"
"資料專頁：全國人口最近調查總數四億六千餘萬",NA,"中央周刊","1947","第9卷 第49期","36","南京"
"資料專頁：粉碎六次攻勢東北斃匪十萬",NA,"中央周刊","1947","第9卷 第49期","36","南京"
"資料專頁：籌備國大設委員會國府公佈組織規程",NA,"中央周刊","1947","第9卷 第49期","36","南京"
"資料專頁：省縣參議員提名候選辦法",NA,"中央周刊","1947","第9卷 第49期","36","南京"
"本刊第六屆暑期靑年寫作獎金徵文揭曉",NA,"中央周刊","1947","第9卷 第42-43期","18","南京"
"一週時事述評：對韓國問題的討論",NA,"中央周刊","1947","第9卷 第38期","23","南京"
"新聞抉微：交通事業爲何一加再加",NA,"中央周刊","1947","第9卷 第49期","34-35","南京"
"新聞抉微：“于案”的蛛絲馬跡",NA,"中央周刊","1947","第9卷 第49期","35","南京"
"匪情透視：企圖策動武裝暴動建立傀儡僞政權，共匪在華南的新陰謀",NA,"中央周刊","1947","第9卷 第41期","22","南京"
"一週時事述評：蔣主席昭示去年的成就",NA,"中央周刊","1947","第9卷 第4期","16","南京"
"一週時事述評：經委會的兩大决定",NA,"中央周刊","1947","第9卷 第34期","22","南京"
"一週時事述評：聯總决定停運華北物資",NA,"中央周刊","1947","第9卷 第34期","22","南京"
"一週時事述評：共匪破壞鐵道情形",NA,"中央周刊","1947","第9卷 第34期","22，25","南京"
"一週時事述評：省政改革的成功",NA,"中央周刊","1947","第9卷 第34期","25","南京"
"一週時事述評：關於選舉事務之積極準備",NA,"中央周刊","1947","第9卷 第34期","25","南京"
"一週時事述評：國大工作圓滿達成",NA,"中央周刊","1947","第9卷 第1期","17","南京"
"匪情透視：兵源枯竭粮荒嚴重，民怨沸腾渴望解救",NA,"中央周刊","1947","第9卷 第38期","20-21","南京"
"天下事：金融上酌流言",NA,"中央周刊","1947","第9卷 第49期","15","南京"
"都城的畫面：從普陀路到鳳頤村",NA,"中央周刊","1947","第9卷 第50期","18","南京"
"聯合國憲章全文（下）",NA,"中央周刊","1945","第7卷 第32-33期","17-23","重庆"
"舊金山會議實錄（四）",NA,"中央周刊","1945","第7卷 第28期","11-15","重庆"
"本刋發起訂刋勞軍運動",NA,"中央周刊","1945","第7卷 第2期","15","重庆"
"編者小言：本期取材以經濟生産爲中心……",NA,"中央周刊","1945","第7卷 第2期","11","重庆"
"本社發起訂刋勞軍公告（一）：周懋__，一五○，一八，○○○……",NA,"中央周刊","1945","第7卷 第4-5期","23","重庆"
"編者小言：這兩期我們出了個合刊……",NA,"中央周刊","1945","第7卷 第4-5期","23","重庆"
"戰時運輸管理問題的商榷",NA,"中央周刊","1945","第7卷 第4-5期","10-12","重庆"
"廢除陰歷與改編歷本",NA,"中央周刊","1945","第7卷 第4-5期","15-17","重庆"
"徵求對於六全大會的意見",NA,"中央周刊","1945","第7卷 第6-7期","2","重庆"
"天下事：經濟上需要新措施",NA,"中央周刊","1947","第9卷 第51期","12","南京"
"天下事：共匪不能再跑了",NA,"中央周刊","1947","第9卷 第51期","12","南京"
"天下事：貪污心理的杜漸防微",NA,"中央周刊","1947","第9卷 第51期","12","南京"
"天下事：買路錢觀念的展延",NA,"中央周刊","1947","第9卷 第51期","12","南京"
"一週時事述評：糧食會議的結果",NA,"中央周刊","1947","第9卷 第34期","21-22","南京"
"資料專頁：關於籌開對日和會蘇聯答復我國照會",NA,"中央周刊","1947","第9卷 第49期","37","南京"
"停戰與和談：一月停戰協定，六月停戰，十一月停戰令",NA,"中央周刊","1947","第9卷 第2期","19-21，15","南京"
"天下事：敬慰豫西團隊",NA,"中央周刊","1947","第9卷 第51期","12","南京"
"本刊專訪：共匪暴行新花樣：“流血鬥爭”",NA,"中央周刊","1947","第9卷 第52期","15","南京"
"本刊專訪：共匪暴行新花樣：“俘虜衝鋒”",NA,"中央周刊","1947","第9卷 第52期","15","南京"
"一週時事述評：延安的全面叛亂陰謀",NA,"中央周刊","1947","第9卷 第1期","17-18","南京"
"天下事：上海與節約",NA,"中央周刊","1947","第9卷 第49期","16","南京"
"一週時事述評：民盟份子參加叛亂",NA,"中央周刊","1947","第9卷 第42-43期","32-33","南京"
"一週時事述評：國際上幾件事",NA,"中央周刊","1947","第9卷 第42-43期","33-34","南京"
"匪情透視：所謂“土革學習”反映匪軍內部矛盾",NA,"中央周刊","1947","第9卷 第40期","20-21","南京"
"天下事：冬賑不容再緩",NA,"中央周刊","1947","第9卷 第49期","16","南京"
"都城的畫面：大選雜綴",NA,"中央周刊","1947","第9卷 第50期","18","南京"
"一週時事述評：黃河堵口將功敗垂成",NA,"中央周刊","1947","第9卷 第5-6期","20","南京"
"天下事：圖窮七首見了",NA,"中央周刊","1948","第10卷 第2期","13","南京"
"新聞抉微：毫無苗頭的“民盟”",NA,"中央周刊","1948","第10卷 第15期","10","南京"
"天下事：對戰局的看法",NA,"中央周刊","1948","第10卷 第14期","12","南京"
"友聲：學費以米計算，一學生呼籲助學",NA,"中央周刊","1948","第10卷 第33期","14","南京"
"潘朝英先生答記者問：一、柏林危機會引起世界大戰嗎？……",NA,"中央周刊","1948","第10卷 第42期","5-6","南京"
"都城的畫面：雙十來臨，總統府因喜氣一團……",NA,"中央周刊","1948","第10卷 第42期","7","南京"
"新聞抉微：香港非安樂窠，法幣持有者遭厄運",NA,"中央周刊","1948","第10卷 第36期","8","南京"
"新聞抉微：某外交家頃自海外歸……",NA,"中央周刊","1948","第10卷 第2期","14","南京"
"都城的画面：國民大會中風波疊起……",NA,"中央周刊","1948","第10卷 第16期","21","南京"
"新聞抉微：東北匪軍的新花樣",NA,"中央周刊","1948","第10卷 第15期","10","南京"
"新聞抉微：陳公洽在浙的鐵腕政治",NA,"中央周刊","1948","第10卷 第42期","5-6","南京"
"都城的画面：從數字堆里來看首都的社會問題……",NA,"中央周刊","1948","第10卷 第6期","16","南京"
"天下事：受護民主的幼芽",NA,"中央周刊","1948","第10卷 第12期","1","南京"
"都城的画面：國大閉幕後，餘波蕩漾……",NA,"中央周刊","1948","第10卷 第20期","8","南京"
"新聞抉微：關於蘇聯勞動問題美雜誌請共黨回答",NA,"中央周刊","1948","第10卷 第23期","4","南京"
"友聲：郵局的郵務長，待遇不應特殊",NA,"中央周刊","1948","第10卷 第12期","20","南京"
"都城的画面：副總統競選進入白熱化階段……",NA,"中央周刊","1948","第10卷 第15期","8","南京"
"新聞抉微：楊幼烱教授評幣制改革",NA,"中央周刊","1948","第10卷 第36期","8","南京"
"一讀者來函：論治經濟猶如治水",NA,"中央周刊","1948","第10卷 第45期","5","南京"
"天下事：認清中國問題麼",NA,"中央周刊","1948","第10卷 第2期","13","南京"
"天下事：問貪污案下塲",NA,"中央周刊","1948","第10卷 第2期","13","南京"
"新聞抉微：共匪害怕傅作義",NA,"中央周刊","1948","第10卷 第15期","10","南京"
"新聞抉微：内地職業學生，企圖潛入台大",NA,"中央周刊","1948","第10卷 第36期","8","南京"
"共產主義征服世界的計劃",NA,"中央周刊","1948","第10卷 第6期","10-12","南京"
"本刋专訪：小學教師的心聲",NA,"中央周刊","1948","第10卷 第6期","13-16","南京"
"新聞抉微：共匪的又一花樣：“慶功大會”",NA,"中央周刊","1948","第10卷 第41期","7","南京"
"天下事：匪我軍事形勢對比",NA,"中央周刊","1948","第10卷 第2期","13","南京"
"天下事：釋自立自强",NA,"中央周刊","1948","第10卷 第6期","9","南京"
"都城的画面：春雷的怒吼帶來了春雨的連綿……",NA,"中央周刊","1948","第10卷 第12期","15","南京"
"罪大惡極韓籍戰犯，今仍從事政治活動",NA,"中央周刊","1948","第10卷 第33期","4","南京"
"新聞抉微：立委選舉側聞",NA,"中央周刊","1948","第10卷 第6期","18","南京"
"敎育問題座談會（紀錄三）：職業學生技術極佳，背後有人發縱指使",NA,"中央周刊","1948","第10卷 第31-32期","9","南京"
"都城的画面：新年雜綴",NA,"中央周刊","1948","第10卷 第2期","10","南京"
"天下事：共匪在軍事方面的宣傳與實際",NA,"中央周刊","1948","第10卷 第3期","14","南京"
"天下事：厲行戰時金融管制",NA,"中央周刊","1948","第10卷 第3期","14","南京"
"天下事：十全主義是官僚主義",NA,"中央周刊","1948","第10卷 第3期","14","南京"
"友聲：為生活而呼籲",NA,"中央周刊","1948","第10卷 第1期","5","南京"
"新聞抉微：外輪取巧航行我國港口",NA,"中央周刊","1948","第10卷 第33期","7","南京"
"新聞抉微：湘參議會抨擊長沙央行",NA,"中央周刊","1948","第10卷 第33期","7","南京"
"新聞抉微：東北匪軍逃亡忙",NA,"中央周刊","1948","第10卷 第35期","15","南京"
"都城的画面：國大前夕雜拾：國大代表報到聲中……",NA,"中央周刊","1948","第10卷 第13期","12","南京"
"新聞抉微：一篇詼諧的事故",NA,"中央周刊","1948","第10卷 第13期","3","南京"
"新聞抉微：胡適研究怕老婆",NA,"中央周刊","1948","第10卷 第4期","6","南京"
"新聞抉微：綏遠來鴻：包頭撤退前夕的故事",NA,"中央周刊","1948","第10卷 第46期","3-4","南京"
"新聞抉微：路途社捕風提影",NA,"中央周刊","1948","第10卷 第30期","11","南京"
"新聞抉微：官箴予是民社黨",NA,"中央周刊","1948","第10卷 第4期","6","南京"
"新聞抉微：張發奎不會去港",NA,"中央周刊","1948","第10卷 第4期","6","南京"
"天下事：向林局長看齊",NA,"中央周刊","1948","第10卷 第5期","14","南京"
"天下事：取締軍閥資本",NA,"中央周刊","1948","第10卷 第5期","14","南京"
"天下事：囘想廣東時代",NA,"中央周刊","1948","第10卷 第5期","14","南京"
"新聞抉微：交通事業的窘狀",NA,"中央周刊","1948","第10卷 第30期","13","南京"
"新聞抉微：立法院汽車分配不均",NA,"中央周刊","1948","第10卷 第30期","14","南京"
"新聞抉微：兩位體力特殊的人",NA,"中央周刊","1948","第10卷 第30期","14","南京"
"友聲：小百姓希望借人頭平物價",NA,"中央周刊","1948","第10卷 第30期","1","南京"
"新聞抉微：匪首之鬼崇行徑",NA,"中央周刊","1948","第10卷 第30期","14","南京"
"新聞抉微：胡適之被祟成紙人",NA,"中央周刊","1948","第10卷 第30期","14","南京"
"新聞抉微：司徒大使一番心力付東流",NA,"中央周刊","1948","第10卷 第30期","14","南京"
"新聞抉微：日人重視蘚聯利用溥儀說",NA,"中央周刊","1948","第10卷 第30期","14","南京"
"都城的画面：連日天氣陰霾不開……",NA,"中央周刊","1948","第10卷 第30期","14","南京"
"新聞抉微：朱學範的醜態",NA,"中央周刊","1948","第10卷 第12期","15","南京"
"關於周鯁生胡適之的論戰：蘇京廣播駁斥胡適曾琦言論",NA,"中央周刊","1948","第10卷 第9期","17","南京"
"天下事：由合衆社的電報說起",NA,"中央周刊","1948","第10卷 第9期","8","南京"
"新聞抉微：中國人對於馮玉祥……",NA,"中央周刊","1948","第10卷 第3期","7","南京"
"都城的面面：七月底各校開始招生……",NA,"中央周刊","1948","第10卷 第31-32期","13","南京"
"新聞抉微：民社黨粤省黨部希望召開三黨合作會議",NA,"中央周刊","1948","第10卷 第31-32期","2","南京"
"新聞抉微：空軍小統計",NA,"中央周刊","1948","第10卷 第31-32期","15","南京"
"本判特向讀者道歉",NA,"中央周刊","1948","第10卷 第31-32期","16","南京"
"新聞抉微：盟總拒找商輪航行日本内河",NA,"中央周刊","1948","第10卷 第31-32期","2","南京"
"新聞抉微：周恩來廣播求情，張主任治中已予駁斥",NA,"中央周刊","1948","第10卷 第31-32期","2","南京"
"新聞抉微：“西藏乃一獨立國家”？",NA,"中央周刊","1948","第10卷 第31-32期","2","南京"
"友聲：全國上下齊力剿匪維護中國統一完整",NA,"中央周刊","1948","第10卷 第21期","17","南京"
"新聞抉微：蘇聯黑海艦隊攻勢準備完成",NA,"中央周刊","1948","第10卷 第21期","2","南京"
"本刊專訪：新年展望世局",NA,"中央周刊","1948","第10卷 第3期","9-11","南京"
"新聞抉微：湖南日報抨擊省參議員",NA,"中央周刊","1948","第10卷 第31-32期","2","南京"
"新聞抉微：請看匪在許昌",NA,"中央周刊","1948","第10卷 第11期","15","南京"
"編者小啓：（一）本刊第十卷第九期第九面“天下事”專頁“由合衆社的電報說起”一節中……",NA,"中央周刊","1948","第10卷 第11期","15","南京"
"友聲：抗議九龍事件，幾點參考意見",NA,"中央周刊","1948","第10卷 第4期","1","南京"
"天風海濤樓劄記：慓悍之武士：[照片]",NA,"中央周刊","1948","第10卷 第19期","14","南京"
"都城的畫面：春節以來，物價漲潮……",NA,"中央周刊","1948","第10卷 第10期","10","南京"
"新聞抉微：一段外交故事：一九四五年波茨坦會議後在柏林舉行會議開始商討釐訂德國鍊鋼工業生產水準時……",NA,"中央周刊","1948","第10卷 第10期","12","南京"
"大學生的心聲：對當前政治與建國工作的看法",NA,"中央周刊","1948","第10卷 第10期","13-14","南京"
"新聞抉微：程潛二次揮淚",NA,"中央周刊","1948","第10卷 第12期","15","南京"
"天風海濤樓劄記：高鬟之夷婦：[照片]",NA,"中央周刊","1948","第10卷 第19期","14","南京"
"天風海濤樓劄記：夷女含笑：[照片]",NA,"中央周刊","1948","第10卷 第19期","15","南京"
"新聞抉微：台金條案審訊内幕",NA,"中央周刊","1948","第10卷 第19期","5","南京"
"新聞抉微：匪圖誘騙技術人材",NA,"中央周刊","1948","第10卷 第19期","5","南京"
"新聞抉微：匪政工人員新花樣",NA,"中央周刊","1948","第10卷 第19期","5","南京"
"新聞抉微：殊堪注意的白俄行動",NA,"中央周刊","1948","第10卷 第20期","15","南京"
"都城的画面：都市計劃展覽會開幕……",NA,"中央周刊","1948","第10卷 第3期","17","南京"
"新聞抉微：癡人說夢的和謠",NA,"中央周刊","1948","第10卷 第28期","3","南京"
"新聞抉微：戡亂委員會難產",NA,"中央周刊","1948","第10卷 第28期","3","南京"
"新聞抉微：張肇元大傷腦筋",NA,"中央周刊","1948","第10卷 第28期","3","南京"
"新聞抉微：沾太太的光",NA,"中央周刊","1948","第10卷 第28期","4","南京"
"新聞抉微：交大“民主牆”貼有匪徒來函",NA,"中央周刊","1948","第10卷 第29期","10","南京"
"友聲：流亡同學的控訴",NA,"中央周刊","1948","第10卷 第29期","1","南京"
"新聞抉微：一粒黃豆值三千五百元，長春居民正忍耐待援中",NA,"中央周刊","1948","第10卷 第29期","10","南京"
"新聞抉微：匪方關懷新民報被封",NA,"中央周刊","1948","第10卷 第29期","10","南京"
"新聞抉微：我國通貨膨脹最劇",NA,"中央周刊","1948","第10卷 第33期","7","南京"
"新聞抉微：太原保衞戰中之銀行界",NA,"中央周刊","1948","第10卷 第33期","7","南京"
"新聞抉微：粤民社黨内部發生糾紛",NA,"中央周刊","1948","第10卷 第33期","7","南京"
"新聞快徵：中華全國文協完全變質",NA,"中央周刊","1948","第10卷 第34期","5，14","南京"
"某觀察家痛心話美援",NA,"中央周刊","1948","第10卷 第34期","5","南京"
"本刊專訪；闗於新經濟改革方案之估計",NA,"中央周刊","1948","第10卷 第34期","8-9，14","南京"
"都城的畫面：本來隔五天停一次電的……",NA,"中央周刊","1948","第10卷 第34期","3，14","南京"
"新聞抉微：共匪出賣祖國之一證",NA,"中央周刊","1948","第10卷 第17期","19","南京"
"新聞抉微：史達林背叛了列甯下列十八點",NA,"中央周刊","1948","第10卷 第29期","10","南京"
"新聞抉微：陳儀主浙之原因",NA,"中央周刊","1948","第10卷 第29期","10","南京"
"新聞抉微：陳立夫在美近况",NA,"中央周刊","1948","第10卷 第29期","10","南京"
"西風殘照的共匪軍情",NA,"中央周刊","1948","第10卷 第34期","4","南京"
"新聞快徵：標榜“耕者有其田”，晉綏匪區有田無耕者，壯丁盡農田荒軍糧斷絕，號召救災救死緊急動員",NA,"中央周刊","1948","第10卷 第34期","4","南京"
"新聞快徵：綏陝匪區遍地罌粟，强迫種植保護收割販賣",NA,"中央周刊","1948","第10卷 第34期","4","南京"
"新聞快徵：康兆民與日月爭光",NA,"中央周刊","1948","第10卷 第34期","4-5","南京"
"新聞抉微：共匪密謀五月暴動",NA,"中央周刊","1948","第10卷 第15期","10","南京"
"天下事：文化人不能入魔道",NA,"中央周刊","1948","第10卷 第1期","12","南京"
"新聞抉微：英國人昔非今比",NA,"中央周刊","1948","第10卷 第10期","12","南京"
"新聞抉微：地下餞莊的末日",NA,"中央周刊","1948","第10卷 第29期","14","南京"
"新聞抉微：市長的官邸",NA,"中央周刊","1948","第10卷 第1期","21","南京"
"友聲：擁擠領袖命令，禁止軍人經商",NA,"中央周刊","1948","第10卷 第18期","1","南京"
"都城的画面：副總統競選經過兩度投票……",NA,"中央周刊","1948","第10卷 第18期","8","南京"
"本刊專訪：邊疆代表話邊疆",NA,"中央周刊","1948","第10卷 第18期","9-10","南京"
"新聞抉微：白修德之流的悲哀",NA,"中央周刊","1948","第10卷 第1期","21","南京"
"中華民國三十六年大事年表：正式頒布中華民國憲法……",NA,"中央周刊","1948","第10卷 第1期","25-30","南京"
"友聲：怎樣懲處馮玉祥",NA,"中央周刊","1948","第10卷 第1期","5","南京"
"天下事：響應“晒鬼”運動",NA,"中央周刊","1948","第10卷 第7-8期","12","南京"
"天下事：告自我陶醉的美國朋友",NA,"中央周刊","1948","第10卷 第7-8期","12","南京"
"天下事：改革──痛快的改革",NA,"中央周刊","1948","第10卷 第7-8期","12","南京"
"天下事：剿匪問題是民族生存問題",NA,"中央周刊","1948","第10卷 第7-8期","12","南京"
"都城的画面：春節風光",NA,"中央周刊","1948","第10卷 第7-8期","15","南京"
"新聞抉微：蘇聯也有經濟危機",NA,"中央周刊","1948","第10卷 第6期","18","南京"
"天下事：肅清低氯壓的空氣",NA,"中央周刊","1948","第10卷 第10期","22","南京"
"天下事：掃除奸商富人",NA,"中央周刊","1948","第10卷 第10期","22","南京"
"天下事：事在人爲的廣東省政",NA,"中央周刊","1948","第10卷 第10期","22","南京"
"天下事：舉幾個例子",NA,"中央周刊","1948","第10卷 第10期","22","南京"
"天下事：談九龍問題",NA,"中央周刊","1948","第10卷 第3期","14","南京"
"天下事：打倒吃得開作風",NA,"中央周刊","1948","第10卷 第6期","9","南京"
"天下事：平議九龍問題",NA,"中央周刊","1948","第10卷 第4期","24","南京"
"新聞抉微：美人譏評馬帥",NA,"中央周刊","1948","第10卷 第12期","15","南京"
"天下事：中國的人辦法",NA,"中央周刊","1948","第10卷 第4期","24","南京"
"天下事：好人要競選",NA,"中央周刊","1948","第10卷 第4期","24","南京"
"天下事：工貸政策應如何",NA,"中央周刊","1948","第10卷 第4期","24","南京"
"編者小言：本刊新年號出版了……",NA,"中央周刊","1945","第7卷 第1期","10","重庆"
"戰時社會心理",NA,"中央周刊","1945","第7卷 第17期","8-9","重庆"
"管制日本論叢",NA,"中央周刊","1945","第7卷 第39-40期","21-23","重庆"
"舊金山會議實錄（一）",NA,"中央周刊","1945","第7卷 第26期","11-13","重庆"
"編者小言：這期所載錢、曾、郭三位先生的文章……",NA,"中央周刊","1945","第7卷 第26期","15","重庆"
"編者小言：本期仍是……",NA,"中央周刊","1945","第7卷 第23-24期","9","重庆"
"珍貴的友情：（一）頃准貴社本年四月十日箋函爲發起訂刊勞軍運動……",NA,"中央周刊","1945","第7卷 第25期","15","重庆"
"墨索里尼與其他法西斯黨人爲其國民處死，圖爲墨氏之屍倒懸時所攝：[照片]",NA,"中央周刊","1945","第7卷 第40期","1","重庆"
"在南京日本投降典禮的一幕：[照片]",NA,"中央周刊","1945","第7卷 第40期","1","重庆"
"編者小言：本刊封面的編排，由於插圖式樣不一……",NA,"中央周刊","1945","第7卷 第3期","14","重庆"
"靑年問題座談會",NA,"中央周刊","1945","第7卷 第19-20期","10-14","重庆"
"本刊第四屆暑期寫作獎金徵文辦法",NA,"中央周刊","1945","第7卷 第17期","2","重庆"
"都城的画面：京市立委候選人雙倍提名（十人）……",NA,"中央周刊","1948","第10卷 第4期","4","南京"
"新聞抉微：東北壯丁浩刼",NA,"中央周刊","1948","第10卷 第12期","15","南京"
"本刊專訪：今天老百姓的願望",NA,"中央周刊","1948","第10卷 第35期","6-7","南京"
"新聞抉微：所謂台灣獨立運動內幕",NA,"中央周刊","1948","第10卷 第41期","7","南京"
"都城的画面：這年頭，有很多人活不下去……",NA,"中央周刊","1948","第10卷 第29期","5","南京"
"劉振東談當前經濟問題",NA,"中央周刊","1948","第10卷 第40期","5","南京"
"新聞抉微：亞州共黨之活動",NA,"中央周刊","1948","第10卷 第40期","6","南京"
"對日智囊團領袖談：日本對中國態度之轉變",NA,"中央周刊","1948","第10卷 第41期","6","南京"
"愈磨折愈光芒之金圓券",NA,"中央周刊","1948","第10卷 第37期","4","南京"
"致美國批評家一封公開信（中央周刊社編者）",NA,"中央周刊","1948","第10卷 第37期","5","南京"
"新聞抉微：赤禍在緬甸",NA,"中央周刊","1948","第10卷 第37期","6，12","南京"
"新聞抉微：平市當局决定制止學潮",NA,"中央周刊","1948","第10卷 第16期","19","南京"
"新聞抉微：“實物存款”",NA,"中央周刊","1948","第10卷 第16期","19","南京"
"新聞抉微：史達林會在今冬退休嗎？",NA,"中央周刊","1948","第10卷 第40期","6","南京"
"都城的畫面：京市府爲謀增闢稅源……",NA,"中央周刊","1948","第10卷 第41期","6","南京"
"新聞抉微：暹記者異想天開，三司長竟誤爲三師長",NA,"中央周刊","1948","第10卷 第41期","7","南京"
"新聞抉微：渝中央銀行抛售白報紙",NA,"中央周刊","1948","第10卷 第41期","7","南京"
"天風海濤樓箚記：山頭人：[照片]",NA,"中央周刊","1948","第10卷 第15期","18","南京"
"天風海濤樓箚記：滇西夷人行旅一瞥：[照片]",NA,"中央周刊","1948","第10卷 第15期","19","南京"
"天下事：告競選副總統諸公",NA,"中央周刊","1948","第10卷 第15期","6","南京"
"天下事：失敗主義者可以休矣！",NA,"中央周刊","1948","第10卷 第15期","6","南京"
"天下事：美援與自助",NA,"中央周刊","1948","第10卷 第15期","6","南京"
"新聞抉微：今日澳門",NA,"中央周刊","1948","第10卷 第37期","12","南京"
"都城的画面：自物價凍結後……",NA,"中央周刊","1948","第10卷 第38-39期","7","南京"
"幣制改革面面觀",NA,"中央周刊","1948","第10卷 第38-39期","8-9，12","南京"
"新聞抉微：上海大亭之末日",NA,"中央周刊","1948","第10卷 第38-39期","11","南京"
"新聞抉微：徐百齊之偽裝",NA,"中央周刊","1948","第10卷 第38-39期","11","南京"
"新聞抉微：馮逆玉祥最後遺書：八月十二日由埃及亞力山大港航寄",NA,"中央周刊","1948","第10卷 第38-39期","11-12","南京"
"新聞抉微：請看打虎將的快語！",NA,"中央周刊","1948","第10卷 第38-39期","12","南京"
"新聞抉微：“解放區”的工商業",NA,"中央周刊","1948","第10卷 第16期","19","南京"
"新聞抉微：琉球志士丹心貫日，主张與祖國同生死",NA,"中央周刊","1948","第10卷 第43期","5-6","南京"
"新聞抉微：共匪摧殘工商業",NA,"中央周刊","1948","第10卷 第43期","6","南京"
"請一部份立監委員饒饒國家",NA,"中央周刊","1948","第10卷 第43期","7","南京"
"蘇聯對衛星國的戒懼",NA,"中央周刊","1948","第10卷 第44期","3-4","南京"
"新聞抉微：東北戰局益趨國際化",NA,"中央周刊","1948","第10卷 第44期","4","南京"
"新聞抉微：透視匪“華北人民政府”",NA,"中央周刊","1948","第10卷 第44期","4-6","南京"
"隱名人士談國際風雲",NA,"中央周刊","1948","第10卷 第42期","3","南京"
"新聞抉微：某國大員來南京調查貪污案",NA,"中央周刊","1948","第10卷 第42期","4","南京"
"新聞抉微：徐繼莊貪污案究竟如何",NA,"中央周刊","1948","第10卷 第42期","4-5","南京"
"本刊特稿：國大代表的讜論：憲法不必修改，人民只求生存：方先覺代表：此次國大的召開，在中國歷史上將是最璀燦最值得紀念的一個新頁……",NA,"中央周刊","1948","第10卷 第16期","11-15","南京"
"天下事：檢討國民大會",NA,"中央周刊","1948","第10卷 第17期","12","南京"
"天下事：决策與决心",NA,"中央周刊","1948","第10卷 第17期","12","南京"
"編者信箱：沈文輔先生：請示尊址……",NA,"中央周刊","1948","第10卷 第20期","12","南京"
"友聲：三輪車人力車限價依然紙上文章",NA,"中央周刊","1948","第10卷 第43期","1","南京"
"都城的画面：搶購這風猛襲京華……",NA,"中央周刊","1948","第10卷 第43期","3","南京"
"新聞抉微：共和黨的亞洲政策",NA,"中央周刊","1948","第10卷 第43期","4","南京"
"新聞抉微：美報人論共黨之困難",NA,"中央周刊","1948","第10卷 第43期","5","南京"
"新聞抉微：史達林對中國的態度（摘自賀浦金新祕聞錄）",NA,"中央周刊","1948","第10卷 第44期","3","南京"
"新聞抉微：馮玉祥焚死前後，馮妻李德全的信說",NA,"中央周刊","1948","第10卷 第44期","3-4","南京"
"都城的画面：開學快了，家長與學生們對米價皆表關心……",NA,"中央周刊","1948","第10卷 第35期","14","南京"
"新聞抉微：華東共匪兵源枯",NA,"中央周刊","1948","第10卷 第35期","15","南京"
"美國衆院違反美國利益行動調查委員會報告中的中國部份（節錄）",NA,"中央周刊","1948","第10卷 第35期","5，7","南京"
"都城的画面：蔣主席當選爲中華民國第一任大總統消息傳出……",NA,"中央周刊","1948","第10卷 第17期","3","南京"
"新聞抉微：物價中的悲劇",NA,"中央周刊","1948","第10卷 第12期","15","南京"
"天下事：祝行憲首屆立法院",NA,"中央周刊","1948","第10卷 第20期","19","南京"
"都城的画面：金圓券息消傳來……",NA,"中央周刊","1948","第10卷 第36期","10","南京"
"都城的画面：雪漫都門",NA,"中央周刊","1948","第10卷 第1期","8","南京"
"天下事：談自立自强",NA,"中央周刊","1948","第10卷 第5期","14","南京"
"天下事：幣制為何不改",NA,"中央周刊","1948","第10卷 第12期","1","南京"
"本刊專訪：談幣制改革的意義與成效",NA,"中央周刊","1948","第10卷 第36期","7-8","南京"
"本刊特載：國大代表的讜論：王福階代表呼籲改善鐵路員工生活並重視他們的地位",NA,"中央周刊","1948","第10卷 第14期","15-16","南京"
"友聲：公務員瞻家匯款國家行局應優待",NA,"中央周刊","1948","第10卷 第14期","1","南京"
"新聞抉微：希臘──中國的一面鏡子",NA,"中央周刊","1948","第10卷 第14期","19","南京"
"都城的畫面：行憲國大於三月二十九日隆重揭幕……",NA,"中央周刊","1948","第10卷 第14期","21","南京"
"新聞抉微：司徒保舉陳健夫",NA,"中央周刊","1948","第10卷 第28期","3","南京"
"都城的画面：人們在高物價重壓下帶着沉重的心情度過端節……",NA,"中央周刊","1948","第10卷 第24-25期","10","南京"
"新聞抉微：小妹妹不懂這個",NA,"中央周刊","1948","第10卷 第26期","14","南京"
"新聞抉微：某巨公運用之妙",NA,"中央周刊","1948","第10卷 第26期","14","南京"
"孫副主席談世界風雲",NA,"中央周刊","1948","第10卷 第14期","4","南京"
"新聞抉微：“舊生要走新生無着”匪區學校關門在即",NA,"中央周刊","1948","第10卷 第46期","4","南京"
"友声：中華全國文協函：逕啓者：本會廿七年抗戰時期成立於武漢……",NA,"中央周刊","1948","第10卷 第38-39期","1","南京"
"新聞抉微：張岳軍一項任務",NA,"中央周刊","1948","第10卷 第26期","14","南京"
"新聞抉微：董局長車站惱火",NA,"中央周刊","1948","第10卷 第26期","14","南京"
"新聞抉微：蘇聯近况：凡曾在德國做過戰俘……",NA,"中央周刊","1948","第10卷 第26期","14","南京"
"老言：前綫軍事緊張……",NA,"中央周刊","1948","第10卷 第26期","5","南京"
"都城的画面：中華民國首任總統副總統就任……",NA,"中央周刊","1948","第10卷 第21期","6","南京"
"新聞抉微：希臘的瘟神",NA,"中央周刊","1948","第10卷 第7-8期","7","南京"
"“一九四八年的世界展望”",NA,"中央周刊","1948","第10卷 第7-8期","9，15","南京"
"天下事：平議立法行政之爭",NA,"中央周刊","1948","第10卷 第1期","12","南京"
"天下事：關於朽憲的幾句話",NA,"中央周刊","1948","第10卷 第1期","12","南京"
"天下事：向領袖看齊",NA,"中央周刊","1948","第10卷 第1期","12","南京"
"天下事：不要事事仰給國庫",NA,"中央周刊","1948","第10卷 第1期","12","南京"
"本刊專訪：文化的祛邪與培元",NA,"中央周刊","1948","第10卷 第1期","13-16","南京"
"友聲：讀者來函檢舉繆秋傑貪污劣蹟",NA,"中央周刊","1948","第10卷 第40期","1","南京"
"友聲：一羣士兵提出意見，發餉不可拖延轉折",NA,"中央周刊","1948","第10卷 第36期","1","南京"
"友聲：關於曾國藩",NA,"中央周刊","1948","第10卷 第46期","1","南京"
"天下事：告富人",NA,"中央周刊","1948","第10卷 第14期","12","南京"
"天下事：從設立特種法庭說起",NA,"中央周刊","1948","第10卷 第14期","12","南京"
"本刊专訪：黨細胞的新生",NA,"中央周刊","1948","第10卷 第2期","15-17","南京"
"满族在進步中",NA,"中央周刊","1948","第10卷 第2期","18","南京"
"天下事：辦公事",NA,"中央周刊","1948","第10卷 第12期","1","南京"
"敎育問題座談會（紀錄二）",NA,"中央周刊","1948","第10卷 第30期","6-7","南京"
"敎育問題座談會（紀錄三）：寬大並非壞事，職業學生不是天生的",NA,"中央周刊","1948","第10卷 第31-32期","9","南京"
"敎育問題座談會（紀錄三）：善良學生應起糾正，再不能夠袖手旁觀",NA,"中央周刊","1948","第10卷 第31-32期","9","南京"
"敎育問題座談會（紀錄三）：主人表示謝意和歉忱",NA,"中央周刊","1948","第10卷 第31-32期","9","南京"
"新聞抉微：南韓近貌",NA,"中央周刊","1948","第10卷 第27期","10","南京"
"天下事：共匪的又一政治花樣",NA,"中央周刊","1948","第10卷 第20期","19","南京"
"新聞抉微：毛匪利用北平“七五”事件",NA,"中央周刊","1948","第10卷 第35期","15","南京"
"新聞抉微：港政府將不容馮玉祥在港活動",NA,"中央周刊","1948","第10卷 第35期","15","南京"
"新聞抉微：馮逆玉祥傳將潛往華北",NA,"中央周刊","1948","第10卷 第36期","8","南京"
"天下事：從白部長軍事報告說起",NA,"中央周刊","1948","第10卷 第16期","9","南京"
"天下事：談大學生公費待遇",NA,"中央周刊","1948","第10卷 第16期","9","南京"
"天下事：北平上海兩參議會的快舉",NA,"中央周刊","1948","第10卷 第16期","9","南京"
"天風海濤樓箚記：擺夷少女：[照片]",NA,"中央周刊","1948","第10卷 第15期","18","南京"
"關於周鯁生胡適之的論戰：曾琦同意胡適之看法：列舉事實證明蘇聯威脅和平",NA,"中央周刊","1948","第10卷 第9期","13-14","南京"
"關於周鯁生胡適之的論戰：共產主義的本質原是如此：王聿修論蘇聯爲甚麽是侵略勢力",NA,"中央周刊","1948","第10卷 第9期","14","南京"
"天風海濤樓箚記：頭纏三角之保儸：[照片]",NA,"中央周刊","1948","第10卷 第18期","14","南京"
"天風海濤樓箚記：深目高鼻之酋長：[照片]",NA,"中央周刊","1948","第10卷 第18期","15","南京"
"新聞抉微：張君勱急與不急",NA,"中央周刊","1948","第10卷 第27期","10","南京"
"新聞抉微：俞鴻鈞七百羅漢",NA,"中央周刊","1948","第10卷 第27期","10","南京"
"新聞抉微：土地處長忽受寵榮",NA,"中央周刊","1948","第10卷 第27期","10","南京"
"新聞抉微：幣制改革尚須時日",NA,"中央周刊","1948","第10卷 第27期","10","南京"
"都城的画面：市場物價普遍與官價不相上下……",NA,"中央周刊","1948","第10卷 第37期","8","南京"
"友聲：郵局不負担教育費？",NA,"中央周刊","1948","第10卷 第37期","1","南京"
"天風海濤樓劄記：盛裝之蕃婦（青海）：[照片]",NA,"中央周刊","1948","第10卷 第17期","17","南京"
"天風海濤樓劄記：蒙古少女：[照片]",NA,"中央周刊","1948","第10卷 第17期","17","南京"
"天風海濤樓劄記：取__之蒙古少女：[照片]",NA,"中央周刊","1948","第10卷 第17期","17","南京"
"新聞抉微：司徒大使有去職說",NA,"中央周刊","1948","第10卷 第27期","10","南京"
"新聞抉微：“尚須辦理結束”",NA,"中央周刊","1948","第10卷 第27期","10","南京"
"本刊專訪：國際危機與中國：陳鍾浩先生答記者問",NA,"中央周刊","1948","第10卷 第45期","6-7","南京"
"新聞抉微：鐵蹄之下的旅大近訊：據大連來人稱……",NA,"中央周刊","1948","第10卷 第17期","19","南京"
"新聞抉微：共匪起用僞滿大漢奸",NA,"中央周刊","1948","第10卷 第17期","19","南京"
"天下事：向蔣大總統歡呼",NA,"中央周刊","1948","第10卷 第17期","12","南京"
"天下事：不要專鬧人事糾紛",NA,"中央周刊","1948","第10卷 第17期","12","南京"
"新聞抉微：匪展開新整黨運動",NA,"中央周刊","1948","第10卷 第36期","8","南京"
"天風海濤樓劄記：珠寳滿身之蒙古貴族",NA,"中央周刊","1948","第10卷 第17期","16","南京"
"天風海濤樓劄記：蒙古婦人：[照片]",NA,"中央周刊","1948","第10卷 第17期","17","南京"
"關於周鯁生胡適之的論戰：陳雪屏先生說：我同意胡適的意見",NA,"中央周刊","1948","第10卷 第9期","15-16","南京"
"老言：一葉知秋……",NA,"中央周刊","1948","第10卷 第27期","15","南京"
"外交隱士答客問",NA,"中央周刊","1948","第10卷 第27期","4-6，15","南京"
"都城的畫面：邇來本市發現什麽“白鷹隊”……",NA,"中央周刊","1948","第10卷 第27期","8","南京"
"新聞抉微：“民盟”份子悔不當初",NA,"中央周刊","1948","第10卷 第27期","10","南京"
"都城的畫面：物價宣布解凍……",NA,"中央周刊","1948","第10卷 第45期","7","南京"
"天下事：中央銀行改組",NA,"中央周刊","1948","第10卷 第22期","1","南京"
"新聞抉微：盤據西北共匪“爭取”青年的陰謀",NA,"中央周刊","1948","第10卷 第44期","6","南京"
"都城的画面：京滬路火車又出事……",NA,"中央周刊","1948","第10卷 第44期","4","南京"
"新聞抉微：拉斯基羡慕中國",NA,"中央周刊","1948","第10卷 第10期","12","南京"
"友聲：澳洲小女讀者徵求異國筆友",NA,"中央周刊","1948","第10卷 第23期","1","南京"
"本刊特稿：立委論憲政（三）",NA,"中央周刊","1948","第10卷 第22期","7-8","南京"
"新聞抉微：匪破壞我新幣制，陰謀活動已全面化",NA,"中央周刊","1948","第10卷 第46期","4-5","南京"
"新聞抉微：港反動政客文氓，多人潛赴匪區",NA,"中央周刊","1948","第10卷 第46期","5","南京"
"新聞抉微：蘇軍官參加共匪叛亂",NA,"中央周刊","1948","第10卷 第17期","19","南京"
"新聞抉微：陳毅兵變釀成民變",NA,"中央周刊","1948","第10卷 第35期","15","南京"
"新聞抉微：政治圈的測候器",NA,"中央周刊","1948","第10卷 第13期","3","南京"
"新聞抉微：誰承繼史達林",NA,"中央周刊","1948","第10卷 第13期","3","南京"
"新聞抉微：歡迎“美國之聲”",NA,"中央周刊","1948","第10卷 第13期","3","南京"
"新聞抉微：十一號汽車",NA,"中央周刊","1948","第10卷 第28期","4","南京"
"新聞抉微：國行經理得天獨厚",NA,"中央周刊","1948","第10卷 第28期","4","南京"
"天下事：對國大的觀感",NA,"中央周刊","1948","第10卷 第14期","12","南京"
"本刊專訪：我國各界名流檢討美國對日政策",NA,"中央周刊","1948","第10卷 第23期","5-10","南京"
"都城的画面：臘鼓頻催，歲序云暮……",NA,"中央周刊","1948","第10卷 第5期","8","南京"
"新聞抉微：美赫斯特系駐滬記者，李查斯論東北局勢",NA,"中央周刊","1948","第10卷 第5期","12","南京"
"友聲：上海一市民對三事件的看法",NA,"中央周刊","1948","第10卷 第6期","1","南京"
"新聞抉微：大可注視的日本陰謀",NA,"中央周刊","1948","第10卷 第6期","8","南京"
"天下事：學風應該整頓了",NA,"中央周刊","1948","第10卷 第6期","9","南京"
"天下事：共匪有人才嗎？",NA,"中央周刊","1948","第10卷 第9期","8","南京"
"天下事：有錢人的責任",NA,"中央周刊","1948","第10卷 第9期","8","南京"
"中央周刊定價表",NA,"中央周刊","1945","第7卷 第37-38期","6","重庆"
"舊金山會議實錄（三）",NA,"中央周刊","1945","第7卷 第27期","8-14","重庆"
"編者小言：日本無條件投降……",NA,"中央周刊","1945","第7卷 第32-33期","10","重庆"
"從柏林會議到日本投降（上）（本刊特輯）",NA,"中央周刊","1945","第7卷 第32-33期","11-14","重庆"
"聯合國憲章全文（上）",NA,"中央周刊","1945","第7卷 第30-31期","15-18","重庆"
"舊金山會議實錄（一）（本刋特輯）",NA,"中央周刊","1945","第7卷 第23-24期","18-21","重庆"
"編者小言：近數月來，本刊由於印刷__件不能__合……",NA,"中央周刊","1945","第7卷 第21-22期","10","重庆"
"舊金山會議實錄（五）（本刊特輯）",NA,"中央周刊","1945","第7卷 第29期","12-15，9","重庆"
"新聞以外：清查誰？",NA,"中央周刊","1946","第8卷 第34期","4","南京"
"一週時事：法國普選中的共產黨",NA,"中央周刊","1946","第8卷 第22期","16","南京"
"（江浙區）壽如汀：[照片]",NA,"中央周刊","1946","第8卷 第36期","19","南京"
"第四屆徵文拔萃之我生平所最值得囘味的事",NA,"中央周刊","1946","第8卷 第1期","24-25","南京"
"（奉南川區主任）應如汀：[照片]",NA,"中央周刊","1946","第8卷 第24期","18","南京"
"（上海區）吳以作：[照片]",NA,"中央周刊","1946","第8卷 第24期","18","南京"
"一週時事：十五天的期待",NA,"中央周刊","1946","第8卷 第22期","15","南京"
"一週時事：國防部的成立",NA,"中央周刊","1946","第8卷 第22期","15","南京"
"（上海區）周夢恩：[照片]",NA,"中央周刊","1946","第8卷 第24期","18","南京"
"新聞工作者的職責（節錄首都記者公會成立宣言）",NA,"中央周刊","1946","第8卷 第29期","4","南京"
"記者信條：一、吾人深信……",NA,"中央周刊","1946","第8卷 第29期","4","南京"
"社論：坐言與起行的配合",NA,"中央周刊","1946","第8卷 第12期","1-2","南京"
"竇獬：[照片]",NA,"中央周刊","1946","第8卷 第6期","19","南京"
"安徽區：周謙",NA,"中央周刊","1946","第8卷 第29期","19","南京"
"（江浙區主任）鄭签清：[照片]",NA,"中央周刊","1946","第8卷 第36期","19","南京"
"（鎭常區主任）竇__：[照片]",NA,"中央周刊","1946","第8卷 第24期","18","南京"
"（甯七區主任）襲順天：[照片]",NA,"中央周刊","1946","第8卷 第24期","18","南京"
"武漢區：趙__之：[照片]",NA,"中央周刊","1946","第8卷 第29期","19","南京"
"新麻醉劑",NA,"中央周刊","1946","第8卷 第29期","16","南京"
"一週時事：外長會議以後的美蘇關係",NA,"中央周刊","1946","第8卷 第20期","13","南京"
"江甯區主任：曹可獄：[照片]",NA,"中央周刊","1946","第8卷 第29期","19","南京"
"（武漢區）趙新毅之：[照片]",NA,"中央周刊","1946","第8卷 第24期","18","南京"
"（副主任）曹振羣：[照片]",NA,"中央周刊","1946","第8卷 第24期","18","南京"
"一週時事：容忍第一",NA,"中央周刊","1946","第8卷 第22期","16","南京"
"一週時事：十萬猶人歸不得",NA,"中央周刊","1946","第8卷 第22期","16","南京"
"新聞以外：“民主與統一”",NA,"中央周刊","1946","第8卷 第34期","4","南京"
"東北問題：東北問題的由來及其演變（本刊特輯）",NA,"中央周刊","1946","第8卷 第19期","9-11","南京"
"美國師範教育的新發展（美國新聞處編譯）",NA,"中央周刊","1946","第8卷 第32期","15","南京"
"編者小言：近月來本刊每期取材……",NA,"中央周刊","1945","第7卷 第28期","8","重庆"
"外長會議與遠東顧問委員會（本刊特輯）",NA,"中央周刊","1945","第7卷 第46期","13-15","重庆"
"受降記（下）",NA,"中央周刊","1945","第7卷 第37-38期","18-23","重庆"
"編者小言：這次本黨召開六全大會……",NA,"中央周刊","1945","第7卷 第19-20期","22","重庆"
"從柏林會議到日本投降（下）（本刊特輯）",NA,"中央周刊","1945","第7卷 第34-35期","17-20","重庆"
"四强管制德國協定於柏林簽署圖示朱可夫將軍總部中之英美代表……：[照片]",NA,"中央周刊","1945","第7卷 第40期","1","重庆"
"德空軍總帥戈林，在五月間於奥大利之傑……：[照片]",NA,"中央周刊","1945","第7卷 第40期","1","重庆"
"五月九日，德海陸空軍聯合作戰部首腦，在柏林正式無條件投降……：[照片]",NA,"中央周刊","1945","第7卷 第40期","1","重庆"
